Sum Datarate,UE1_Datarate,UE2_Datarate,UE3_Datarate,UE4_Datarate,Average Datarate,UE1_SINR(dB),UE2_SINR(dB),UE3_SINR(dB),UE4_SINR(dB),Action(Phase)
0.6088365,0.15223686,0.15219523,0.15220979,0.15219462,0.15220913,-9.53539467,-9.53664207,-9.53620815,-9.53666496,"[3.1415927410125732, 3.1415927410125732, 3.1415927410125732, 3.1415927410125732, 3.1415927410125732, 3.1415927410125732, 3.1415927410125732, 3.1415927410125732, 3.1415927410125732, 3.1415927410125732, 3.1415927410125732, 3.1415927410125732, 3.1415927410125732, 3.1415927410125732, 3.1415927410125732, 3.1415927410125732, 3.1415927410125732, 3.1415927410125732, 3.1415927410125732, 3.1415927410125732, 3.1415927410125732, 3.1415927410125732, 3.1415927410125732, 3.1415927410125732, 3.1415927410125732, 3.1415927410125732, 3.1415927410125732, 3.1415927410125732, 3.1415927410125732, 3.1415927410125732, 3.1415927410125732, 3.1415927410125732, 3.1415927410125732, 3.1415927410125732, 3.1415927410125732, 3.1415927410125732, 3.1415927410125732, 3.1415927410125732, 3.1415927410125732, 3.1415927410125732, 3.1415927410125732, 3.1415927410125732, 3.1415927410125732, 3.1415927410125732, 3.1415927410125732, 3.1415927410125732, 3.1415927410125732, 3.1415927410125732, 3.1415927410125732, 3.1415927410125732, 3.1415927410125732, 3.1415927410125732, 3.1415927410125732, 3.1415927410125732, 3.1415927410125732, 3.1415927410125732, 3.1415927410125732, 3.1415927410125732, 3.1415927410125732, 3.1415927410125732, 3.1415927410125732, 3.1415927410125732, 3.1415927410125732, 3.1415927410125732, 3.1415927410125732, 3.1415927410125732, 3.1415927410125732, 3.1415927410125732, 3.1415927410125732, 3.1415927410125732, 3.1415927410125732, 3.1415927410125732, 3.1415927410125732, 3.1415927410125732, 3.1415927410125732, 3.1415927410125732, 3.1415927410125732, 3.1415927410125732, 3.1415927410125732, 3.1415927410125732, 3.1415927410125732, 3.1415927410125732, 3.1415927410125732, 3.1415927410125732, 3.1415927410125732, 3.1415927410125732, 3.1415927410125732, 3.1415927410125732, 3.1415927410125732, 3.1415927410125732, 3.1415927410125732, 3.1415927410125732, 3.1415927410125732, 3.1415927410125732, 3.1415927410125732, 3.1415927410125732, 3.1415927410125732, 3.1415927410125732, 3.1415927410125732, 3.1415927410125732, 3.1415927410125732, 3.1415927410125732, 3.1415927410125732, 3.1415927410125732, 3.1415927410125732, 3.1415927410125732, 3.1415927410125732, 3.1415927410125732, 3.1415927410125732, 3.1415927410125732, 3.1415927410125732, 3.1415927410125732, 3.1415927410125732, 3.1415927410125732, 3.1415927410125732, 3.1415927410125732, 3.1415927410125732, 3.1415927410125732, 3.1415927410125732, 3.1415927410125732, 3.1415927410125732, 3.1415927410125732, 3.1415927410125732, 3.1415927410125732, 3.1415927410125732, 3.1415927410125732, 3.1415927410125732, 3.1415927410125732, 3.1415927410125732, 3.1415927410125732, 3.1415927410125732, 3.1415927410125732, 3.1415927410125732, 3.1415927410125732, 3.1415927410125732, 3.1415927410125732, 3.1415927410125732, 3.1415927410125732, 3.1415927410125732, 3.1415927410125732, 3.1415927410125732, 3.1415927410125732, 3.1415927410125732, 3.1415927410125732, 3.1415927410125732, 3.1415927410125732, 3.1415927410125732, 3.1415927410125732, 3.1415927410125732, 3.1415927410125732, 3.1415927410125732, 3.1415927410125732, 3.1415927410125732, 3.1415927410125732, 3.1415927410125732, 3.1415927410125732, 3.1415927410125732, 3.1415927410125732, 3.1415927410125732, 3.1415927410125732, 3.1415927410125732, 3.1415927410125732, 3.1415927410125732, 3.1415927410125732, 3.1415927410125732, 3.1415927410125732, 3.1415927410125732, 3.1415927410125732, 3.1415927410125732, 3.1415927410125732, 3.1415927410125732, 3.1415927410125732, 3.1415927410125732, 3.1415927410125732, 3.1415927410125732, 3.1415927410125732, 3.1415927410125732, 3.1415927410125732, 3.1415927410125732, 3.1415927410125732, 3.1415927410125732, 3.1415927410125732, 3.1415927410125732, 3.1415927410125732, 3.1415927410125732, 3.1415927410125732, 3.1415927410125732, 3.1415927410125732, 3.1415927410125732, 3.1415927410125732, 3.1415927410125732, 3.1415927410125732, 3.1415927410125732, 3.1415927410125732, 3.1415927410125732, 3.1415927410125732, 3.1415927410125732, 3.1415927410125732, 3.1415927410125732, 3.1415927410125732, 3.1415927410125732, 3.1415927410125732, 3.1415927410125732, 3.1415927410125732, 3.1415927410125732, 3.1415927410125732, 3.1415927410125732, 3.1415927410125732, 3.1415927410125732, 3.1415927410125732, 3.1415927410125732, 3.1415927410125732, 3.1415927410125732, 3.1415927410125732, 3.1415927410125732, 3.1415927410125732, 3.1415927410125732, 3.1415927410125732, 3.1415927410125732, 3.1415927410125732, 3.1415927410125732, 3.1415927410125732, 3.1415927410125732, 3.1415927410125732, 3.1415927410125732, 3.1415927410125732, 3.1415927410125732, 3.1415927410125732, 3.1415927410125732, 3.1415927410125732, 3.1415927410125732, 3.1415927410125732, 3.1415927410125732, 3.1415927410125732, 3.1415927410125732, 3.1415927410125732, 3.1415927410125732, 3.1415927410125732, 3.1415927410125732, 3.1415927410125732, 3.1415927410125732, 3.1415927410125732, 3.1415927410125732, 3.1415927410125732, 3.1415927410125732, 3.1415927410125732, 3.1415927410125732, 3.1415927410125732, 3.1415927410125732, 3.1415927410125732, 3.1415927410125732, 3.1415927410125732, 3.1415927410125732, 3.1415927410125732, 3.1415927410125732, 3.1415927410125732, 0.0, 0.0, 0.0, 0.0, 0.0, 0.0, 0.0, 0.0, 0.0, 0.0, 0.0, 0.0, 0.0, 0.0, 0.0, 0.0, 3.1415927410125732, 3.1415927410125732, 3.1415927410125732, 3.1415927410125732, 3.1415927410125732, 3.1415927410125732, 3.1415927410125732, 3.1415927410125732, 3.1415927410125732, 3.1415927410125732, 3.1415927410125732, 3.1415927410125732, 3.1415927410125732, 3.1415927410125732, 3.1415927410125732, 3.1415927410125732, 0.0, 0.0, 0.0, 0.0, 0.0, 0.0, 0.0, 0.0, 0.0, 0.0, 0.0, 0.0, 0.0, 0.0, 0.0, 0.0, 3.1415927410125732, 3.1415927410125732, 3.1415927410125732, 3.1415927410125732, 3.1415927410125732, 3.1415927410125732, 3.1415927410125732, 3.1415927410125732, 3.1415927410125732, 3.1415927410125732, 3.1415927410125732, 3.1415927410125732, 3.1415927410125732, 3.1415927410125732, 3.1415927410125732, 3.1415927410125732, 0.0, 0.0, 0.0, 0.0, 0.0, 0.0, 0.0, 0.0, 0.0, 0.0, 0.0, 0.0, 0.0, 0.0, 0.0, 0.0, 3.1415927410125732, 3.1415927410125732, 3.1415927410125732, 3.1415927410125732, 3.1415927410125732, 3.1415927410125732, 3.1415927410125732, 3.1415927410125732, 3.1415927410125732, 3.1415927410125732, 3.1415927410125732, 3.1415927410125732, 3.1415927410125732, 3.1415927410125732, 3.1415927410125732, 3.1415927410125732, 0.0, 0.0, 0.0, 0.0, 0.0, 0.0, 0.0, 0.0, 0.0, 0.0, 0.0, 0.0, 0.0, 0.0, 0.0, 0.0, 3.1415927410125732, 3.1415927410125732, 3.1415927410125732, 3.1415927410125732, 3.1415927410125732, 3.1415927410125732, 3.1415927410125732, 3.1415927410125732, 3.1415927410125732, 3.1415927410125732, 3.1415927410125732, 3.1415927410125732, 3.1415927410125732, 3.1415927410125732, 3.1415927410125732, 3.1415927410125732, 0.0, 0.0, 0.0, 0.0, 0.0, 0.0, 0.0, 0.0, 0.0, 0.0, 0.0, 0.0, 0.0, 0.0, 0.0, 0.0, 3.1415927410125732, 3.1415927410125732, 3.1415927410125732, 3.1415927410125732, 3.1415927410125732, 3.1415927410125732, 3.1415927410125732, 3.1415927410125732, 3.1415927410125732, 3.1415927410125732, 3.1415927410125732, 3.1415927410125732, 3.1415927410125732, 3.1415927410125732, 3.1415927410125732, 3.1415927410125732, 0.0, 0.0, 0.0, 0.0, 0.0, 0.0, 0.0, 0.0, 0.0, 0.0, 0.0, 0.0, 0.0, 0.0, 0.0, 0.0, 3.1415927410125732, 3.1415927410125732, 3.1415927410125732, 3.1415927410125732, 3.1415927410125732, 3.1415927410125732, 3.1415927410125732, 3.1415927410125732, 3.1415927410125732, 3.1415927410125732, 3.1415927410125732, 3.1415927410125732, 3.1415927410125732, 3.1415927410125732, 3.1415927410125732, 3.1415927410125732, 0.0, 0.0, 0.0, 0.0, 0.0, 0.0, 0.0, 0.0, 0.0, 0.0, 0.0, 0.0, 0.0, 0.0, 0.0, 0.0, 3.1415927410125732, 3.1415927410125732, 3.1415927410125732, 3.1415927410125732, 3.1415927410125732, 3.1415927410125732, 3.1415927410125732, 3.1415927410125732, 3.1415927410125732, 3.1415927410125732, 3.1415927410125732, 3.1415927410125732, 3.1415927410125732, 3.1415927410125732, 3.1415927410125732, 3.1415927410125732, 0.0, 0.0, 0.0, 0.0, 0.0, 0.0, 0.0, 0.0, 0.0, 0.0, 0.0, 0.0, 0.0, 0.0, 0.0, 0.0, 3.1415927410125732, 3.1415927410125732, 3.1415927410125732, 3.1415927410125732, 3.1415927410125732, 3.1415927410125732, 3.1415927410125732, 3.1415927410125732, 3.1415927410125732, 3.1415927410125732, 3.1415927410125732, 3.1415927410125732, 3.1415927410125732, 3.1415927410125732, 3.1415927410125732, 3.1415927410125732, 0.0, 0.0, 0.0, 0.0, 0.0, 0.0, 0.0, 0.0, 0.0, 0.0, 0.0, 0.0, 0.0, 0.0, 0.0, 0.0, 0.0, 0.0, 0.0, 0.0, 0.0, 0.0, 0.0, 0.0, 0.0, 0.0, 0.0, 0.0, 0.0, 0.0, 0.0, 0.0, 0.0, 0.0, 0.0, 0.0, 0.0, 0.0, 0.0, 0.0, 0.0, 0.0, 0.0, 0.0, 0.0, 0.0, 0.0, 0.0, 0.0, 0.0, 0.0, 0.0, 0.0, 0.0, 0.0, 0.0, 0.0, 0.0, 0.0, 0.0, 0.0, 0.0, 0.0, 0.0, 0.0, 0.0, 0.0, 0.0, 0.0, 0.0, 0.0, 0.0, 0.0, 0.0, 0.0, 0.0, 0.0, 0.0, 0.0, 0.0, 0.0, 0.0, 0.0, 0.0, 0.0, 0.0, 0.0, 0.0, 0.0, 0.0, 0.0, 0.0, 0.0, 0.0, 0.0, 0.0, 0.0, 0.0, 0.0, 0.0, 0.0, 0.0, 0.0, 0.0, 0.0, 0.0, 0.0, 0.0, 0.0, 0.0, 0.0, 0.0, 0.0, 0.0, 0.0, 0.0, 0.0, 0.0, 0.0, 0.0, 0.0, 0.0, 0.0, 0.0, 0.0, 0.0, 0.0, 0.0, 0.0, 0.0, 0.0, 0.0, 0.0, 0.0, 0.0, 0.0, 0.0, 0.0, 0.0, 0.0, 0.0, 0.0, 0.0, 0.0, 0.0, 0.0, 0.0, 0.0, 0.0, 0.0, 0.0, 0.0, 0.0, 0.0, 0.0, 0.0, 0.0, 0.0, 0.0, 0.0, 0.0, 0.0, 0.0, 0.0, 0.0, 0.0, 0.0, 0.0, 0.0, 0.0, 0.0, 0.0, 0.0, 0.0, 0.0, 0.0, 0.0, 0.0, 0.0, 0.0, 0.0, 0.0, 0.0, 0.0, 0.0, 0.0, 0.0, 0.0, 0.0, 0.0, 0.0, 0.0, 0.0, 0.0, 0.0, 0.0, 0.0, 0.0, 0.0, 0.0, 0.0, 0.0, 0.0, 0.0, 0.0, 0.0, 0.0, 0.0, 0.0, 0.0, 0.0, 0.0, 0.0, 0.0, 0.0, 0.0, 0.0, 0.0, 0.0, 0.0, 0.0, 0.0, 0.0, 0.0, 0.0, 0.0, 0.0, 0.0, 0.0, 0.0, 0.0, 0.0, 0.0, 0.0, 0.0, 0.0, 0.0, 0.0, 0.0, 0.0, 0.0, 0.0, 0.0, 0.0, 0.0, 0.0, 0.0, 0.0, 0.0, 0.0, 0.0, 0.0, 0.0, 0.0, 0.0, 0.0, 0.0, 0.0, 0.0, 0.0, 0.0, 0.0, 0.0, 0.0, 3.1415927410125732, 3.1415927410125732, 3.1415927410125732, 3.1415927410125732, 3.1415927410125732, 3.1415927410125732, 3.1415927410125732, 3.1415927410125732, 0.0, 0.0, 0.0, 0.0, 0.0, 0.0, 0.0, 0.0, 0.0, 0.0, 0.0, 0.0, 0.0, 0.0, 0.0, 0.0, 0.0, 0.0, 0.0, 0.0, 0.0, 0.0, 0.0, 0.0, 3.1415927410125732, 3.1415927410125732, 3.1415927410125732, 3.1415927410125732, 3.1415927410125732, 3.1415927410125732, 3.1415927410125732, 3.1415927410125732, 0.0, 0.0, 0.0, 0.0, 0.0, 0.0, 0.0, 0.0, 0.0, 0.0, 0.0, 0.0, 0.0, 0.0, 0.0, 0.0, 0.0, 0.0, 0.0, 0.0, 0.0, 0.0, 0.0, 0.0, 3.1415927410125732, 3.1415927410125732, 3.1415927410125732, 3.1415927410125732, 3.1415927410125732, 3.1415927410125732, 3.1415927410125732, 3.1415927410125732, 0.0, 0.0, 0.0, 0.0, 0.0, 0.0, 0.0, 0.0, 0.0, 0.0, 0.0, 0.0, 0.0, 0.0, 0.0, 0.0, 0.0, 0.0, 0.0, 0.0, 0.0, 0.0, 0.0, 0.0, 3.1415927410125732, 3.1415927410125732, 3.1415927410125732, 3.1415927410125732, 3.1415927410125732, 3.1415927410125732, 3.1415927410125732, 3.1415927410125732, 0.0, 0.0, 0.0, 0.0, 0.0, 0.0, 0.0, 0.0, 0.0, 0.0, 0.0, 0.0, 0.0, 0.0, 0.0, 0.0, 0.0, 0.0, 0.0, 0.0, 0.0, 0.0, 0.0, 0.0, 3.1415927410125732, 3.1415927410125732, 3.1415927410125732, 3.1415927410125732, 3.1415927410125732, 3.1415927410125732, 3.1415927410125732, 3.1415927410125732, 0.0, 0.0, 0.0, 0.0, 0.0, 0.0, 0.0, 0.0, 0.0, 0.0, 0.0, 0.0, 0.0, 0.0, 0.0, 0.0, 0.0, 0.0, 0.0, 0.0, 0.0, 0.0, 0.0, 0.0, 3.1415927410125732, 3.1415927410125732, 3.1415927410125732, 3.1415927410125732, 3.1415927410125732, 3.1415927410125732, 3.1415927410125732, 3.1415927410125732, 0.0, 0.0, 0.0, 0.0, 0.0, 0.0, 0.0, 0.0, 0.0, 0.0, 0.0, 0.0, 0.0, 0.0, 0.0, 0.0, 0.0, 0.0, 0.0, 0.0, 0.0, 0.0, 0.0, 0.0, 3.1415927410125732, 3.1415927410125732, 3.1415927410125732, 3.1415927410125732, 3.1415927410125732, 3.1415927410125732, 3.1415927410125732, 3.1415927410125732, 0.0, 0.0, 0.0, 0.0, 0.0, 0.0, 0.0, 0.0, 0.0, 0.0, 0.0, 0.0, 0.0, 0.0, 0.0, 0.0, 0.0, 0.0, 0.0, 0.0, 0.0, 0.0, 0.0, 0.0, 3.1415927410125732, 3.1415927410125732, 3.1415927410125732, 3.1415927410125732, 3.1415927410125732, 3.1415927410125732, 3.1415927410125732, 3.1415927410125732, 0.0, 0.0, 0.0, 0.0, 0.0, 0.0, 0.0, 0.0, 0.0, 0.0, 0.0, 0.0, 0.0, 0.0, 0.0, 0.0]"
0.6088365,0.15223686,0.15219523,0.15220979,0.15219462,0.15220913,-9.53539467,-9.53664207,-9.53620815,-9.53666496,"[3.1415927410125732, 3.1415927410125732, 3.1415927410125732, 3.1415927410125732, 3.1415927410125732, 3.1415927410125732, 3.1415927410125732, 3.1415927410125732, 3.1415927410125732, 3.1415927410125732, 3.1415927410125732, 3.1415927410125732, 3.1415927410125732, 3.1415927410125732, 3.1415927410125732, 3.1415927410125732, 3.1415927410125732, 3.1415927410125732, 3.1415927410125732, 3.1415927410125732, 3.1415927410125732, 3.1415927410125732, 3.1415927410125732, 3.1415927410125732, 3.1415927410125732, 3.1415927410125732, 3.1415927410125732, 3.1415927410125732, 3.1415927410125732, 3.1415927410125732, 3.1415927410125732, 3.1415927410125732, 3.1415927410125732, 3.1415927410125732, 3.1415927410125732, 3.1415927410125732, 3.1415927410125732, 3.1415927410125732, 3.1415927410125732, 3.1415927410125732, 3.1415927410125732, 3.1415927410125732, 3.1415927410125732, 3.1415927410125732, 3.1415927410125732, 3.1415927410125732, 3.1415927410125732, 3.1415927410125732, 3.1415927410125732, 3.1415927410125732, 3.1415927410125732, 3.1415927410125732, 3.1415927410125732, 3.1415927410125732, 3.1415927410125732, 3.1415927410125732, 3.1415927410125732, 3.1415927410125732, 3.1415927410125732, 3.1415927410125732, 3.1415927410125732, 3.1415927410125732, 3.1415927410125732, 3.1415927410125732, 3.1415927410125732, 3.1415927410125732, 3.1415927410125732, 3.1415927410125732, 3.1415927410125732, 3.1415927410125732, 3.1415927410125732, 3.1415927410125732, 3.1415927410125732, 3.1415927410125732, 3.1415927410125732, 3.1415927410125732, 3.1415927410125732, 3.1415927410125732, 3.1415927410125732, 3.1415927410125732, 3.1415927410125732, 3.1415927410125732, 3.1415927410125732, 3.1415927410125732, 3.1415927410125732, 3.1415927410125732, 3.1415927410125732, 3.1415927410125732, 3.1415927410125732, 3.1415927410125732, 3.1415927410125732, 3.1415927410125732, 3.1415927410125732, 3.1415927410125732, 3.1415927410125732, 3.1415927410125732, 3.1415927410125732, 3.1415927410125732, 3.1415927410125732, 3.1415927410125732, 3.1415927410125732, 3.1415927410125732, 3.1415927410125732, 3.1415927410125732, 3.1415927410125732, 3.1415927410125732, 3.1415927410125732, 3.1415927410125732, 3.1415927410125732, 3.1415927410125732, 3.1415927410125732, 3.1415927410125732, 3.1415927410125732, 3.1415927410125732, 3.1415927410125732, 3.1415927410125732, 3.1415927410125732, 3.1415927410125732, 3.1415927410125732, 3.1415927410125732, 3.1415927410125732, 3.1415927410125732, 3.1415927410125732, 3.1415927410125732, 3.1415927410125732, 3.1415927410125732, 3.1415927410125732, 3.1415927410125732, 3.1415927410125732, 3.1415927410125732, 3.1415927410125732, 3.1415927410125732, 3.1415927410125732, 3.1415927410125732, 3.1415927410125732, 3.1415927410125732, 3.1415927410125732, 3.1415927410125732, 3.1415927410125732, 3.1415927410125732, 3.1415927410125732, 3.1415927410125732, 3.1415927410125732, 3.1415927410125732, 3.1415927410125732, 3.1415927410125732, 3.1415927410125732, 3.1415927410125732, 3.1415927410125732, 3.1415927410125732, 3.1415927410125732, 3.1415927410125732, 3.1415927410125732, 3.1415927410125732, 3.1415927410125732, 3.1415927410125732, 3.1415927410125732, 3.1415927410125732, 3.1415927410125732, 3.1415927410125732, 3.1415927410125732, 3.1415927410125732, 3.1415927410125732, 3.1415927410125732, 3.1415927410125732, 3.1415927410125732, 3.1415927410125732, 3.1415927410125732, 3.1415927410125732, 3.1415927410125732, 3.1415927410125732, 3.1415927410125732, 3.1415927410125732, 3.1415927410125732, 3.1415927410125732, 3.1415927410125732, 3.1415927410125732, 3.1415927410125732, 3.1415927410125732, 3.1415927410125732, 3.1415927410125732, 3.1415927410125732, 3.1415927410125732, 3.1415927410125732, 3.1415927410125732, 3.1415927410125732, 3.1415927410125732, 3.1415927410125732, 3.1415927410125732, 3.1415927410125732, 3.1415927410125732, 3.1415927410125732, 3.1415927410125732, 3.1415927410125732, 3.1415927410125732, 3.1415927410125732, 3.1415927410125732, 3.1415927410125732, 3.1415927410125732, 3.1415927410125732, 3.1415927410125732, 3.1415927410125732, 3.1415927410125732, 3.1415927410125732, 3.1415927410125732, 3.1415927410125732, 3.1415927410125732, 3.1415927410125732, 3.1415927410125732, 3.1415927410125732, 3.1415927410125732, 3.1415927410125732, 3.1415927410125732, 3.1415927410125732, 3.1415927410125732, 3.1415927410125732, 3.1415927410125732, 3.1415927410125732, 3.1415927410125732, 3.1415927410125732, 3.1415927410125732, 3.1415927410125732, 3.1415927410125732, 3.1415927410125732, 3.1415927410125732, 3.1415927410125732, 3.1415927410125732, 3.1415927410125732, 3.1415927410125732, 3.1415927410125732, 3.1415927410125732, 3.1415927410125732, 3.1415927410125732, 3.1415927410125732, 3.1415927410125732, 3.1415927410125732, 3.1415927410125732, 3.1415927410125732, 3.1415927410125732, 3.1415927410125732, 3.1415927410125732, 3.1415927410125732, 3.1415927410125732, 3.1415927410125732, 3.1415927410125732, 3.1415927410125732, 3.1415927410125732, 3.1415927410125732, 3.1415927410125732, 3.1415927410125732, 3.1415927410125732, 3.1415927410125732, 3.1415927410125732, 3.1415927410125732, 3.1415927410125732, 3.1415927410125732, 0.0, 0.0, 0.0, 0.0, 0.0, 0.0, 0.0, 0.0, 0.0, 0.0, 0.0, 0.0, 0.0, 0.0, 0.0, 0.0, 3.1415927410125732, 3.1415927410125732, 3.1415927410125732, 3.1415927410125732, 3.1415927410125732, 3.1415927410125732, 3.1415927410125732, 3.1415927410125732, 3.1415927410125732, 3.1415927410125732, 3.1415927410125732, 3.1415927410125732, 3.1415927410125732, 3.1415927410125732, 3.1415927410125732, 3.1415927410125732, 0.0, 0.0, 0.0, 0.0, 0.0, 0.0, 0.0, 0.0, 0.0, 0.0, 0.0, 0.0, 0.0, 0.0, 0.0, 0.0, 3.1415927410125732, 3.1415927410125732, 3.1415927410125732, 3.1415927410125732, 3.1415927410125732, 3.1415927410125732, 3.1415927410125732, 3.1415927410125732, 3.1415927410125732, 3.1415927410125732, 3.1415927410125732, 3.1415927410125732, 3.1415927410125732, 3.1415927410125732, 3.1415927410125732, 3.1415927410125732, 0.0, 0.0, 0.0, 0.0, 0.0, 0.0, 0.0, 0.0, 0.0, 0.0, 0.0, 0.0, 0.0, 0.0, 0.0, 0.0, 3.1415927410125732, 3.1415927410125732, 3.1415927410125732, 3.1415927410125732, 3.1415927410125732, 3.1415927410125732, 3.1415927410125732, 3.1415927410125732, 3.1415927410125732, 3.1415927410125732, 3.1415927410125732, 3.1415927410125732, 3.1415927410125732, 3.1415927410125732, 3.1415927410125732, 3.1415927410125732, 0.0, 0.0, 0.0, 0.0, 0.0, 0.0, 0.0, 0.0, 0.0, 0.0, 0.0, 0.0, 0.0, 0.0, 0.0, 0.0, 3.1415927410125732, 3.1415927410125732, 3.1415927410125732, 3.1415927410125732, 3.1415927410125732, 3.1415927410125732, 3.1415927410125732, 3.1415927410125732, 3.1415927410125732, 3.1415927410125732, 3.1415927410125732, 3.1415927410125732, 3.1415927410125732, 3.1415927410125732, 3.1415927410125732, 3.1415927410125732, 0.0, 0.0, 0.0, 0.0, 0.0, 0.0, 0.0, 0.0, 0.0, 0.0, 0.0, 0.0, 0.0, 0.0, 0.0, 0.0, 3.1415927410125732, 3.1415927410125732, 3.1415927410125732, 3.1415927410125732, 3.1415927410125732, 3.1415927410125732, 3.1415927410125732, 3.1415927410125732, 3.1415927410125732, 3.1415927410125732, 3.1415927410125732, 3.1415927410125732, 3.1415927410125732, 3.1415927410125732, 3.1415927410125732, 3.1415927410125732, 0.0, 0.0, 0.0, 0.0, 0.0, 0.0, 0.0, 0.0, 0.0, 0.0, 0.0, 0.0, 0.0, 0.0, 0.0, 0.0, 3.1415927410125732, 3.1415927410125732, 3.1415927410125732, 3.1415927410125732, 3.1415927410125732, 3.1415927410125732, 3.1415927410125732, 3.1415927410125732, 3.1415927410125732, 3.1415927410125732, 3.1415927410125732, 3.1415927410125732, 3.1415927410125732, 3.1415927410125732, 3.1415927410125732, 3.1415927410125732, 0.0, 0.0, 0.0, 0.0, 0.0, 0.0, 0.0, 0.0, 0.0, 0.0, 0.0, 0.0, 0.0, 0.0, 0.0, 0.0, 3.1415927410125732, 3.1415927410125732, 3.1415927410125732, 3.1415927410125732, 3.1415927410125732, 3.1415927410125732, 3.1415927410125732, 3.1415927410125732, 3.1415927410125732, 3.1415927410125732, 3.1415927410125732, 3.1415927410125732, 3.1415927410125732, 3.1415927410125732, 3.1415927410125732, 3.1415927410125732, 0.0, 0.0, 0.0, 0.0, 0.0, 0.0, 0.0, 0.0, 0.0, 0.0, 0.0, 0.0, 0.0, 0.0, 0.0, 0.0, 3.1415927410125732, 3.1415927410125732, 3.1415927410125732, 3.1415927410125732, 3.1415927410125732, 3.1415927410125732, 3.1415927410125732, 3.1415927410125732, 3.1415927410125732, 3.1415927410125732, 3.1415927410125732, 3.1415927410125732, 3.1415927410125732, 3.1415927410125732, 3.1415927410125732, 3.1415927410125732, 0.0, 0.0, 0.0, 0.0, 0.0, 0.0, 0.0, 0.0, 0.0, 0.0, 0.0, 0.0, 0.0, 0.0, 0.0, 0.0, 0.0, 0.0, 0.0, 0.0, 0.0, 0.0, 0.0, 0.0, 0.0, 0.0, 0.0, 0.0, 0.0, 0.0, 0.0, 0.0, 0.0, 0.0, 0.0, 0.0, 0.0, 0.0, 0.0, 0.0, 0.0, 0.0, 0.0, 0.0, 0.0, 0.0, 0.0, 0.0, 0.0, 0.0, 0.0, 0.0, 0.0, 0.0, 0.0, 0.0, 0.0, 0.0, 0.0, 0.0, 0.0, 0.0, 0.0, 0.0, 0.0, 0.0, 0.0, 0.0, 0.0, 0.0, 0.0, 0.0, 0.0, 0.0, 0.0, 0.0, 0.0, 0.0, 0.0, 0.0, 0.0, 0.0, 0.0, 0.0, 0.0, 0.0, 0.0, 0.0, 0.0, 0.0, 0.0, 0.0, 0.0, 0.0, 0.0, 0.0, 0.0, 0.0, 0.0, 0.0, 0.0, 0.0, 0.0, 0.0, 0.0, 0.0, 0.0, 0.0, 0.0, 0.0, 0.0, 0.0, 0.0, 0.0, 0.0, 0.0, 0.0, 0.0, 0.0, 0.0, 0.0, 0.0, 0.0, 0.0, 0.0, 0.0, 0.0, 0.0, 0.0, 0.0, 0.0, 0.0, 0.0, 0.0, 0.0, 0.0, 0.0, 0.0, 0.0, 0.0, 0.0, 0.0, 0.0, 0.0, 0.0, 0.0, 0.0, 0.0, 0.0, 0.0, 0.0, 0.0, 0.0, 0.0, 0.0, 0.0, 0.0, 0.0, 0.0, 0.0, 0.0, 0.0, 0.0, 0.0, 0.0, 0.0, 0.0, 0.0, 0.0, 0.0, 0.0, 0.0, 0.0, 0.0, 0.0, 0.0, 0.0, 0.0, 0.0, 0.0, 0.0, 0.0, 0.0, 0.0, 0.0, 0.0, 0.0, 0.0, 0.0, 0.0, 0.0, 0.0, 0.0, 0.0, 0.0, 0.0, 0.0, 0.0, 0.0, 0.0, 0.0, 0.0, 0.0, 0.0, 0.0, 0.0, 0.0, 0.0, 0.0, 0.0, 0.0, 0.0, 0.0, 0.0, 0.0, 0.0, 0.0, 0.0, 0.0, 0.0, 0.0, 0.0, 0.0, 0.0, 0.0, 0.0, 0.0, 0.0, 0.0, 0.0, 0.0, 0.0, 0.0, 0.0, 0.0, 0.0, 0.0, 0.0, 0.0, 0.0, 0.0, 0.0, 0.0, 0.0, 0.0, 0.0, 0.0, 0.0, 0.0, 0.0, 0.0, 0.0, 0.0, 0.0, 0.0, 0.0, 0.0, 0.0, 0.0, 0.0, 0.0, 0.0, 0.0, 0.0, 3.1415927410125732, 3.1415927410125732, 3.1415927410125732, 3.1415927410125732, 3.1415927410125732, 3.1415927410125732, 3.1415927410125732, 3.1415927410125732, 0.0, 0.0, 0.0, 0.0, 0.0, 0.0, 0.0, 0.0, 0.0, 0.0, 0.0, 0.0, 0.0, 0.0, 0.0, 0.0, 0.0, 0.0, 0.0, 0.0, 0.0, 0.0, 0.0, 0.0, 3.1415927410125732, 3.1415927410125732, 3.1415927410125732, 3.1415927410125732, 3.1415927410125732, 3.1415927410125732, 3.1415927410125732, 3.1415927410125732, 0.0, 0.0, 0.0, 0.0, 0.0, 0.0, 0.0, 0.0, 0.0, 0.0, 0.0, 0.0, 0.0, 0.0, 0.0, 0.0, 0.0, 0.0, 0.0, 0.0, 0.0, 0.0, 0.0, 0.0, 3.1415927410125732, 3.1415927410125732, 3.1415927410125732, 3.1415927410125732, 3.1415927410125732, 3.1415927410125732, 3.1415927410125732, 3.1415927410125732, 0.0, 0.0, 0.0, 0.0, 0.0, 0.0, 0.0, 0.0, 0.0, 0.0, 0.0, 0.0, 0.0, 0.0, 0.0, 0.0, 0.0, 0.0, 0.0, 0.0, 0.0, 0.0, 0.0, 0.0, 3.1415927410125732, 3.1415927410125732, 3.1415927410125732, 3.1415927410125732, 3.1415927410125732, 3.1415927410125732, 3.1415927410125732, 3.1415927410125732, 0.0, 0.0, 0.0, 0.0, 0.0, 0.0, 0.0, 0.0, 0.0, 0.0, 0.0, 0.0, 0.0, 0.0, 0.0, 0.0, 0.0, 0.0, 0.0, 0.0, 0.0, 0.0, 0.0, 0.0, 3.1415927410125732, 3.1415927410125732, 3.1415927410125732, 3.1415927410125732, 3.1415927410125732, 3.1415927410125732, 3.1415927410125732, 3.1415927410125732, 0.0, 0.0, 0.0, 0.0, 0.0, 0.0, 0.0, 0.0, 0.0, 0.0, 0.0, 0.0, 0.0, 0.0, 0.0, 0.0, 0.0, 0.0, 0.0, 0.0, 0.0, 0.0, 0.0, 0.0, 3.1415927410125732, 3.1415927410125732, 3.1415927410125732, 3.1415927410125732, 3.1415927410125732, 3.1415927410125732, 3.1415927410125732, 3.1415927410125732, 0.0, 0.0, 0.0, 0.0, 0.0, 0.0, 0.0, 0.0, 0.0, 0.0, 0.0, 0.0, 0.0, 0.0, 0.0, 0.0, 0.0, 0.0, 0.0, 0.0, 0.0, 0.0, 0.0, 0.0, 3.1415927410125732, 3.1415927410125732, 3.1415927410125732, 3.1415927410125732, 3.1415927410125732, 3.1415927410125732, 3.1415927410125732, 3.1415927410125732, 0.0, 0.0, 0.0, 0.0, 0.0, 0.0, 0.0, 0.0, 0.0, 0.0, 0.0, 0.0, 0.0, 0.0, 0.0, 0.0, 0.0, 0.0, 0.0, 0.0, 0.0, 0.0, 0.0, 0.0, 3.1415927410125732, 3.1415927410125732, 3.1415927410125732, 3.1415927410125732, 3.1415927410125732, 3.1415927410125732, 3.1415927410125732, 3.1415927410125732, 0.0, 0.0, 0.0, 0.0, 0.0, 0.0, 0.0, 0.0, 0.0, 0.0, 0.0, 0.0, 0.0, 0.0, 0.0, 0.0]"
0.6088365,0.15223686,0.15219523,0.15220979,0.15219462,0.15220913,-9.53539467,-9.53664207,-9.53620815,-9.53666496,"[3.1415927410125732, 3.1415927410125732, 3.1415927410125732, 3.1415927410125732, 3.1415927410125732, 3.1415927410125732, 3.1415927410125732, 3.1415927410125732, 3.1415927410125732, 3.1415927410125732, 3.1415927410125732, 3.1415927410125732, 3.1415927410125732, 3.1415927410125732, 3.1415927410125732, 3.1415927410125732, 3.1415927410125732, 3.1415927410125732, 3.1415927410125732, 3.1415927410125732, 3.1415927410125732, 3.1415927410125732, 3.1415927410125732, 3.1415927410125732, 3.1415927410125732, 3.1415927410125732, 3.1415927410125732, 3.1415927410125732, 3.1415927410125732, 3.1415927410125732, 3.1415927410125732, 3.1415927410125732, 3.1415927410125732, 3.1415927410125732, 3.1415927410125732, 3.1415927410125732, 3.1415927410125732, 3.1415927410125732, 3.1415927410125732, 3.1415927410125732, 3.1415927410125732, 3.1415927410125732, 3.1415927410125732, 3.1415927410125732, 3.1415927410125732, 3.1415927410125732, 3.1415927410125732, 3.1415927410125732, 3.1415927410125732, 3.1415927410125732, 3.1415927410125732, 3.1415927410125732, 3.1415927410125732, 3.1415927410125732, 3.1415927410125732, 3.1415927410125732, 3.1415927410125732, 3.1415927410125732, 3.1415927410125732, 3.1415927410125732, 3.1415927410125732, 3.1415927410125732, 3.1415927410125732, 3.1415927410125732, 3.1415927410125732, 3.1415927410125732, 3.1415927410125732, 3.1415927410125732, 3.1415927410125732, 3.1415927410125732, 3.1415927410125732, 3.1415927410125732, 3.1415927410125732, 3.1415927410125732, 3.1415927410125732, 3.1415927410125732, 3.1415927410125732, 3.1415927410125732, 3.1415927410125732, 3.1415927410125732, 3.1415927410125732, 3.1415927410125732, 3.1415927410125732, 3.1415927410125732, 3.1415927410125732, 3.1415927410125732, 3.1415927410125732, 3.1415927410125732, 3.1415927410125732, 3.1415927410125732, 3.1415927410125732, 3.1415927410125732, 3.1415927410125732, 3.1415927410125732, 3.1415927410125732, 3.1415927410125732, 3.1415927410125732, 3.1415927410125732, 3.1415927410125732, 3.1415927410125732, 3.1415927410125732, 3.1415927410125732, 3.1415927410125732, 3.1415927410125732, 3.1415927410125732, 3.1415927410125732, 3.1415927410125732, 3.1415927410125732, 3.1415927410125732, 3.1415927410125732, 3.1415927410125732, 3.1415927410125732, 3.1415927410125732, 3.1415927410125732, 3.1415927410125732, 3.1415927410125732, 3.1415927410125732, 3.1415927410125732, 3.1415927410125732, 3.1415927410125732, 3.1415927410125732, 3.1415927410125732, 3.1415927410125732, 3.1415927410125732, 3.1415927410125732, 3.1415927410125732, 3.1415927410125732, 3.1415927410125732, 3.1415927410125732, 3.1415927410125732, 3.1415927410125732, 3.1415927410125732, 3.1415927410125732, 3.1415927410125732, 3.1415927410125732, 3.1415927410125732, 3.1415927410125732, 3.1415927410125732, 3.1415927410125732, 3.1415927410125732, 3.1415927410125732, 3.1415927410125732, 3.1415927410125732, 3.1415927410125732, 3.1415927410125732, 3.1415927410125732, 3.1415927410125732, 3.1415927410125732, 3.1415927410125732, 3.1415927410125732, 3.1415927410125732, 3.1415927410125732, 3.1415927410125732, 3.1415927410125732, 3.1415927410125732, 3.1415927410125732, 3.1415927410125732, 3.1415927410125732, 3.1415927410125732, 3.1415927410125732, 3.1415927410125732, 3.1415927410125732, 3.1415927410125732, 3.1415927410125732, 3.1415927410125732, 3.1415927410125732, 3.1415927410125732, 3.1415927410125732, 3.1415927410125732, 3.1415927410125732, 3.1415927410125732, 3.1415927410125732, 3.1415927410125732, 3.1415927410125732, 3.1415927410125732, 3.1415927410125732, 3.1415927410125732, 3.1415927410125732, 3.1415927410125732, 3.1415927410125732, 3.1415927410125732, 3.1415927410125732, 3.1415927410125732, 3.1415927410125732, 3.1415927410125732, 3.1415927410125732, 3.1415927410125732, 3.1415927410125732, 3.1415927410125732, 3.1415927410125732, 3.1415927410125732, 3.1415927410125732, 3.1415927410125732, 3.1415927410125732, 3.1415927410125732, 3.1415927410125732, 3.1415927410125732, 3.1415927410125732, 3.1415927410125732, 3.1415927410125732, 3.1415927410125732, 3.1415927410125732, 3.1415927410125732, 3.1415927410125732, 3.1415927410125732, 3.1415927410125732, 3.1415927410125732, 3.1415927410125732, 3.1415927410125732, 3.1415927410125732, 3.1415927410125732, 3.1415927410125732, 3.1415927410125732, 3.1415927410125732, 3.1415927410125732, 3.1415927410125732, 3.1415927410125732, 3.1415927410125732, 3.1415927410125732, 3.1415927410125732, 3.1415927410125732, 3.1415927410125732, 3.1415927410125732, 3.1415927410125732, 3.1415927410125732, 3.1415927410125732, 3.1415927410125732, 3.1415927410125732, 3.1415927410125732, 3.1415927410125732, 3.1415927410125732, 3.1415927410125732, 3.1415927410125732, 3.1415927410125732, 3.1415927410125732, 3.1415927410125732, 3.1415927410125732, 3.1415927410125732, 3.1415927410125732, 3.1415927410125732, 3.1415927410125732, 3.1415927410125732, 3.1415927410125732, 3.1415927410125732, 3.1415927410125732, 3.1415927410125732, 3.1415927410125732, 3.1415927410125732, 3.1415927410125732, 3.1415927410125732, 3.1415927410125732, 3.1415927410125732, 3.1415927410125732, 3.1415927410125732, 3.1415927410125732, 3.1415927410125732, 0.0, 0.0, 0.0, 0.0, 0.0, 0.0, 0.0, 0.0, 0.0, 0.0, 0.0, 0.0, 0.0, 0.0, 0.0, 0.0, 3.1415927410125732, 3.1415927410125732, 3.1415927410125732, 3.1415927410125732, 3.1415927410125732, 3.1415927410125732, 3.1415927410125732, 3.1415927410125732, 3.1415927410125732, 3.1415927410125732, 3.1415927410125732, 3.1415927410125732, 3.1415927410125732, 3.1415927410125732, 3.1415927410125732, 3.1415927410125732, 0.0, 0.0, 0.0, 0.0, 0.0, 0.0, 0.0, 0.0, 0.0, 0.0, 0.0, 0.0, 0.0, 0.0, 0.0, 0.0, 3.1415927410125732, 3.1415927410125732, 3.1415927410125732, 3.1415927410125732, 3.1415927410125732, 3.1415927410125732, 3.1415927410125732, 3.1415927410125732, 3.1415927410125732, 3.1415927410125732, 3.1415927410125732, 3.1415927410125732, 3.1415927410125732, 3.1415927410125732, 3.1415927410125732, 3.1415927410125732, 0.0, 0.0, 0.0, 0.0, 0.0, 0.0, 0.0, 0.0, 0.0, 0.0, 0.0, 0.0, 0.0, 0.0, 0.0, 0.0, 3.1415927410125732, 3.1415927410125732, 3.1415927410125732, 3.1415927410125732, 3.1415927410125732, 3.1415927410125732, 3.1415927410125732, 3.1415927410125732, 3.1415927410125732, 3.1415927410125732, 3.1415927410125732, 3.1415927410125732, 3.1415927410125732, 3.1415927410125732, 3.1415927410125732, 3.1415927410125732, 0.0, 0.0, 0.0, 0.0, 0.0, 0.0, 0.0, 0.0, 0.0, 0.0, 0.0, 0.0, 0.0, 0.0, 0.0, 0.0, 3.1415927410125732, 3.1415927410125732, 3.1415927410125732, 3.1415927410125732, 3.1415927410125732, 3.1415927410125732, 3.1415927410125732, 3.1415927410125732, 3.1415927410125732, 3.1415927410125732, 3.1415927410125732, 3.1415927410125732, 3.1415927410125732, 3.1415927410125732, 3.1415927410125732, 3.1415927410125732, 0.0, 0.0, 0.0, 0.0, 0.0, 0.0, 0.0, 0.0, 0.0, 0.0, 0.0, 0.0, 0.0, 0.0, 0.0, 0.0, 3.1415927410125732, 3.1415927410125732, 3.1415927410125732, 3.1415927410125732, 3.1415927410125732, 3.1415927410125732, 3.1415927410125732, 3.1415927410125732, 3.1415927410125732, 3.1415927410125732, 3.1415927410125732, 3.1415927410125732, 3.1415927410125732, 3.1415927410125732, 3.1415927410125732, 3.1415927410125732, 0.0, 0.0, 0.0, 0.0, 0.0, 0.0, 0.0, 0.0, 0.0, 0.0, 0.0, 0.0, 0.0, 0.0, 0.0, 0.0, 3.1415927410125732, 3.1415927410125732, 3.1415927410125732, 3.1415927410125732, 3.1415927410125732, 3.1415927410125732, 3.1415927410125732, 3.1415927410125732, 3.1415927410125732, 3.1415927410125732, 3.1415927410125732, 3.1415927410125732, 3.1415927410125732, 3.1415927410125732, 3.1415927410125732, 3.1415927410125732, 0.0, 0.0, 0.0, 0.0, 0.0, 0.0, 0.0, 0.0, 0.0, 0.0, 0.0, 0.0, 0.0, 0.0, 0.0, 0.0, 3.1415927410125732, 3.1415927410125732, 3.1415927410125732, 3.1415927410125732, 3.1415927410125732, 3.1415927410125732, 3.1415927410125732, 3.1415927410125732, 3.1415927410125732, 3.1415927410125732, 3.1415927410125732, 3.1415927410125732, 3.1415927410125732, 3.1415927410125732, 3.1415927410125732, 3.1415927410125732, 0.0, 0.0, 0.0, 0.0, 0.0, 0.0, 0.0, 0.0, 0.0, 0.0, 0.0, 0.0, 0.0, 0.0, 0.0, 0.0, 3.1415927410125732, 3.1415927410125732, 3.1415927410125732, 3.1415927410125732, 3.1415927410125732, 3.1415927410125732, 3.1415927410125732, 3.1415927410125732, 3.1415927410125732, 3.1415927410125732, 3.1415927410125732, 3.1415927410125732, 3.1415927410125732, 3.1415927410125732, 3.1415927410125732, 3.1415927410125732, 0.0, 0.0, 0.0, 0.0, 0.0, 0.0, 0.0, 0.0, 0.0, 0.0, 0.0, 0.0, 0.0, 0.0, 0.0, 0.0, 0.0, 0.0, 0.0, 0.0, 0.0, 0.0, 0.0, 0.0, 0.0, 0.0, 0.0, 0.0, 0.0, 0.0, 0.0, 0.0, 0.0, 0.0, 0.0, 0.0, 0.0, 0.0, 0.0, 0.0, 0.0, 0.0, 0.0, 0.0, 0.0, 0.0, 0.0, 0.0, 0.0, 0.0, 0.0, 0.0, 0.0, 0.0, 0.0, 0.0, 0.0, 0.0, 0.0, 0.0, 0.0, 0.0, 0.0, 0.0, 0.0, 0.0, 0.0, 0.0, 0.0, 0.0, 0.0, 0.0, 0.0, 0.0, 0.0, 0.0, 0.0, 0.0, 0.0, 0.0, 0.0, 0.0, 0.0, 0.0, 0.0, 0.0, 0.0, 0.0, 0.0, 0.0, 0.0, 0.0, 0.0, 0.0, 0.0, 0.0, 0.0, 0.0, 0.0, 0.0, 0.0, 0.0, 0.0, 0.0, 0.0, 0.0, 0.0, 0.0, 0.0, 0.0, 0.0, 0.0, 0.0, 0.0, 0.0, 0.0, 0.0, 0.0, 0.0, 0.0, 0.0, 0.0, 0.0, 0.0, 0.0, 0.0, 0.0, 0.0, 0.0, 0.0, 0.0, 0.0, 0.0, 0.0, 0.0, 0.0, 0.0, 0.0, 0.0, 0.0, 0.0, 0.0, 0.0, 0.0, 0.0, 0.0, 0.0, 0.0, 0.0, 0.0, 0.0, 0.0, 0.0, 0.0, 0.0, 0.0, 0.0, 0.0, 0.0, 0.0, 0.0, 0.0, 0.0, 0.0, 0.0, 0.0, 0.0, 0.0, 0.0, 0.0, 0.0, 0.0, 0.0, 0.0, 0.0, 0.0, 0.0, 0.0, 0.0, 0.0, 0.0, 0.0, 0.0, 0.0, 0.0, 0.0, 0.0, 0.0, 0.0, 0.0, 0.0, 0.0, 0.0, 0.0, 0.0, 0.0, 0.0, 0.0, 0.0, 0.0, 0.0, 0.0, 0.0, 0.0, 0.0, 0.0, 0.0, 0.0, 0.0, 0.0, 0.0, 0.0, 0.0, 0.0, 0.0, 0.0, 0.0, 0.0, 0.0, 0.0, 0.0, 0.0, 0.0, 0.0, 0.0, 0.0, 0.0, 0.0, 0.0, 0.0, 0.0, 0.0, 0.0, 0.0, 0.0, 0.0, 0.0, 0.0, 0.0, 0.0, 0.0, 0.0, 0.0, 0.0, 0.0, 0.0, 0.0, 0.0, 0.0, 0.0, 0.0, 0.0, 0.0, 0.0, 0.0, 0.0, 0.0, 0.0, 0.0, 0.0, 0.0, 0.0, 0.0, 0.0, 3.1415927410125732, 3.1415927410125732, 3.1415927410125732, 3.1415927410125732, 3.1415927410125732, 3.1415927410125732, 3.1415927410125732, 3.1415927410125732, 0.0, 0.0, 0.0, 0.0, 0.0, 0.0, 0.0, 0.0, 0.0, 0.0, 0.0, 0.0, 0.0, 0.0, 0.0, 0.0, 0.0, 0.0, 0.0, 0.0, 0.0, 0.0, 0.0, 0.0, 3.1415927410125732, 3.1415927410125732, 3.1415927410125732, 3.1415927410125732, 3.1415927410125732, 3.1415927410125732, 3.1415927410125732, 3.1415927410125732, 0.0, 0.0, 0.0, 0.0, 0.0, 0.0, 0.0, 0.0, 0.0, 0.0, 0.0, 0.0, 0.0, 0.0, 0.0, 0.0, 0.0, 0.0, 0.0, 0.0, 0.0, 0.0, 0.0, 0.0, 3.1415927410125732, 3.1415927410125732, 3.1415927410125732, 3.1415927410125732, 3.1415927410125732, 3.1415927410125732, 3.1415927410125732, 3.1415927410125732, 0.0, 0.0, 0.0, 0.0, 0.0, 0.0, 0.0, 0.0, 0.0, 0.0, 0.0, 0.0, 0.0, 0.0, 0.0, 0.0, 0.0, 0.0, 0.0, 0.0, 0.0, 0.0, 0.0, 0.0, 3.1415927410125732, 3.1415927410125732, 3.1415927410125732, 3.1415927410125732, 3.1415927410125732, 3.1415927410125732, 3.1415927410125732, 3.1415927410125732, 0.0, 0.0, 0.0, 0.0, 0.0, 0.0, 0.0, 0.0, 0.0, 0.0, 0.0, 0.0, 0.0, 0.0, 0.0, 0.0, 0.0, 0.0, 0.0, 0.0, 0.0, 0.0, 0.0, 0.0, 3.1415927410125732, 3.1415927410125732, 3.1415927410125732, 3.1415927410125732, 3.1415927410125732, 3.1415927410125732, 3.1415927410125732, 3.1415927410125732, 0.0, 0.0, 0.0, 0.0, 0.0, 0.0, 0.0, 0.0, 0.0, 0.0, 0.0, 0.0, 0.0, 0.0, 0.0, 0.0, 0.0, 0.0, 0.0, 0.0, 0.0, 0.0, 0.0, 0.0, 3.1415927410125732, 3.1415927410125732, 3.1415927410125732, 3.1415927410125732, 3.1415927410125732, 3.1415927410125732, 3.1415927410125732, 3.1415927410125732, 0.0, 0.0, 0.0, 0.0, 0.0, 0.0, 0.0, 0.0, 0.0, 0.0, 0.0, 0.0, 0.0, 0.0, 0.0, 0.0, 0.0, 0.0, 0.0, 0.0, 0.0, 0.0, 0.0, 0.0, 3.1415927410125732, 3.1415927410125732, 3.1415927410125732, 3.1415927410125732, 3.1415927410125732, 3.1415927410125732, 3.1415927410125732, 3.1415927410125732, 0.0, 0.0, 0.0, 0.0, 0.0, 0.0, 0.0, 0.0, 0.0, 0.0, 0.0, 0.0, 0.0, 0.0, 0.0, 0.0, 0.0, 0.0, 0.0, 0.0, 0.0, 0.0, 0.0, 0.0, 3.1415927410125732, 3.1415927410125732, 3.1415927410125732, 3.1415927410125732, 3.1415927410125732, 3.1415927410125732, 3.1415927410125732, 3.1415927410125732, 0.0, 0.0, 0.0, 0.0, 0.0, 0.0, 0.0, 0.0, 0.0, 0.0, 0.0, 0.0, 0.0, 0.0, 0.0, 0.0]"
0.6088365,0.15223686,0.15219523,0.15220979,0.15219462,0.15220913,-9.53539467,-9.53664207,-9.53620815,-9.53666496,"[3.1415927410125732, 3.1415927410125732, 3.1415927410125732, 3.1415927410125732, 3.1415927410125732, 3.1415927410125732, 3.1415927410125732, 3.1415927410125732, 3.1415927410125732, 3.1415927410125732, 3.1415927410125732, 3.1415927410125732, 3.1415927410125732, 3.1415927410125732, 3.1415927410125732, 3.1415927410125732, 3.1415927410125732, 3.1415927410125732, 3.1415927410125732, 3.1415927410125732, 3.1415927410125732, 3.1415927410125732, 3.1415927410125732, 3.1415927410125732, 3.1415927410125732, 3.1415927410125732, 3.1415927410125732, 3.1415927410125732, 3.1415927410125732, 3.1415927410125732, 3.1415927410125732, 3.1415927410125732, 3.1415927410125732, 3.1415927410125732, 3.1415927410125732, 3.1415927410125732, 3.1415927410125732, 3.1415927410125732, 3.1415927410125732, 3.1415927410125732, 3.1415927410125732, 3.1415927410125732, 3.1415927410125732, 3.1415927410125732, 3.1415927410125732, 3.1415927410125732, 3.1415927410125732, 3.1415927410125732, 3.1415927410125732, 3.1415927410125732, 3.1415927410125732, 3.1415927410125732, 3.1415927410125732, 3.1415927410125732, 3.1415927410125732, 3.1415927410125732, 3.1415927410125732, 3.1415927410125732, 3.1415927410125732, 3.1415927410125732, 3.1415927410125732, 3.1415927410125732, 3.1415927410125732, 3.1415927410125732, 3.1415927410125732, 3.1415927410125732, 3.1415927410125732, 3.1415927410125732, 3.1415927410125732, 3.1415927410125732, 3.1415927410125732, 3.1415927410125732, 3.1415927410125732, 3.1415927410125732, 3.1415927410125732, 3.1415927410125732, 3.1415927410125732, 3.1415927410125732, 3.1415927410125732, 3.1415927410125732, 3.1415927410125732, 3.1415927410125732, 3.1415927410125732, 3.1415927410125732, 3.1415927410125732, 3.1415927410125732, 3.1415927410125732, 3.1415927410125732, 3.1415927410125732, 3.1415927410125732, 3.1415927410125732, 3.1415927410125732, 3.1415927410125732, 3.1415927410125732, 3.1415927410125732, 3.1415927410125732, 3.1415927410125732, 3.1415927410125732, 3.1415927410125732, 3.1415927410125732, 3.1415927410125732, 3.1415927410125732, 3.1415927410125732, 3.1415927410125732, 3.1415927410125732, 3.1415927410125732, 3.1415927410125732, 3.1415927410125732, 3.1415927410125732, 3.1415927410125732, 3.1415927410125732, 3.1415927410125732, 3.1415927410125732, 3.1415927410125732, 3.1415927410125732, 3.1415927410125732, 3.1415927410125732, 3.1415927410125732, 3.1415927410125732, 3.1415927410125732, 3.1415927410125732, 3.1415927410125732, 3.1415927410125732, 3.1415927410125732, 3.1415927410125732, 3.1415927410125732, 3.1415927410125732, 3.1415927410125732, 3.1415927410125732, 3.1415927410125732, 3.1415927410125732, 3.1415927410125732, 3.1415927410125732, 3.1415927410125732, 3.1415927410125732, 3.1415927410125732, 3.1415927410125732, 3.1415927410125732, 3.1415927410125732, 3.1415927410125732, 3.1415927410125732, 3.1415927410125732, 3.1415927410125732, 3.1415927410125732, 3.1415927410125732, 3.1415927410125732, 3.1415927410125732, 3.1415927410125732, 3.1415927410125732, 3.1415927410125732, 3.1415927410125732, 3.1415927410125732, 3.1415927410125732, 3.1415927410125732, 3.1415927410125732, 3.1415927410125732, 3.1415927410125732, 3.1415927410125732, 3.1415927410125732, 3.1415927410125732, 3.1415927410125732, 3.1415927410125732, 3.1415927410125732, 3.1415927410125732, 3.1415927410125732, 3.1415927410125732, 3.1415927410125732, 3.1415927410125732, 3.1415927410125732, 3.1415927410125732, 3.1415927410125732, 3.1415927410125732, 3.1415927410125732, 3.1415927410125732, 3.1415927410125732, 3.1415927410125732, 3.1415927410125732, 3.1415927410125732, 3.1415927410125732, 3.1415927410125732, 3.1415927410125732, 3.1415927410125732, 3.1415927410125732, 3.1415927410125732, 3.1415927410125732, 3.1415927410125732, 3.1415927410125732, 3.1415927410125732, 3.1415927410125732, 3.1415927410125732, 3.1415927410125732, 3.1415927410125732, 3.1415927410125732, 3.1415927410125732, 3.1415927410125732, 3.1415927410125732, 3.1415927410125732, 3.1415927410125732, 3.1415927410125732, 3.1415927410125732, 3.1415927410125732, 3.1415927410125732, 3.1415927410125732, 3.1415927410125732, 3.1415927410125732, 3.1415927410125732, 3.1415927410125732, 3.1415927410125732, 3.1415927410125732, 3.1415927410125732, 3.1415927410125732, 3.1415927410125732, 3.1415927410125732, 3.1415927410125732, 3.1415927410125732, 3.1415927410125732, 3.1415927410125732, 3.1415927410125732, 3.1415927410125732, 3.1415927410125732, 3.1415927410125732, 3.1415927410125732, 3.1415927410125732, 3.1415927410125732, 3.1415927410125732, 3.1415927410125732, 3.1415927410125732, 3.1415927410125732, 3.1415927410125732, 3.1415927410125732, 3.1415927410125732, 3.1415927410125732, 3.1415927410125732, 3.1415927410125732, 3.1415927410125732, 3.1415927410125732, 3.1415927410125732, 3.1415927410125732, 3.1415927410125732, 3.1415927410125732, 3.1415927410125732, 3.1415927410125732, 3.1415927410125732, 3.1415927410125732, 3.1415927410125732, 3.1415927410125732, 3.1415927410125732, 3.1415927410125732, 3.1415927410125732, 3.1415927410125732, 3.1415927410125732, 3.1415927410125732, 3.1415927410125732, 3.1415927410125732, 3.1415927410125732, 3.1415927410125732, 0.0, 0.0, 0.0, 0.0, 0.0, 0.0, 0.0, 0.0, 0.0, 0.0, 0.0, 0.0, 0.0, 0.0, 0.0, 0.0, 3.1415927410125732, 3.1415927410125732, 3.1415927410125732, 3.1415927410125732, 3.1415927410125732, 3.1415927410125732, 3.1415927410125732, 3.1415927410125732, 3.1415927410125732, 3.1415927410125732, 3.1415927410125732, 3.1415927410125732, 3.1415927410125732, 3.1415927410125732, 3.1415927410125732, 3.1415927410125732, 0.0, 0.0, 0.0, 0.0, 0.0, 0.0, 0.0, 0.0, 0.0, 0.0, 0.0, 0.0, 0.0, 0.0, 0.0, 0.0, 3.1415927410125732, 3.1415927410125732, 3.1415927410125732, 3.1415927410125732, 3.1415927410125732, 3.1415927410125732, 3.1415927410125732, 3.1415927410125732, 3.1415927410125732, 3.1415927410125732, 3.1415927410125732, 3.1415927410125732, 3.1415927410125732, 3.1415927410125732, 3.1415927410125732, 3.1415927410125732, 0.0, 0.0, 0.0, 0.0, 0.0, 0.0, 0.0, 0.0, 0.0, 0.0, 0.0, 0.0, 0.0, 0.0, 0.0, 0.0, 3.1415927410125732, 3.1415927410125732, 3.1415927410125732, 3.1415927410125732, 3.1415927410125732, 3.1415927410125732, 3.1415927410125732, 3.1415927410125732, 3.1415927410125732, 3.1415927410125732, 3.1415927410125732, 3.1415927410125732, 3.1415927410125732, 3.1415927410125732, 3.1415927410125732, 3.1415927410125732, 0.0, 0.0, 0.0, 0.0, 0.0, 0.0, 0.0, 0.0, 0.0, 0.0, 0.0, 0.0, 0.0, 0.0, 0.0, 0.0, 3.1415927410125732, 3.1415927410125732, 3.1415927410125732, 3.1415927410125732, 3.1415927410125732, 3.1415927410125732, 3.1415927410125732, 3.1415927410125732, 3.1415927410125732, 3.1415927410125732, 3.1415927410125732, 3.1415927410125732, 3.1415927410125732, 3.1415927410125732, 3.1415927410125732, 3.1415927410125732, 0.0, 0.0, 0.0, 0.0, 0.0, 0.0, 0.0, 0.0, 0.0, 0.0, 0.0, 0.0, 0.0, 0.0, 0.0, 0.0, 3.1415927410125732, 3.1415927410125732, 3.1415927410125732, 3.1415927410125732, 3.1415927410125732, 3.1415927410125732, 3.1415927410125732, 3.1415927410125732, 3.1415927410125732, 3.1415927410125732, 3.1415927410125732, 3.1415927410125732, 3.1415927410125732, 3.1415927410125732, 3.1415927410125732, 3.1415927410125732, 0.0, 0.0, 0.0, 0.0, 0.0, 0.0, 0.0, 0.0, 0.0, 0.0, 0.0, 0.0, 0.0, 0.0, 0.0, 0.0, 3.1415927410125732, 3.1415927410125732, 3.1415927410125732, 3.1415927410125732, 3.1415927410125732, 3.1415927410125732, 3.1415927410125732, 3.1415927410125732, 3.1415927410125732, 3.1415927410125732, 3.1415927410125732, 3.1415927410125732, 3.1415927410125732, 3.1415927410125732, 3.1415927410125732, 3.1415927410125732, 0.0, 0.0, 0.0, 0.0, 0.0, 0.0, 0.0, 0.0, 0.0, 0.0, 0.0, 0.0, 0.0, 0.0, 0.0, 0.0, 3.1415927410125732, 3.1415927410125732, 3.1415927410125732, 3.1415927410125732, 3.1415927410125732, 3.1415927410125732, 3.1415927410125732, 3.1415927410125732, 3.1415927410125732, 3.1415927410125732, 3.1415927410125732, 3.1415927410125732, 3.1415927410125732, 3.1415927410125732, 3.1415927410125732, 3.1415927410125732, 0.0, 0.0, 0.0, 0.0, 0.0, 0.0, 0.0, 0.0, 0.0, 0.0, 0.0, 0.0, 0.0, 0.0, 0.0, 0.0, 3.1415927410125732, 3.1415927410125732, 3.1415927410125732, 3.1415927410125732, 3.1415927410125732, 3.1415927410125732, 3.1415927410125732, 3.1415927410125732, 3.1415927410125732, 3.1415927410125732, 3.1415927410125732, 3.1415927410125732, 3.1415927410125732, 3.1415927410125732, 3.1415927410125732, 3.1415927410125732, 0.0, 0.0, 0.0, 0.0, 0.0, 0.0, 0.0, 0.0, 0.0, 0.0, 0.0, 0.0, 0.0, 0.0, 0.0, 0.0, 0.0, 0.0, 0.0, 0.0, 0.0, 0.0, 0.0, 0.0, 0.0, 0.0, 0.0, 0.0, 0.0, 0.0, 0.0, 0.0, 0.0, 0.0, 0.0, 0.0, 0.0, 0.0, 0.0, 0.0, 0.0, 0.0, 0.0, 0.0, 0.0, 0.0, 0.0, 0.0, 0.0, 0.0, 0.0, 0.0, 0.0, 0.0, 0.0, 0.0, 0.0, 0.0, 0.0, 0.0, 0.0, 0.0, 0.0, 0.0, 0.0, 0.0, 0.0, 0.0, 0.0, 0.0, 0.0, 0.0, 0.0, 0.0, 0.0, 0.0, 0.0, 0.0, 0.0, 0.0, 0.0, 0.0, 0.0, 0.0, 0.0, 0.0, 0.0, 0.0, 0.0, 0.0, 0.0, 0.0, 0.0, 0.0, 0.0, 0.0, 0.0, 0.0, 0.0, 0.0, 0.0, 0.0, 0.0, 0.0, 0.0, 0.0, 0.0, 0.0, 0.0, 0.0, 0.0, 0.0, 0.0, 0.0, 0.0, 0.0, 0.0, 0.0, 0.0, 0.0, 0.0, 0.0, 0.0, 0.0, 0.0, 0.0, 0.0, 0.0, 0.0, 0.0, 0.0, 0.0, 0.0, 0.0, 0.0, 0.0, 0.0, 0.0, 0.0, 0.0, 0.0, 0.0, 0.0, 0.0, 0.0, 0.0, 0.0, 0.0, 0.0, 0.0, 0.0, 0.0, 0.0, 0.0, 0.0, 0.0, 0.0, 0.0, 0.0, 0.0, 0.0, 0.0, 0.0, 0.0, 0.0, 0.0, 0.0, 0.0, 0.0, 0.0, 0.0, 0.0, 0.0, 0.0, 0.0, 0.0, 0.0, 0.0, 0.0, 0.0, 0.0, 0.0, 0.0, 0.0, 0.0, 0.0, 0.0, 0.0, 0.0, 0.0, 0.0, 0.0, 0.0, 0.0, 0.0, 0.0, 0.0, 0.0, 0.0, 0.0, 0.0, 0.0, 0.0, 0.0, 0.0, 0.0, 0.0, 0.0, 0.0, 0.0, 0.0, 0.0, 0.0, 0.0, 0.0, 0.0, 0.0, 0.0, 0.0, 0.0, 0.0, 0.0, 0.0, 0.0, 0.0, 0.0, 0.0, 0.0, 0.0, 0.0, 0.0, 0.0, 0.0, 0.0, 0.0, 0.0, 0.0, 0.0, 0.0, 0.0, 0.0, 0.0, 0.0, 0.0, 0.0, 0.0, 0.0, 0.0, 0.0, 0.0, 0.0, 0.0, 0.0, 0.0, 0.0, 0.0, 0.0, 0.0, 0.0, 0.0, 0.0, 0.0, 0.0, 0.0, 3.1415927410125732, 3.1415927410125732, 3.1415927410125732, 3.1415927410125732, 3.1415927410125732, 3.1415927410125732, 3.1415927410125732, 3.1415927410125732, 0.0, 0.0, 0.0, 0.0, 0.0, 0.0, 0.0, 0.0, 0.0, 0.0, 0.0, 0.0, 0.0, 0.0, 0.0, 0.0, 0.0, 0.0, 0.0, 0.0, 0.0, 0.0, 0.0, 0.0, 3.1415927410125732, 3.1415927410125732, 3.1415927410125732, 3.1415927410125732, 3.1415927410125732, 3.1415927410125732, 3.1415927410125732, 3.1415927410125732, 0.0, 0.0, 0.0, 0.0, 0.0, 0.0, 0.0, 0.0, 0.0, 0.0, 0.0, 0.0, 0.0, 0.0, 0.0, 0.0, 0.0, 0.0, 0.0, 0.0, 0.0, 0.0, 0.0, 0.0, 3.1415927410125732, 3.1415927410125732, 3.1415927410125732, 3.1415927410125732, 3.1415927410125732, 3.1415927410125732, 3.1415927410125732, 3.1415927410125732, 0.0, 0.0, 0.0, 0.0, 0.0, 0.0, 0.0, 0.0, 0.0, 0.0, 0.0, 0.0, 0.0, 0.0, 0.0, 0.0, 0.0, 0.0, 0.0, 0.0, 0.0, 0.0, 0.0, 0.0, 3.1415927410125732, 3.1415927410125732, 3.1415927410125732, 3.1415927410125732, 3.1415927410125732, 3.1415927410125732, 3.1415927410125732, 3.1415927410125732, 0.0, 0.0, 0.0, 0.0, 0.0, 0.0, 0.0, 0.0, 0.0, 0.0, 0.0, 0.0, 0.0, 0.0, 0.0, 0.0, 0.0, 0.0, 0.0, 0.0, 0.0, 0.0, 0.0, 0.0, 3.1415927410125732, 3.1415927410125732, 3.1415927410125732, 3.1415927410125732, 3.1415927410125732, 3.1415927410125732, 3.1415927410125732, 3.1415927410125732, 0.0, 0.0, 0.0, 0.0, 0.0, 0.0, 0.0, 0.0, 0.0, 0.0, 0.0, 0.0, 0.0, 0.0, 0.0, 0.0, 0.0, 0.0, 0.0, 0.0, 0.0, 0.0, 0.0, 0.0, 3.1415927410125732, 3.1415927410125732, 3.1415927410125732, 3.1415927410125732, 3.1415927410125732, 3.1415927410125732, 3.1415927410125732, 3.1415927410125732, 0.0, 0.0, 0.0, 0.0, 0.0, 0.0, 0.0, 0.0, 0.0, 0.0, 0.0, 0.0, 0.0, 0.0, 0.0, 0.0, 0.0, 0.0, 0.0, 0.0, 0.0, 0.0, 0.0, 0.0, 3.1415927410125732, 3.1415927410125732, 3.1415927410125732, 3.1415927410125732, 3.1415927410125732, 3.1415927410125732, 3.1415927410125732, 3.1415927410125732, 0.0, 0.0, 0.0, 0.0, 0.0, 0.0, 0.0, 0.0, 0.0, 0.0, 0.0, 0.0, 0.0, 0.0, 0.0, 0.0, 0.0, 0.0, 0.0, 0.0, 0.0, 0.0, 0.0, 0.0, 3.1415927410125732, 3.1415927410125732, 3.1415927410125732, 3.1415927410125732, 3.1415927410125732, 3.1415927410125732, 3.1415927410125732, 3.1415927410125732, 0.0, 0.0, 0.0, 0.0, 0.0, 0.0, 0.0, 0.0, 0.0, 0.0, 0.0, 0.0, 0.0, 0.0, 0.0, 0.0]"
0.6088365,0.15223686,0.15219523,0.15220979,0.15219462,0.15220913,-9.53539467,-9.53664207,-9.53620815,-9.53666496,"[3.1415927410125732, 3.1415927410125732, 3.1415927410125732, 3.1415927410125732, 3.1415927410125732, 3.1415927410125732, 3.1415927410125732, 3.1415927410125732, 3.1415927410125732, 3.1415927410125732, 3.1415927410125732, 3.1415927410125732, 3.1415927410125732, 3.1415927410125732, 3.1415927410125732, 3.1415927410125732, 3.1415927410125732, 3.1415927410125732, 3.1415927410125732, 3.1415927410125732, 3.1415927410125732, 3.1415927410125732, 3.1415927410125732, 3.1415927410125732, 3.1415927410125732, 3.1415927410125732, 3.1415927410125732, 3.1415927410125732, 3.1415927410125732, 3.1415927410125732, 3.1415927410125732, 3.1415927410125732, 3.1415927410125732, 3.1415927410125732, 3.1415927410125732, 3.1415927410125732, 3.1415927410125732, 3.1415927410125732, 3.1415927410125732, 3.1415927410125732, 3.1415927410125732, 3.1415927410125732, 3.1415927410125732, 3.1415927410125732, 3.1415927410125732, 3.1415927410125732, 3.1415927410125732, 3.1415927410125732, 3.1415927410125732, 3.1415927410125732, 3.1415927410125732, 3.1415927410125732, 3.1415927410125732, 3.1415927410125732, 3.1415927410125732, 3.1415927410125732, 3.1415927410125732, 3.1415927410125732, 3.1415927410125732, 3.1415927410125732, 3.1415927410125732, 3.1415927410125732, 3.1415927410125732, 3.1415927410125732, 3.1415927410125732, 3.1415927410125732, 3.1415927410125732, 3.1415927410125732, 3.1415927410125732, 3.1415927410125732, 3.1415927410125732, 3.1415927410125732, 3.1415927410125732, 3.1415927410125732, 3.1415927410125732, 3.1415927410125732, 3.1415927410125732, 3.1415927410125732, 3.1415927410125732, 3.1415927410125732, 3.1415927410125732, 3.1415927410125732, 3.1415927410125732, 3.1415927410125732, 3.1415927410125732, 3.1415927410125732, 3.1415927410125732, 3.1415927410125732, 3.1415927410125732, 3.1415927410125732, 3.1415927410125732, 3.1415927410125732, 3.1415927410125732, 3.1415927410125732, 3.1415927410125732, 3.1415927410125732, 3.1415927410125732, 3.1415927410125732, 3.1415927410125732, 3.1415927410125732, 3.1415927410125732, 3.1415927410125732, 3.1415927410125732, 3.1415927410125732, 3.1415927410125732, 3.1415927410125732, 3.1415927410125732, 3.1415927410125732, 3.1415927410125732, 3.1415927410125732, 3.1415927410125732, 3.1415927410125732, 3.1415927410125732, 3.1415927410125732, 3.1415927410125732, 3.1415927410125732, 3.1415927410125732, 3.1415927410125732, 3.1415927410125732, 3.1415927410125732, 3.1415927410125732, 3.1415927410125732, 3.1415927410125732, 3.1415927410125732, 3.1415927410125732, 3.1415927410125732, 3.1415927410125732, 3.1415927410125732, 3.1415927410125732, 3.1415927410125732, 3.1415927410125732, 3.1415927410125732, 3.1415927410125732, 3.1415927410125732, 3.1415927410125732, 3.1415927410125732, 3.1415927410125732, 3.1415927410125732, 3.1415927410125732, 3.1415927410125732, 3.1415927410125732, 3.1415927410125732, 3.1415927410125732, 3.1415927410125732, 3.1415927410125732, 3.1415927410125732, 3.1415927410125732, 3.1415927410125732, 3.1415927410125732, 3.1415927410125732, 3.1415927410125732, 3.1415927410125732, 3.1415927410125732, 3.1415927410125732, 3.1415927410125732, 3.1415927410125732, 3.1415927410125732, 3.1415927410125732, 3.1415927410125732, 3.1415927410125732, 3.1415927410125732, 3.1415927410125732, 3.1415927410125732, 3.1415927410125732, 3.1415927410125732, 3.1415927410125732, 3.1415927410125732, 3.1415927410125732, 3.1415927410125732, 3.1415927410125732, 3.1415927410125732, 3.1415927410125732, 3.1415927410125732, 3.1415927410125732, 3.1415927410125732, 3.1415927410125732, 3.1415927410125732, 3.1415927410125732, 3.1415927410125732, 3.1415927410125732, 3.1415927410125732, 3.1415927410125732, 3.1415927410125732, 3.1415927410125732, 3.1415927410125732, 3.1415927410125732, 3.1415927410125732, 3.1415927410125732, 3.1415927410125732, 3.1415927410125732, 3.1415927410125732, 3.1415927410125732, 3.1415927410125732, 3.1415927410125732, 3.1415927410125732, 3.1415927410125732, 3.1415927410125732, 3.1415927410125732, 3.1415927410125732, 3.1415927410125732, 3.1415927410125732, 3.1415927410125732, 3.1415927410125732, 3.1415927410125732, 3.1415927410125732, 3.1415927410125732, 3.1415927410125732, 3.1415927410125732, 3.1415927410125732, 3.1415927410125732, 3.1415927410125732, 3.1415927410125732, 3.1415927410125732, 3.1415927410125732, 3.1415927410125732, 3.1415927410125732, 3.1415927410125732, 3.1415927410125732, 3.1415927410125732, 3.1415927410125732, 3.1415927410125732, 3.1415927410125732, 3.1415927410125732, 3.1415927410125732, 3.1415927410125732, 3.1415927410125732, 3.1415927410125732, 3.1415927410125732, 3.1415927410125732, 3.1415927410125732, 3.1415927410125732, 3.1415927410125732, 3.1415927410125732, 3.1415927410125732, 3.1415927410125732, 3.1415927410125732, 3.1415927410125732, 3.1415927410125732, 3.1415927410125732, 3.1415927410125732, 3.1415927410125732, 3.1415927410125732, 3.1415927410125732, 3.1415927410125732, 3.1415927410125732, 3.1415927410125732, 3.1415927410125732, 3.1415927410125732, 3.1415927410125732, 3.1415927410125732, 3.1415927410125732, 3.1415927410125732, 3.1415927410125732, 3.1415927410125732, 3.1415927410125732, 3.1415927410125732, 0.0, 0.0, 0.0, 0.0, 0.0, 0.0, 0.0, 0.0, 0.0, 0.0, 0.0, 0.0, 0.0, 0.0, 0.0, 0.0, 3.1415927410125732, 3.1415927410125732, 3.1415927410125732, 3.1415927410125732, 3.1415927410125732, 3.1415927410125732, 3.1415927410125732, 3.1415927410125732, 3.1415927410125732, 3.1415927410125732, 3.1415927410125732, 3.1415927410125732, 3.1415927410125732, 3.1415927410125732, 3.1415927410125732, 3.1415927410125732, 0.0, 0.0, 0.0, 0.0, 0.0, 0.0, 0.0, 0.0, 0.0, 0.0, 0.0, 0.0, 0.0, 0.0, 0.0, 0.0, 3.1415927410125732, 3.1415927410125732, 3.1415927410125732, 3.1415927410125732, 3.1415927410125732, 3.1415927410125732, 3.1415927410125732, 3.1415927410125732, 3.1415927410125732, 3.1415927410125732, 3.1415927410125732, 3.1415927410125732, 3.1415927410125732, 3.1415927410125732, 3.1415927410125732, 3.1415927410125732, 0.0, 0.0, 0.0, 0.0, 0.0, 0.0, 0.0, 0.0, 0.0, 0.0, 0.0, 0.0, 0.0, 0.0, 0.0, 0.0, 3.1415927410125732, 3.1415927410125732, 3.1415927410125732, 3.1415927410125732, 3.1415927410125732, 3.1415927410125732, 3.1415927410125732, 3.1415927410125732, 3.1415927410125732, 3.1415927410125732, 3.1415927410125732, 3.1415927410125732, 3.1415927410125732, 3.1415927410125732, 3.1415927410125732, 3.1415927410125732, 0.0, 0.0, 0.0, 0.0, 0.0, 0.0, 0.0, 0.0, 0.0, 0.0, 0.0, 0.0, 0.0, 0.0, 0.0, 0.0, 3.1415927410125732, 3.1415927410125732, 3.1415927410125732, 3.1415927410125732, 3.1415927410125732, 3.1415927410125732, 3.1415927410125732, 3.1415927410125732, 3.1415927410125732, 3.1415927410125732, 3.1415927410125732, 3.1415927410125732, 3.1415927410125732, 3.1415927410125732, 3.1415927410125732, 3.1415927410125732, 0.0, 0.0, 0.0, 0.0, 0.0, 0.0, 0.0, 0.0, 0.0, 0.0, 0.0, 0.0, 0.0, 0.0, 0.0, 0.0, 3.1415927410125732, 3.1415927410125732, 3.1415927410125732, 3.1415927410125732, 3.1415927410125732, 3.1415927410125732, 3.1415927410125732, 3.1415927410125732, 3.1415927410125732, 3.1415927410125732, 3.1415927410125732, 3.1415927410125732, 3.1415927410125732, 3.1415927410125732, 3.1415927410125732, 3.1415927410125732, 0.0, 0.0, 0.0, 0.0, 0.0, 0.0, 0.0, 0.0, 0.0, 0.0, 0.0, 0.0, 0.0, 0.0, 0.0, 0.0, 3.1415927410125732, 3.1415927410125732, 3.1415927410125732, 3.1415927410125732, 3.1415927410125732, 3.1415927410125732, 3.1415927410125732, 3.1415927410125732, 3.1415927410125732, 3.1415927410125732, 3.1415927410125732, 3.1415927410125732, 3.1415927410125732, 3.1415927410125732, 3.1415927410125732, 3.1415927410125732, 0.0, 0.0, 0.0, 0.0, 0.0, 0.0, 0.0, 0.0, 0.0, 0.0, 0.0, 0.0, 0.0, 0.0, 0.0, 0.0, 3.1415927410125732, 3.1415927410125732, 3.1415927410125732, 3.1415927410125732, 3.1415927410125732, 3.1415927410125732, 3.1415927410125732, 3.1415927410125732, 3.1415927410125732, 3.1415927410125732, 3.1415927410125732, 3.1415927410125732, 3.1415927410125732, 3.1415927410125732, 3.1415927410125732, 3.1415927410125732, 0.0, 0.0, 0.0, 0.0, 0.0, 0.0, 0.0, 0.0, 0.0, 0.0, 0.0, 0.0, 0.0, 0.0, 0.0, 0.0, 3.1415927410125732, 3.1415927410125732, 3.1415927410125732, 3.1415927410125732, 3.1415927410125732, 3.1415927410125732, 3.1415927410125732, 3.1415927410125732, 3.1415927410125732, 3.1415927410125732, 3.1415927410125732, 3.1415927410125732, 3.1415927410125732, 3.1415927410125732, 3.1415927410125732, 3.1415927410125732, 0.0, 0.0, 0.0, 0.0, 0.0, 0.0, 0.0, 0.0, 0.0, 0.0, 0.0, 0.0, 0.0, 0.0, 0.0, 0.0, 0.0, 0.0, 0.0, 0.0, 0.0, 0.0, 0.0, 0.0, 0.0, 0.0, 0.0, 0.0, 0.0, 0.0, 0.0, 0.0, 0.0, 0.0, 0.0, 0.0, 0.0, 0.0, 0.0, 0.0, 0.0, 0.0, 0.0, 0.0, 0.0, 0.0, 0.0, 0.0, 0.0, 0.0, 0.0, 0.0, 0.0, 0.0, 0.0, 0.0, 0.0, 0.0, 0.0, 0.0, 0.0, 0.0, 0.0, 0.0, 0.0, 0.0, 0.0, 0.0, 0.0, 0.0, 0.0, 0.0, 0.0, 0.0, 0.0, 0.0, 0.0, 0.0, 0.0, 0.0, 0.0, 0.0, 0.0, 0.0, 0.0, 0.0, 0.0, 0.0, 0.0, 0.0, 0.0, 0.0, 0.0, 0.0, 0.0, 0.0, 0.0, 0.0, 0.0, 0.0, 0.0, 0.0, 0.0, 0.0, 0.0, 0.0, 0.0, 0.0, 0.0, 0.0, 0.0, 0.0, 0.0, 0.0, 0.0, 0.0, 0.0, 0.0, 0.0, 0.0, 0.0, 0.0, 0.0, 0.0, 0.0, 0.0, 0.0, 0.0, 0.0, 0.0, 0.0, 0.0, 0.0, 0.0, 0.0, 0.0, 0.0, 0.0, 0.0, 0.0, 0.0, 0.0, 0.0, 0.0, 0.0, 0.0, 0.0, 0.0, 0.0, 0.0, 0.0, 0.0, 0.0, 0.0, 0.0, 0.0, 0.0, 0.0, 0.0, 0.0, 0.0, 0.0, 0.0, 0.0, 0.0, 0.0, 0.0, 0.0, 0.0, 0.0, 0.0, 0.0, 0.0, 0.0, 0.0, 0.0, 0.0, 0.0, 0.0, 0.0, 0.0, 0.0, 0.0, 0.0, 0.0, 0.0, 0.0, 0.0, 0.0, 0.0, 0.0, 0.0, 0.0, 0.0, 0.0, 0.0, 0.0, 0.0, 0.0, 0.0, 0.0, 0.0, 0.0, 0.0, 0.0, 0.0, 0.0, 0.0, 0.0, 0.0, 0.0, 0.0, 0.0, 0.0, 0.0, 0.0, 0.0, 0.0, 0.0, 0.0, 0.0, 0.0, 0.0, 0.0, 0.0, 0.0, 0.0, 0.0, 0.0, 0.0, 0.0, 0.0, 0.0, 0.0, 0.0, 0.0, 0.0, 0.0, 0.0, 0.0, 0.0, 0.0, 0.0, 0.0, 0.0, 0.0, 0.0, 0.0, 0.0, 0.0, 0.0, 0.0, 0.0, 0.0, 0.0, 0.0, 0.0, 0.0, 0.0, 0.0, 0.0, 0.0, 0.0, 0.0, 3.1415927410125732, 3.1415927410125732, 3.1415927410125732, 3.1415927410125732, 3.1415927410125732, 3.1415927410125732, 3.1415927410125732, 3.1415927410125732, 0.0, 0.0, 0.0, 0.0, 0.0, 0.0, 0.0, 0.0, 0.0, 0.0, 0.0, 0.0, 0.0, 0.0, 0.0, 0.0, 0.0, 0.0, 0.0, 0.0, 0.0, 0.0, 0.0, 0.0, 3.1415927410125732, 3.1415927410125732, 3.1415927410125732, 3.1415927410125732, 3.1415927410125732, 3.1415927410125732, 3.1415927410125732, 3.1415927410125732, 0.0, 0.0, 0.0, 0.0, 0.0, 0.0, 0.0, 0.0, 0.0, 0.0, 0.0, 0.0, 0.0, 0.0, 0.0, 0.0, 0.0, 0.0, 0.0, 0.0, 0.0, 0.0, 0.0, 0.0, 3.1415927410125732, 3.1415927410125732, 3.1415927410125732, 3.1415927410125732, 3.1415927410125732, 3.1415927410125732, 3.1415927410125732, 3.1415927410125732, 0.0, 0.0, 0.0, 0.0, 0.0, 0.0, 0.0, 0.0, 0.0, 0.0, 0.0, 0.0, 0.0, 0.0, 0.0, 0.0, 0.0, 0.0, 0.0, 0.0, 0.0, 0.0, 0.0, 0.0, 3.1415927410125732, 3.1415927410125732, 3.1415927410125732, 3.1415927410125732, 3.1415927410125732, 3.1415927410125732, 3.1415927410125732, 3.1415927410125732, 0.0, 0.0, 0.0, 0.0, 0.0, 0.0, 0.0, 0.0, 0.0, 0.0, 0.0, 0.0, 0.0, 0.0, 0.0, 0.0, 0.0, 0.0, 0.0, 0.0, 0.0, 0.0, 0.0, 0.0, 3.1415927410125732, 3.1415927410125732, 3.1415927410125732, 3.1415927410125732, 3.1415927410125732, 3.1415927410125732, 3.1415927410125732, 3.1415927410125732, 0.0, 0.0, 0.0, 0.0, 0.0, 0.0, 0.0, 0.0, 0.0, 0.0, 0.0, 0.0, 0.0, 0.0, 0.0, 0.0, 0.0, 0.0, 0.0, 0.0, 0.0, 0.0, 0.0, 0.0, 3.1415927410125732, 3.1415927410125732, 3.1415927410125732, 3.1415927410125732, 3.1415927410125732, 3.1415927410125732, 3.1415927410125732, 3.1415927410125732, 0.0, 0.0, 0.0, 0.0, 0.0, 0.0, 0.0, 0.0, 0.0, 0.0, 0.0, 0.0, 0.0, 0.0, 0.0, 0.0, 0.0, 0.0, 0.0, 0.0, 0.0, 0.0, 0.0, 0.0, 3.1415927410125732, 3.1415927410125732, 3.1415927410125732, 3.1415927410125732, 3.1415927410125732, 3.1415927410125732, 3.1415927410125732, 3.1415927410125732, 0.0, 0.0, 0.0, 0.0, 0.0, 0.0, 0.0, 0.0, 0.0, 0.0, 0.0, 0.0, 0.0, 0.0, 0.0, 0.0, 0.0, 0.0, 0.0, 0.0, 0.0, 0.0, 0.0, 0.0, 3.1415927410125732, 3.1415927410125732, 3.1415927410125732, 3.1415927410125732, 3.1415927410125732, 3.1415927410125732, 3.1415927410125732, 3.1415927410125732, 0.0, 0.0, 0.0, 0.0, 0.0, 0.0, 0.0, 0.0, 0.0, 0.0, 0.0, 0.0, 0.0, 0.0, 0.0, 0.0]"
0.6088365,0.15223686,0.15219523,0.15220979,0.15219462,0.15220913,-9.53539467,-9.53664207,-9.53620815,-9.53666496,"[3.1415927410125732, 3.1415927410125732, 3.1415927410125732, 3.1415927410125732, 3.1415927410125732, 3.1415927410125732, 3.1415927410125732, 3.1415927410125732, 3.1415927410125732, 3.1415927410125732, 3.1415927410125732, 3.1415927410125732, 3.1415927410125732, 3.1415927410125732, 3.1415927410125732, 3.1415927410125732, 3.1415927410125732, 3.1415927410125732, 3.1415927410125732, 3.1415927410125732, 3.1415927410125732, 3.1415927410125732, 3.1415927410125732, 3.1415927410125732, 3.1415927410125732, 3.1415927410125732, 3.1415927410125732, 3.1415927410125732, 3.1415927410125732, 3.1415927410125732, 3.1415927410125732, 3.1415927410125732, 3.1415927410125732, 3.1415927410125732, 3.1415927410125732, 3.1415927410125732, 3.1415927410125732, 3.1415927410125732, 3.1415927410125732, 3.1415927410125732, 3.1415927410125732, 3.1415927410125732, 3.1415927410125732, 3.1415927410125732, 3.1415927410125732, 3.1415927410125732, 3.1415927410125732, 3.1415927410125732, 3.1415927410125732, 3.1415927410125732, 3.1415927410125732, 3.1415927410125732, 3.1415927410125732, 3.1415927410125732, 3.1415927410125732, 3.1415927410125732, 3.1415927410125732, 3.1415927410125732, 3.1415927410125732, 3.1415927410125732, 3.1415927410125732, 3.1415927410125732, 3.1415927410125732, 3.1415927410125732, 3.1415927410125732, 3.1415927410125732, 3.1415927410125732, 3.1415927410125732, 3.1415927410125732, 3.1415927410125732, 3.1415927410125732, 3.1415927410125732, 3.1415927410125732, 3.1415927410125732, 3.1415927410125732, 3.1415927410125732, 3.1415927410125732, 3.1415927410125732, 3.1415927410125732, 3.1415927410125732, 3.1415927410125732, 3.1415927410125732, 3.1415927410125732, 3.1415927410125732, 3.1415927410125732, 3.1415927410125732, 3.1415927410125732, 3.1415927410125732, 3.1415927410125732, 3.1415927410125732, 3.1415927410125732, 3.1415927410125732, 3.1415927410125732, 3.1415927410125732, 3.1415927410125732, 3.1415927410125732, 3.1415927410125732, 3.1415927410125732, 3.1415927410125732, 3.1415927410125732, 3.1415927410125732, 3.1415927410125732, 3.1415927410125732, 3.1415927410125732, 3.1415927410125732, 3.1415927410125732, 3.1415927410125732, 3.1415927410125732, 3.1415927410125732, 3.1415927410125732, 3.1415927410125732, 3.1415927410125732, 3.1415927410125732, 3.1415927410125732, 3.1415927410125732, 3.1415927410125732, 3.1415927410125732, 3.1415927410125732, 3.1415927410125732, 3.1415927410125732, 3.1415927410125732, 3.1415927410125732, 3.1415927410125732, 3.1415927410125732, 3.1415927410125732, 3.1415927410125732, 3.1415927410125732, 3.1415927410125732, 3.1415927410125732, 3.1415927410125732, 3.1415927410125732, 3.1415927410125732, 3.1415927410125732, 3.1415927410125732, 3.1415927410125732, 3.1415927410125732, 3.1415927410125732, 3.1415927410125732, 3.1415927410125732, 3.1415927410125732, 3.1415927410125732, 3.1415927410125732, 3.1415927410125732, 3.1415927410125732, 3.1415927410125732, 3.1415927410125732, 3.1415927410125732, 3.1415927410125732, 3.1415927410125732, 3.1415927410125732, 3.1415927410125732, 3.1415927410125732, 3.1415927410125732, 3.1415927410125732, 3.1415927410125732, 3.1415927410125732, 3.1415927410125732, 3.1415927410125732, 3.1415927410125732, 3.1415927410125732, 3.1415927410125732, 3.1415927410125732, 3.1415927410125732, 3.1415927410125732, 3.1415927410125732, 3.1415927410125732, 3.1415927410125732, 3.1415927410125732, 3.1415927410125732, 3.1415927410125732, 3.1415927410125732, 3.1415927410125732, 3.1415927410125732, 3.1415927410125732, 3.1415927410125732, 3.1415927410125732, 3.1415927410125732, 3.1415927410125732, 3.1415927410125732, 3.1415927410125732, 3.1415927410125732, 3.1415927410125732, 3.1415927410125732, 3.1415927410125732, 3.1415927410125732, 3.1415927410125732, 3.1415927410125732, 3.1415927410125732, 3.1415927410125732, 3.1415927410125732, 3.1415927410125732, 3.1415927410125732, 3.1415927410125732, 3.1415927410125732, 3.1415927410125732, 3.1415927410125732, 3.1415927410125732, 3.1415927410125732, 3.1415927410125732, 3.1415927410125732, 3.1415927410125732, 3.1415927410125732, 3.1415927410125732, 3.1415927410125732, 3.1415927410125732, 3.1415927410125732, 3.1415927410125732, 3.1415927410125732, 3.1415927410125732, 3.1415927410125732, 3.1415927410125732, 3.1415927410125732, 3.1415927410125732, 3.1415927410125732, 3.1415927410125732, 3.1415927410125732, 3.1415927410125732, 3.1415927410125732, 3.1415927410125732, 3.1415927410125732, 3.1415927410125732, 3.1415927410125732, 3.1415927410125732, 3.1415927410125732, 3.1415927410125732, 3.1415927410125732, 3.1415927410125732, 3.1415927410125732, 3.1415927410125732, 3.1415927410125732, 3.1415927410125732, 3.1415927410125732, 3.1415927410125732, 3.1415927410125732, 3.1415927410125732, 3.1415927410125732, 3.1415927410125732, 3.1415927410125732, 3.1415927410125732, 3.1415927410125732, 3.1415927410125732, 3.1415927410125732, 3.1415927410125732, 3.1415927410125732, 3.1415927410125732, 3.1415927410125732, 3.1415927410125732, 3.1415927410125732, 3.1415927410125732, 3.1415927410125732, 3.1415927410125732, 3.1415927410125732, 3.1415927410125732, 3.1415927410125732, 3.1415927410125732, 3.1415927410125732, 0.0, 0.0, 0.0, 0.0, 0.0, 0.0, 0.0, 0.0, 0.0, 0.0, 0.0, 0.0, 0.0, 0.0, 0.0, 0.0, 3.1415927410125732, 3.1415927410125732, 3.1415927410125732, 3.1415927410125732, 3.1415927410125732, 3.1415927410125732, 3.1415927410125732, 3.1415927410125732, 3.1415927410125732, 3.1415927410125732, 3.1415927410125732, 3.1415927410125732, 3.1415927410125732, 3.1415927410125732, 3.1415927410125732, 3.1415927410125732, 0.0, 0.0, 0.0, 0.0, 0.0, 0.0, 0.0, 0.0, 0.0, 0.0, 0.0, 0.0, 0.0, 0.0, 0.0, 0.0, 3.1415927410125732, 3.1415927410125732, 3.1415927410125732, 3.1415927410125732, 3.1415927410125732, 3.1415927410125732, 3.1415927410125732, 3.1415927410125732, 3.1415927410125732, 3.1415927410125732, 3.1415927410125732, 3.1415927410125732, 3.1415927410125732, 3.1415927410125732, 3.1415927410125732, 3.1415927410125732, 0.0, 0.0, 0.0, 0.0, 0.0, 0.0, 0.0, 0.0, 0.0, 0.0, 0.0, 0.0, 0.0, 0.0, 0.0, 0.0, 3.1415927410125732, 3.1415927410125732, 3.1415927410125732, 3.1415927410125732, 3.1415927410125732, 3.1415927410125732, 3.1415927410125732, 3.1415927410125732, 3.1415927410125732, 3.1415927410125732, 3.1415927410125732, 3.1415927410125732, 3.1415927410125732, 3.1415927410125732, 3.1415927410125732, 3.1415927410125732, 0.0, 0.0, 0.0, 0.0, 0.0, 0.0, 0.0, 0.0, 0.0, 0.0, 0.0, 0.0, 0.0, 0.0, 0.0, 0.0, 3.1415927410125732, 3.1415927410125732, 3.1415927410125732, 3.1415927410125732, 3.1415927410125732, 3.1415927410125732, 3.1415927410125732, 3.1415927410125732, 3.1415927410125732, 3.1415927410125732, 3.1415927410125732, 3.1415927410125732, 3.1415927410125732, 3.1415927410125732, 3.1415927410125732, 3.1415927410125732, 0.0, 0.0, 0.0, 0.0, 0.0, 0.0, 0.0, 0.0, 0.0, 0.0, 0.0, 0.0, 0.0, 0.0, 0.0, 0.0, 3.1415927410125732, 3.1415927410125732, 3.1415927410125732, 3.1415927410125732, 3.1415927410125732, 3.1415927410125732, 3.1415927410125732, 3.1415927410125732, 3.1415927410125732, 3.1415927410125732, 3.1415927410125732, 3.1415927410125732, 3.1415927410125732, 3.1415927410125732, 3.1415927410125732, 3.1415927410125732, 0.0, 0.0, 0.0, 0.0, 0.0, 0.0, 0.0, 0.0, 0.0, 0.0, 0.0, 0.0, 0.0, 0.0, 0.0, 0.0, 3.1415927410125732, 3.1415927410125732, 3.1415927410125732, 3.1415927410125732, 3.1415927410125732, 3.1415927410125732, 3.1415927410125732, 3.1415927410125732, 3.1415927410125732, 3.1415927410125732, 3.1415927410125732, 3.1415927410125732, 3.1415927410125732, 3.1415927410125732, 3.1415927410125732, 3.1415927410125732, 0.0, 0.0, 0.0, 0.0, 0.0, 0.0, 0.0, 0.0, 0.0, 0.0, 0.0, 0.0, 0.0, 0.0, 0.0, 0.0, 3.1415927410125732, 3.1415927410125732, 3.1415927410125732, 3.1415927410125732, 3.1415927410125732, 3.1415927410125732, 3.1415927410125732, 3.1415927410125732, 3.1415927410125732, 3.1415927410125732, 3.1415927410125732, 3.1415927410125732, 3.1415927410125732, 3.1415927410125732, 3.1415927410125732, 3.1415927410125732, 0.0, 0.0, 0.0, 0.0, 0.0, 0.0, 0.0, 0.0, 0.0, 0.0, 0.0, 0.0, 0.0, 0.0, 0.0, 0.0, 3.1415927410125732, 3.1415927410125732, 3.1415927410125732, 3.1415927410125732, 3.1415927410125732, 3.1415927410125732, 3.1415927410125732, 3.1415927410125732, 3.1415927410125732, 3.1415927410125732, 3.1415927410125732, 3.1415927410125732, 3.1415927410125732, 3.1415927410125732, 3.1415927410125732, 3.1415927410125732, 0.0, 0.0, 0.0, 0.0, 0.0, 0.0, 0.0, 0.0, 0.0, 0.0, 0.0, 0.0, 0.0, 0.0, 0.0, 0.0, 0.0, 0.0, 0.0, 0.0, 0.0, 0.0, 0.0, 0.0, 0.0, 0.0, 0.0, 0.0, 0.0, 0.0, 0.0, 0.0, 0.0, 0.0, 0.0, 0.0, 0.0, 0.0, 0.0, 0.0, 0.0, 0.0, 0.0, 0.0, 0.0, 0.0, 0.0, 0.0, 0.0, 0.0, 0.0, 0.0, 0.0, 0.0, 0.0, 0.0, 0.0, 0.0, 0.0, 0.0, 0.0, 0.0, 0.0, 0.0, 0.0, 0.0, 0.0, 0.0, 0.0, 0.0, 0.0, 0.0, 0.0, 0.0, 0.0, 0.0, 0.0, 0.0, 0.0, 0.0, 0.0, 0.0, 0.0, 0.0, 0.0, 0.0, 0.0, 0.0, 0.0, 0.0, 0.0, 0.0, 0.0, 0.0, 0.0, 0.0, 0.0, 0.0, 0.0, 0.0, 0.0, 0.0, 0.0, 0.0, 0.0, 0.0, 0.0, 0.0, 0.0, 0.0, 0.0, 0.0, 0.0, 0.0, 0.0, 0.0, 0.0, 0.0, 0.0, 0.0, 0.0, 0.0, 0.0, 0.0, 0.0, 0.0, 0.0, 0.0, 0.0, 0.0, 0.0, 0.0, 0.0, 0.0, 0.0, 0.0, 0.0, 0.0, 0.0, 0.0, 0.0, 0.0, 0.0, 0.0, 0.0, 0.0, 0.0, 0.0, 0.0, 0.0, 0.0, 0.0, 0.0, 0.0, 0.0, 0.0, 0.0, 0.0, 0.0, 0.0, 0.0, 0.0, 0.0, 0.0, 0.0, 0.0, 0.0, 0.0, 0.0, 0.0, 0.0, 0.0, 0.0, 0.0, 0.0, 0.0, 0.0, 0.0, 0.0, 0.0, 0.0, 0.0, 0.0, 0.0, 0.0, 0.0, 0.0, 0.0, 0.0, 0.0, 0.0, 0.0, 0.0, 0.0, 0.0, 0.0, 0.0, 0.0, 0.0, 0.0, 0.0, 0.0, 0.0, 0.0, 0.0, 0.0, 0.0, 0.0, 0.0, 0.0, 0.0, 0.0, 0.0, 0.0, 0.0, 0.0, 0.0, 0.0, 0.0, 0.0, 0.0, 0.0, 0.0, 0.0, 0.0, 0.0, 0.0, 0.0, 0.0, 0.0, 0.0, 0.0, 0.0, 0.0, 0.0, 0.0, 0.0, 0.0, 0.0, 0.0, 0.0, 0.0, 0.0, 0.0, 0.0, 0.0, 0.0, 0.0, 0.0, 0.0, 0.0, 0.0, 0.0, 0.0, 0.0, 0.0, 0.0, 0.0, 0.0, 0.0, 0.0, 0.0, 0.0, 0.0, 3.1415927410125732, 3.1415927410125732, 3.1415927410125732, 3.1415927410125732, 3.1415927410125732, 3.1415927410125732, 3.1415927410125732, 3.1415927410125732, 0.0, 0.0, 0.0, 0.0, 0.0, 0.0, 0.0, 0.0, 0.0, 0.0, 0.0, 0.0, 0.0, 0.0, 0.0, 0.0, 0.0, 0.0, 0.0, 0.0, 0.0, 0.0, 0.0, 0.0, 3.1415927410125732, 3.1415927410125732, 3.1415927410125732, 3.1415927410125732, 3.1415927410125732, 3.1415927410125732, 3.1415927410125732, 3.1415927410125732, 0.0, 0.0, 0.0, 0.0, 0.0, 0.0, 0.0, 0.0, 0.0, 0.0, 0.0, 0.0, 0.0, 0.0, 0.0, 0.0, 0.0, 0.0, 0.0, 0.0, 0.0, 0.0, 0.0, 0.0, 3.1415927410125732, 3.1415927410125732, 3.1415927410125732, 3.1415927410125732, 3.1415927410125732, 3.1415927410125732, 3.1415927410125732, 3.1415927410125732, 0.0, 0.0, 0.0, 0.0, 0.0, 0.0, 0.0, 0.0, 0.0, 0.0, 0.0, 0.0, 0.0, 0.0, 0.0, 0.0, 0.0, 0.0, 0.0, 0.0, 0.0, 0.0, 0.0, 0.0, 3.1415927410125732, 3.1415927410125732, 3.1415927410125732, 3.1415927410125732, 3.1415927410125732, 3.1415927410125732, 3.1415927410125732, 3.1415927410125732, 0.0, 0.0, 0.0, 0.0, 0.0, 0.0, 0.0, 0.0, 0.0, 0.0, 0.0, 0.0, 0.0, 0.0, 0.0, 0.0, 0.0, 0.0, 0.0, 0.0, 0.0, 0.0, 0.0, 0.0, 3.1415927410125732, 3.1415927410125732, 3.1415927410125732, 3.1415927410125732, 3.1415927410125732, 3.1415927410125732, 3.1415927410125732, 3.1415927410125732, 0.0, 0.0, 0.0, 0.0, 0.0, 0.0, 0.0, 0.0, 0.0, 0.0, 0.0, 0.0, 0.0, 0.0, 0.0, 0.0, 0.0, 0.0, 0.0, 0.0, 0.0, 0.0, 0.0, 0.0, 3.1415927410125732, 3.1415927410125732, 3.1415927410125732, 3.1415927410125732, 3.1415927410125732, 3.1415927410125732, 3.1415927410125732, 3.1415927410125732, 0.0, 0.0, 0.0, 0.0, 0.0, 0.0, 0.0, 0.0, 0.0, 0.0, 0.0, 0.0, 0.0, 0.0, 0.0, 0.0, 0.0, 0.0, 0.0, 0.0, 0.0, 0.0, 0.0, 0.0, 3.1415927410125732, 3.1415927410125732, 3.1415927410125732, 3.1415927410125732, 3.1415927410125732, 3.1415927410125732, 3.1415927410125732, 3.1415927410125732, 0.0, 0.0, 0.0, 0.0, 0.0, 0.0, 0.0, 0.0, 0.0, 0.0, 0.0, 0.0, 0.0, 0.0, 0.0, 0.0, 0.0, 0.0, 0.0, 0.0, 0.0, 0.0, 0.0, 0.0, 3.1415927410125732, 3.1415927410125732, 3.1415927410125732, 3.1415927410125732, 3.1415927410125732, 3.1415927410125732, 3.1415927410125732, 3.1415927410125732, 0.0, 0.0, 0.0, 0.0, 0.0, 0.0, 0.0, 0.0, 0.0, 0.0, 0.0, 0.0, 0.0, 0.0, 0.0, 0.0]"
0.6088365,0.15223686,0.15219523,0.15220979,0.15219462,0.15220913,-9.53539467,-9.53664207,-9.53620815,-9.53666496,"[3.1415927410125732, 3.1415927410125732, 3.1415927410125732, 3.1415927410125732, 3.1415927410125732, 3.1415927410125732, 3.1415927410125732, 3.1415927410125732, 3.1415927410125732, 3.1415927410125732, 3.1415927410125732, 3.1415927410125732, 3.1415927410125732, 3.1415927410125732, 3.1415927410125732, 3.1415927410125732, 3.1415927410125732, 3.1415927410125732, 3.1415927410125732, 3.1415927410125732, 3.1415927410125732, 3.1415927410125732, 3.1415927410125732, 3.1415927410125732, 3.1415927410125732, 3.1415927410125732, 3.1415927410125732, 3.1415927410125732, 3.1415927410125732, 3.1415927410125732, 3.1415927410125732, 3.1415927410125732, 3.1415927410125732, 3.1415927410125732, 3.1415927410125732, 3.1415927410125732, 3.1415927410125732, 3.1415927410125732, 3.1415927410125732, 3.1415927410125732, 3.1415927410125732, 3.1415927410125732, 3.1415927410125732, 3.1415927410125732, 3.1415927410125732, 3.1415927410125732, 3.1415927410125732, 3.1415927410125732, 3.1415927410125732, 3.1415927410125732, 3.1415927410125732, 3.1415927410125732, 3.1415927410125732, 3.1415927410125732, 3.1415927410125732, 3.1415927410125732, 3.1415927410125732, 3.1415927410125732, 3.1415927410125732, 3.1415927410125732, 3.1415927410125732, 3.1415927410125732, 3.1415927410125732, 3.1415927410125732, 3.1415927410125732, 3.1415927410125732, 3.1415927410125732, 3.1415927410125732, 3.1415927410125732, 3.1415927410125732, 3.1415927410125732, 3.1415927410125732, 3.1415927410125732, 3.1415927410125732, 3.1415927410125732, 3.1415927410125732, 3.1415927410125732, 3.1415927410125732, 3.1415927410125732, 3.1415927410125732, 3.1415927410125732, 3.1415927410125732, 3.1415927410125732, 3.1415927410125732, 3.1415927410125732, 3.1415927410125732, 3.1415927410125732, 3.1415927410125732, 3.1415927410125732, 3.1415927410125732, 3.1415927410125732, 3.1415927410125732, 3.1415927410125732, 3.1415927410125732, 3.1415927410125732, 3.1415927410125732, 3.1415927410125732, 3.1415927410125732, 3.1415927410125732, 3.1415927410125732, 3.1415927410125732, 3.1415927410125732, 3.1415927410125732, 3.1415927410125732, 3.1415927410125732, 3.1415927410125732, 3.1415927410125732, 3.1415927410125732, 3.1415927410125732, 3.1415927410125732, 3.1415927410125732, 3.1415927410125732, 3.1415927410125732, 3.1415927410125732, 3.1415927410125732, 3.1415927410125732, 3.1415927410125732, 3.1415927410125732, 3.1415927410125732, 3.1415927410125732, 3.1415927410125732, 3.1415927410125732, 3.1415927410125732, 3.1415927410125732, 3.1415927410125732, 3.1415927410125732, 3.1415927410125732, 3.1415927410125732, 3.1415927410125732, 3.1415927410125732, 3.1415927410125732, 3.1415927410125732, 3.1415927410125732, 3.1415927410125732, 3.1415927410125732, 3.1415927410125732, 3.1415927410125732, 3.1415927410125732, 3.1415927410125732, 3.1415927410125732, 3.1415927410125732, 3.1415927410125732, 3.1415927410125732, 3.1415927410125732, 3.1415927410125732, 3.1415927410125732, 3.1415927410125732, 3.1415927410125732, 3.1415927410125732, 3.1415927410125732, 3.1415927410125732, 3.1415927410125732, 3.1415927410125732, 3.1415927410125732, 3.1415927410125732, 3.1415927410125732, 3.1415927410125732, 3.1415927410125732, 3.1415927410125732, 3.1415927410125732, 3.1415927410125732, 3.1415927410125732, 3.1415927410125732, 3.1415927410125732, 3.1415927410125732, 3.1415927410125732, 3.1415927410125732, 3.1415927410125732, 3.1415927410125732, 3.1415927410125732, 3.1415927410125732, 3.1415927410125732, 3.1415927410125732, 3.1415927410125732, 3.1415927410125732, 3.1415927410125732, 3.1415927410125732, 3.1415927410125732, 3.1415927410125732, 3.1415927410125732, 3.1415927410125732, 3.1415927410125732, 3.1415927410125732, 3.1415927410125732, 3.1415927410125732, 3.1415927410125732, 3.1415927410125732, 3.1415927410125732, 3.1415927410125732, 3.1415927410125732, 3.1415927410125732, 3.1415927410125732, 3.1415927410125732, 3.1415927410125732, 3.1415927410125732, 3.1415927410125732, 3.1415927410125732, 3.1415927410125732, 3.1415927410125732, 3.1415927410125732, 3.1415927410125732, 3.1415927410125732, 3.1415927410125732, 3.1415927410125732, 3.1415927410125732, 3.1415927410125732, 3.1415927410125732, 3.1415927410125732, 3.1415927410125732, 3.1415927410125732, 3.1415927410125732, 3.1415927410125732, 3.1415927410125732, 3.1415927410125732, 3.1415927410125732, 3.1415927410125732, 3.1415927410125732, 3.1415927410125732, 3.1415927410125732, 3.1415927410125732, 3.1415927410125732, 3.1415927410125732, 3.1415927410125732, 3.1415927410125732, 3.1415927410125732, 3.1415927410125732, 3.1415927410125732, 3.1415927410125732, 3.1415927410125732, 3.1415927410125732, 3.1415927410125732, 3.1415927410125732, 3.1415927410125732, 3.1415927410125732, 3.1415927410125732, 3.1415927410125732, 3.1415927410125732, 3.1415927410125732, 3.1415927410125732, 3.1415927410125732, 3.1415927410125732, 3.1415927410125732, 3.1415927410125732, 3.1415927410125732, 3.1415927410125732, 3.1415927410125732, 3.1415927410125732, 3.1415927410125732, 3.1415927410125732, 3.1415927410125732, 3.1415927410125732, 3.1415927410125732, 3.1415927410125732, 3.1415927410125732, 3.1415927410125732, 3.1415927410125732, 0.0, 0.0, 0.0, 0.0, 0.0, 0.0, 0.0, 0.0, 0.0, 0.0, 0.0, 0.0, 0.0, 0.0, 0.0, 0.0, 3.1415927410125732, 3.1415927410125732, 3.1415927410125732, 3.1415927410125732, 3.1415927410125732, 3.1415927410125732, 3.1415927410125732, 3.1415927410125732, 3.1415927410125732, 3.1415927410125732, 3.1415927410125732, 3.1415927410125732, 3.1415927410125732, 3.1415927410125732, 3.1415927410125732, 3.1415927410125732, 0.0, 0.0, 0.0, 0.0, 0.0, 0.0, 0.0, 0.0, 0.0, 0.0, 0.0, 0.0, 0.0, 0.0, 0.0, 0.0, 3.1415927410125732, 3.1415927410125732, 3.1415927410125732, 3.1415927410125732, 3.1415927410125732, 3.1415927410125732, 3.1415927410125732, 3.1415927410125732, 3.1415927410125732, 3.1415927410125732, 3.1415927410125732, 3.1415927410125732, 3.1415927410125732, 3.1415927410125732, 3.1415927410125732, 3.1415927410125732, 0.0, 0.0, 0.0, 0.0, 0.0, 0.0, 0.0, 0.0, 0.0, 0.0, 0.0, 0.0, 0.0, 0.0, 0.0, 0.0, 3.1415927410125732, 3.1415927410125732, 3.1415927410125732, 3.1415927410125732, 3.1415927410125732, 3.1415927410125732, 3.1415927410125732, 3.1415927410125732, 3.1415927410125732, 3.1415927410125732, 3.1415927410125732, 3.1415927410125732, 3.1415927410125732, 3.1415927410125732, 3.1415927410125732, 3.1415927410125732, 0.0, 0.0, 0.0, 0.0, 0.0, 0.0, 0.0, 0.0, 0.0, 0.0, 0.0, 0.0, 0.0, 0.0, 0.0, 0.0, 3.1415927410125732, 3.1415927410125732, 3.1415927410125732, 3.1415927410125732, 3.1415927410125732, 3.1415927410125732, 3.1415927410125732, 3.1415927410125732, 3.1415927410125732, 3.1415927410125732, 3.1415927410125732, 3.1415927410125732, 3.1415927410125732, 3.1415927410125732, 3.1415927410125732, 3.1415927410125732, 0.0, 0.0, 0.0, 0.0, 0.0, 0.0, 0.0, 0.0, 0.0, 0.0, 0.0, 0.0, 0.0, 0.0, 0.0, 0.0, 3.1415927410125732, 3.1415927410125732, 3.1415927410125732, 3.1415927410125732, 3.1415927410125732, 3.1415927410125732, 3.1415927410125732, 3.1415927410125732, 3.1415927410125732, 3.1415927410125732, 3.1415927410125732, 3.1415927410125732, 3.1415927410125732, 3.1415927410125732, 3.1415927410125732, 3.1415927410125732, 0.0, 0.0, 0.0, 0.0, 0.0, 0.0, 0.0, 0.0, 0.0, 0.0, 0.0, 0.0, 0.0, 0.0, 0.0, 0.0, 3.1415927410125732, 3.1415927410125732, 3.1415927410125732, 3.1415927410125732, 3.1415927410125732, 3.1415927410125732, 3.1415927410125732, 3.1415927410125732, 3.1415927410125732, 3.1415927410125732, 3.1415927410125732, 3.1415927410125732, 3.1415927410125732, 3.1415927410125732, 3.1415927410125732, 3.1415927410125732, 0.0, 0.0, 0.0, 0.0, 0.0, 0.0, 0.0, 0.0, 0.0, 0.0, 0.0, 0.0, 0.0, 0.0, 0.0, 0.0, 3.1415927410125732, 3.1415927410125732, 3.1415927410125732, 3.1415927410125732, 3.1415927410125732, 3.1415927410125732, 3.1415927410125732, 3.1415927410125732, 3.1415927410125732, 3.1415927410125732, 3.1415927410125732, 3.1415927410125732, 3.1415927410125732, 3.1415927410125732, 3.1415927410125732, 3.1415927410125732, 0.0, 0.0, 0.0, 0.0, 0.0, 0.0, 0.0, 0.0, 0.0, 0.0, 0.0, 0.0, 0.0, 0.0, 0.0, 0.0, 3.1415927410125732, 3.1415927410125732, 3.1415927410125732, 3.1415927410125732, 3.1415927410125732, 3.1415927410125732, 3.1415927410125732, 3.1415927410125732, 3.1415927410125732, 3.1415927410125732, 3.1415927410125732, 3.1415927410125732, 3.1415927410125732, 3.1415927410125732, 3.1415927410125732, 3.1415927410125732, 0.0, 0.0, 0.0, 0.0, 0.0, 0.0, 0.0, 0.0, 0.0, 0.0, 0.0, 0.0, 0.0, 0.0, 0.0, 0.0, 0.0, 0.0, 0.0, 0.0, 0.0, 0.0, 0.0, 0.0, 0.0, 0.0, 0.0, 0.0, 0.0, 0.0, 0.0, 0.0, 0.0, 0.0, 0.0, 0.0, 0.0, 0.0, 0.0, 0.0, 0.0, 0.0, 0.0, 0.0, 0.0, 0.0, 0.0, 0.0, 0.0, 0.0, 0.0, 0.0, 0.0, 0.0, 0.0, 0.0, 0.0, 0.0, 0.0, 0.0, 0.0, 0.0, 0.0, 0.0, 0.0, 0.0, 0.0, 0.0, 0.0, 0.0, 0.0, 0.0, 0.0, 0.0, 0.0, 0.0, 0.0, 0.0, 0.0, 0.0, 0.0, 0.0, 0.0, 0.0, 0.0, 0.0, 0.0, 0.0, 0.0, 0.0, 0.0, 0.0, 0.0, 0.0, 0.0, 0.0, 0.0, 0.0, 0.0, 0.0, 0.0, 0.0, 0.0, 0.0, 0.0, 0.0, 0.0, 0.0, 0.0, 0.0, 0.0, 0.0, 0.0, 0.0, 0.0, 0.0, 0.0, 0.0, 0.0, 0.0, 0.0, 0.0, 0.0, 0.0, 0.0, 0.0, 0.0, 0.0, 0.0, 0.0, 0.0, 0.0, 0.0, 0.0, 0.0, 0.0, 0.0, 0.0, 0.0, 0.0, 0.0, 0.0, 0.0, 0.0, 0.0, 0.0, 0.0, 0.0, 0.0, 0.0, 0.0, 0.0, 0.0, 0.0, 0.0, 0.0, 0.0, 0.0, 0.0, 0.0, 0.0, 0.0, 0.0, 0.0, 0.0, 0.0, 0.0, 0.0, 0.0, 0.0, 0.0, 0.0, 0.0, 0.0, 0.0, 0.0, 0.0, 0.0, 0.0, 0.0, 0.0, 0.0, 0.0, 0.0, 0.0, 0.0, 0.0, 0.0, 0.0, 0.0, 0.0, 0.0, 0.0, 0.0, 0.0, 0.0, 0.0, 0.0, 0.0, 0.0, 0.0, 0.0, 0.0, 0.0, 0.0, 0.0, 0.0, 0.0, 0.0, 0.0, 0.0, 0.0, 0.0, 0.0, 0.0, 0.0, 0.0, 0.0, 0.0, 0.0, 0.0, 0.0, 0.0, 0.0, 0.0, 0.0, 0.0, 0.0, 0.0, 0.0, 0.0, 0.0, 0.0, 0.0, 0.0, 0.0, 0.0, 0.0, 0.0, 0.0, 0.0, 0.0, 0.0, 0.0, 0.0, 0.0, 0.0, 0.0, 0.0, 0.0, 0.0, 0.0, 0.0, 0.0, 0.0, 0.0, 0.0, 0.0, 0.0, 0.0, 0.0, 0.0, 0.0, 0.0, 3.1415927410125732, 3.1415927410125732, 3.1415927410125732, 3.1415927410125732, 3.1415927410125732, 3.1415927410125732, 3.1415927410125732, 3.1415927410125732, 0.0, 0.0, 0.0, 0.0, 0.0, 0.0, 0.0, 0.0, 0.0, 0.0, 0.0, 0.0, 0.0, 0.0, 0.0, 0.0, 0.0, 0.0, 0.0, 0.0, 0.0, 0.0, 0.0, 0.0, 3.1415927410125732, 3.1415927410125732, 3.1415927410125732, 3.1415927410125732, 3.1415927410125732, 3.1415927410125732, 3.1415927410125732, 3.1415927410125732, 0.0, 0.0, 0.0, 0.0, 0.0, 0.0, 0.0, 0.0, 0.0, 0.0, 0.0, 0.0, 0.0, 0.0, 0.0, 0.0, 0.0, 0.0, 0.0, 0.0, 0.0, 0.0, 0.0, 0.0, 3.1415927410125732, 3.1415927410125732, 3.1415927410125732, 3.1415927410125732, 3.1415927410125732, 3.1415927410125732, 3.1415927410125732, 3.1415927410125732, 0.0, 0.0, 0.0, 0.0, 0.0, 0.0, 0.0, 0.0, 0.0, 0.0, 0.0, 0.0, 0.0, 0.0, 0.0, 0.0, 0.0, 0.0, 0.0, 0.0, 0.0, 0.0, 0.0, 0.0, 3.1415927410125732, 3.1415927410125732, 3.1415927410125732, 3.1415927410125732, 3.1415927410125732, 3.1415927410125732, 3.1415927410125732, 3.1415927410125732, 0.0, 0.0, 0.0, 0.0, 0.0, 0.0, 0.0, 0.0, 0.0, 0.0, 0.0, 0.0, 0.0, 0.0, 0.0, 0.0, 0.0, 0.0, 0.0, 0.0, 0.0, 0.0, 0.0, 0.0, 3.1415927410125732, 3.1415927410125732, 3.1415927410125732, 3.1415927410125732, 3.1415927410125732, 3.1415927410125732, 3.1415927410125732, 3.1415927410125732, 0.0, 0.0, 0.0, 0.0, 0.0, 0.0, 0.0, 0.0, 0.0, 0.0, 0.0, 0.0, 0.0, 0.0, 0.0, 0.0, 0.0, 0.0, 0.0, 0.0, 0.0, 0.0, 0.0, 0.0, 3.1415927410125732, 3.1415927410125732, 3.1415927410125732, 3.1415927410125732, 3.1415927410125732, 3.1415927410125732, 3.1415927410125732, 3.1415927410125732, 0.0, 0.0, 0.0, 0.0, 0.0, 0.0, 0.0, 0.0, 0.0, 0.0, 0.0, 0.0, 0.0, 0.0, 0.0, 0.0, 0.0, 0.0, 0.0, 0.0, 0.0, 0.0, 0.0, 0.0, 3.1415927410125732, 3.1415927410125732, 3.1415927410125732, 3.1415927410125732, 3.1415927410125732, 3.1415927410125732, 3.1415927410125732, 3.1415927410125732, 0.0, 0.0, 0.0, 0.0, 0.0, 0.0, 0.0, 0.0, 0.0, 0.0, 0.0, 0.0, 0.0, 0.0, 0.0, 0.0, 0.0, 0.0, 0.0, 0.0, 0.0, 0.0, 0.0, 0.0, 3.1415927410125732, 3.1415927410125732, 3.1415927410125732, 3.1415927410125732, 3.1415927410125732, 3.1415927410125732, 3.1415927410125732, 3.1415927410125732, 0.0, 0.0, 0.0, 0.0, 0.0, 0.0, 0.0, 0.0, 0.0, 0.0, 0.0, 0.0, 0.0, 0.0, 0.0, 0.0]"
0.6088365,0.15223686,0.15219523,0.15220979,0.15219462,0.15220913,-9.53539467,-9.53664207,-9.53620815,-9.53666496,"[3.1415927410125732, 3.1415927410125732, 3.1415927410125732, 3.1415927410125732, 3.1415927410125732, 3.1415927410125732, 3.1415927410125732, 3.1415927410125732, 3.1415927410125732, 3.1415927410125732, 3.1415927410125732, 3.1415927410125732, 3.1415927410125732, 3.1415927410125732, 3.1415927410125732, 3.1415927410125732, 3.1415927410125732, 3.1415927410125732, 3.1415927410125732, 3.1415927410125732, 3.1415927410125732, 3.1415927410125732, 3.1415927410125732, 3.1415927410125732, 3.1415927410125732, 3.1415927410125732, 3.1415927410125732, 3.1415927410125732, 3.1415927410125732, 3.1415927410125732, 3.1415927410125732, 3.1415927410125732, 3.1415927410125732, 3.1415927410125732, 3.1415927410125732, 3.1415927410125732, 3.1415927410125732, 3.1415927410125732, 3.1415927410125732, 3.1415927410125732, 3.1415927410125732, 3.1415927410125732, 3.1415927410125732, 3.1415927410125732, 3.1415927410125732, 3.1415927410125732, 3.1415927410125732, 3.1415927410125732, 3.1415927410125732, 3.1415927410125732, 3.1415927410125732, 3.1415927410125732, 3.1415927410125732, 3.1415927410125732, 3.1415927410125732, 3.1415927410125732, 3.1415927410125732, 3.1415927410125732, 3.1415927410125732, 3.1415927410125732, 3.1415927410125732, 3.1415927410125732, 3.1415927410125732, 3.1415927410125732, 3.1415927410125732, 3.1415927410125732, 3.1415927410125732, 3.1415927410125732, 3.1415927410125732, 3.1415927410125732, 3.1415927410125732, 3.1415927410125732, 3.1415927410125732, 3.1415927410125732, 3.1415927410125732, 3.1415927410125732, 3.1415927410125732, 3.1415927410125732, 3.1415927410125732, 3.1415927410125732, 3.1415927410125732, 3.1415927410125732, 3.1415927410125732, 3.1415927410125732, 3.1415927410125732, 3.1415927410125732, 3.1415927410125732, 3.1415927410125732, 3.1415927410125732, 3.1415927410125732, 3.1415927410125732, 3.1415927410125732, 3.1415927410125732, 3.1415927410125732, 3.1415927410125732, 3.1415927410125732, 3.1415927410125732, 3.1415927410125732, 3.1415927410125732, 3.1415927410125732, 3.1415927410125732, 3.1415927410125732, 3.1415927410125732, 3.1415927410125732, 3.1415927410125732, 3.1415927410125732, 3.1415927410125732, 3.1415927410125732, 3.1415927410125732, 3.1415927410125732, 3.1415927410125732, 3.1415927410125732, 3.1415927410125732, 3.1415927410125732, 3.1415927410125732, 3.1415927410125732, 3.1415927410125732, 3.1415927410125732, 3.1415927410125732, 3.1415927410125732, 3.1415927410125732, 3.1415927410125732, 3.1415927410125732, 3.1415927410125732, 3.1415927410125732, 3.1415927410125732, 3.1415927410125732, 3.1415927410125732, 3.1415927410125732, 3.1415927410125732, 3.1415927410125732, 3.1415927410125732, 3.1415927410125732, 3.1415927410125732, 3.1415927410125732, 3.1415927410125732, 3.1415927410125732, 3.1415927410125732, 3.1415927410125732, 3.1415927410125732, 3.1415927410125732, 3.1415927410125732, 3.1415927410125732, 3.1415927410125732, 3.1415927410125732, 3.1415927410125732, 3.1415927410125732, 3.1415927410125732, 3.1415927410125732, 3.1415927410125732, 3.1415927410125732, 3.1415927410125732, 3.1415927410125732, 3.1415927410125732, 3.1415927410125732, 3.1415927410125732, 3.1415927410125732, 3.1415927410125732, 3.1415927410125732, 3.1415927410125732, 3.1415927410125732, 3.1415927410125732, 3.1415927410125732, 3.1415927410125732, 3.1415927410125732, 3.1415927410125732, 3.1415927410125732, 3.1415927410125732, 3.1415927410125732, 3.1415927410125732, 3.1415927410125732, 3.1415927410125732, 3.1415927410125732, 3.1415927410125732, 3.1415927410125732, 3.1415927410125732, 3.1415927410125732, 3.1415927410125732, 3.1415927410125732, 3.1415927410125732, 3.1415927410125732, 3.1415927410125732, 3.1415927410125732, 3.1415927410125732, 3.1415927410125732, 3.1415927410125732, 3.1415927410125732, 3.1415927410125732, 3.1415927410125732, 3.1415927410125732, 3.1415927410125732, 3.1415927410125732, 3.1415927410125732, 3.1415927410125732, 3.1415927410125732, 3.1415927410125732, 3.1415927410125732, 3.1415927410125732, 3.1415927410125732, 3.1415927410125732, 3.1415927410125732, 3.1415927410125732, 3.1415927410125732, 3.1415927410125732, 3.1415927410125732, 3.1415927410125732, 3.1415927410125732, 3.1415927410125732, 3.1415927410125732, 3.1415927410125732, 3.1415927410125732, 3.1415927410125732, 3.1415927410125732, 3.1415927410125732, 3.1415927410125732, 3.1415927410125732, 3.1415927410125732, 3.1415927410125732, 3.1415927410125732, 3.1415927410125732, 3.1415927410125732, 3.1415927410125732, 3.1415927410125732, 3.1415927410125732, 3.1415927410125732, 3.1415927410125732, 3.1415927410125732, 3.1415927410125732, 3.1415927410125732, 3.1415927410125732, 3.1415927410125732, 3.1415927410125732, 3.1415927410125732, 3.1415927410125732, 3.1415927410125732, 3.1415927410125732, 3.1415927410125732, 3.1415927410125732, 3.1415927410125732, 3.1415927410125732, 3.1415927410125732, 3.1415927410125732, 3.1415927410125732, 3.1415927410125732, 3.1415927410125732, 3.1415927410125732, 3.1415927410125732, 3.1415927410125732, 3.1415927410125732, 3.1415927410125732, 3.1415927410125732, 3.1415927410125732, 3.1415927410125732, 3.1415927410125732, 3.1415927410125732, 3.1415927410125732, 0.0, 0.0, 0.0, 0.0, 0.0, 0.0, 0.0, 0.0, 0.0, 0.0, 0.0, 0.0, 0.0, 0.0, 0.0, 0.0, 3.1415927410125732, 3.1415927410125732, 3.1415927410125732, 3.1415927410125732, 3.1415927410125732, 3.1415927410125732, 3.1415927410125732, 3.1415927410125732, 3.1415927410125732, 3.1415927410125732, 3.1415927410125732, 3.1415927410125732, 3.1415927410125732, 3.1415927410125732, 3.1415927410125732, 3.1415927410125732, 0.0, 0.0, 0.0, 0.0, 0.0, 0.0, 0.0, 0.0, 0.0, 0.0, 0.0, 0.0, 0.0, 0.0, 0.0, 0.0, 3.1415927410125732, 3.1415927410125732, 3.1415927410125732, 3.1415927410125732, 3.1415927410125732, 3.1415927410125732, 3.1415927410125732, 3.1415927410125732, 3.1415927410125732, 3.1415927410125732, 3.1415927410125732, 3.1415927410125732, 3.1415927410125732, 3.1415927410125732, 3.1415927410125732, 3.1415927410125732, 0.0, 0.0, 0.0, 0.0, 0.0, 0.0, 0.0, 0.0, 0.0, 0.0, 0.0, 0.0, 0.0, 0.0, 0.0, 0.0, 3.1415927410125732, 3.1415927410125732, 3.1415927410125732, 3.1415927410125732, 3.1415927410125732, 3.1415927410125732, 3.1415927410125732, 3.1415927410125732, 3.1415927410125732, 3.1415927410125732, 3.1415927410125732, 3.1415927410125732, 3.1415927410125732, 3.1415927410125732, 3.1415927410125732, 3.1415927410125732, 0.0, 0.0, 0.0, 0.0, 0.0, 0.0, 0.0, 0.0, 0.0, 0.0, 0.0, 0.0, 0.0, 0.0, 0.0, 0.0, 3.1415927410125732, 3.1415927410125732, 3.1415927410125732, 3.1415927410125732, 3.1415927410125732, 3.1415927410125732, 3.1415927410125732, 3.1415927410125732, 3.1415927410125732, 3.1415927410125732, 3.1415927410125732, 3.1415927410125732, 3.1415927410125732, 3.1415927410125732, 3.1415927410125732, 3.1415927410125732, 0.0, 0.0, 0.0, 0.0, 0.0, 0.0, 0.0, 0.0, 0.0, 0.0, 0.0, 0.0, 0.0, 0.0, 0.0, 0.0, 3.1415927410125732, 3.1415927410125732, 3.1415927410125732, 3.1415927410125732, 3.1415927410125732, 3.1415927410125732, 3.1415927410125732, 3.1415927410125732, 3.1415927410125732, 3.1415927410125732, 3.1415927410125732, 3.1415927410125732, 3.1415927410125732, 3.1415927410125732, 3.1415927410125732, 3.1415927410125732, 0.0, 0.0, 0.0, 0.0, 0.0, 0.0, 0.0, 0.0, 0.0, 0.0, 0.0, 0.0, 0.0, 0.0, 0.0, 0.0, 3.1415927410125732, 3.1415927410125732, 3.1415927410125732, 3.1415927410125732, 3.1415927410125732, 3.1415927410125732, 3.1415927410125732, 3.1415927410125732, 3.1415927410125732, 3.1415927410125732, 3.1415927410125732, 3.1415927410125732, 3.1415927410125732, 3.1415927410125732, 3.1415927410125732, 3.1415927410125732, 0.0, 0.0, 0.0, 0.0, 0.0, 0.0, 0.0, 0.0, 0.0, 0.0, 0.0, 0.0, 0.0, 0.0, 0.0, 0.0, 3.1415927410125732, 3.1415927410125732, 3.1415927410125732, 3.1415927410125732, 3.1415927410125732, 3.1415927410125732, 3.1415927410125732, 3.1415927410125732, 3.1415927410125732, 3.1415927410125732, 3.1415927410125732, 3.1415927410125732, 3.1415927410125732, 3.1415927410125732, 3.1415927410125732, 3.1415927410125732, 0.0, 0.0, 0.0, 0.0, 0.0, 0.0, 0.0, 0.0, 0.0, 0.0, 0.0, 0.0, 0.0, 0.0, 0.0, 0.0, 3.1415927410125732, 3.1415927410125732, 3.1415927410125732, 3.1415927410125732, 3.1415927410125732, 3.1415927410125732, 3.1415927410125732, 3.1415927410125732, 3.1415927410125732, 3.1415927410125732, 3.1415927410125732, 3.1415927410125732, 3.1415927410125732, 3.1415927410125732, 3.1415927410125732, 3.1415927410125732, 0.0, 0.0, 0.0, 0.0, 0.0, 0.0, 0.0, 0.0, 0.0, 0.0, 0.0, 0.0, 0.0, 0.0, 0.0, 0.0, 0.0, 0.0, 0.0, 0.0, 0.0, 0.0, 0.0, 0.0, 0.0, 0.0, 0.0, 0.0, 0.0, 0.0, 0.0, 0.0, 0.0, 0.0, 0.0, 0.0, 0.0, 0.0, 0.0, 0.0, 0.0, 0.0, 0.0, 0.0, 0.0, 0.0, 0.0, 0.0, 0.0, 0.0, 0.0, 0.0, 0.0, 0.0, 0.0, 0.0, 0.0, 0.0, 0.0, 0.0, 0.0, 0.0, 0.0, 0.0, 0.0, 0.0, 0.0, 0.0, 0.0, 0.0, 0.0, 0.0, 0.0, 0.0, 0.0, 0.0, 0.0, 0.0, 0.0, 0.0, 0.0, 0.0, 0.0, 0.0, 0.0, 0.0, 0.0, 0.0, 0.0, 0.0, 0.0, 0.0, 0.0, 0.0, 0.0, 0.0, 0.0, 0.0, 0.0, 0.0, 0.0, 0.0, 0.0, 0.0, 0.0, 0.0, 0.0, 0.0, 0.0, 0.0, 0.0, 0.0, 0.0, 0.0, 0.0, 0.0, 0.0, 0.0, 0.0, 0.0, 0.0, 0.0, 0.0, 0.0, 0.0, 0.0, 0.0, 0.0, 0.0, 0.0, 0.0, 0.0, 0.0, 0.0, 0.0, 0.0, 0.0, 0.0, 0.0, 0.0, 0.0, 0.0, 0.0, 0.0, 0.0, 0.0, 0.0, 0.0, 0.0, 0.0, 0.0, 0.0, 0.0, 0.0, 0.0, 0.0, 0.0, 0.0, 0.0, 0.0, 0.0, 0.0, 0.0, 0.0, 0.0, 0.0, 0.0, 0.0, 0.0, 0.0, 0.0, 0.0, 0.0, 0.0, 0.0, 0.0, 0.0, 0.0, 0.0, 0.0, 0.0, 0.0, 0.0, 0.0, 0.0, 0.0, 0.0, 0.0, 0.0, 0.0, 0.0, 0.0, 0.0, 0.0, 0.0, 0.0, 0.0, 0.0, 0.0, 0.0, 0.0, 0.0, 0.0, 0.0, 0.0, 0.0, 0.0, 0.0, 0.0, 0.0, 0.0, 0.0, 0.0, 0.0, 0.0, 0.0, 0.0, 0.0, 0.0, 0.0, 0.0, 0.0, 0.0, 0.0, 0.0, 0.0, 0.0, 0.0, 0.0, 0.0, 0.0, 0.0, 0.0, 0.0, 0.0, 0.0, 0.0, 0.0, 0.0, 0.0, 0.0, 0.0, 0.0, 0.0, 0.0, 0.0, 0.0, 0.0, 0.0, 0.0, 0.0, 0.0, 0.0, 0.0, 0.0, 0.0, 0.0, 0.0, 0.0, 0.0, 0.0, 0.0, 0.0, 0.0, 3.1415927410125732, 3.1415927410125732, 3.1415927410125732, 3.1415927410125732, 3.1415927410125732, 3.1415927410125732, 3.1415927410125732, 3.1415927410125732, 0.0, 0.0, 0.0, 0.0, 0.0, 0.0, 0.0, 0.0, 0.0, 0.0, 0.0, 0.0, 0.0, 0.0, 0.0, 0.0, 0.0, 0.0, 0.0, 0.0, 0.0, 0.0, 0.0, 0.0, 3.1415927410125732, 3.1415927410125732, 3.1415927410125732, 3.1415927410125732, 3.1415927410125732, 3.1415927410125732, 3.1415927410125732, 3.1415927410125732, 0.0, 0.0, 0.0, 0.0, 0.0, 0.0, 0.0, 0.0, 0.0, 0.0, 0.0, 0.0, 0.0, 0.0, 0.0, 0.0, 0.0, 0.0, 0.0, 0.0, 0.0, 0.0, 0.0, 0.0, 3.1415927410125732, 3.1415927410125732, 3.1415927410125732, 3.1415927410125732, 3.1415927410125732, 3.1415927410125732, 3.1415927410125732, 3.1415927410125732, 0.0, 0.0, 0.0, 0.0, 0.0, 0.0, 0.0, 0.0, 0.0, 0.0, 0.0, 0.0, 0.0, 0.0, 0.0, 0.0, 0.0, 0.0, 0.0, 0.0, 0.0, 0.0, 0.0, 0.0, 3.1415927410125732, 3.1415927410125732, 3.1415927410125732, 3.1415927410125732, 3.1415927410125732, 3.1415927410125732, 3.1415927410125732, 3.1415927410125732, 0.0, 0.0, 0.0, 0.0, 0.0, 0.0, 0.0, 0.0, 0.0, 0.0, 0.0, 0.0, 0.0, 0.0, 0.0, 0.0, 0.0, 0.0, 0.0, 0.0, 0.0, 0.0, 0.0, 0.0, 3.1415927410125732, 3.1415927410125732, 3.1415927410125732, 3.1415927410125732, 3.1415927410125732, 3.1415927410125732, 3.1415927410125732, 3.1415927410125732, 0.0, 0.0, 0.0, 0.0, 0.0, 0.0, 0.0, 0.0, 0.0, 0.0, 0.0, 0.0, 0.0, 0.0, 0.0, 0.0, 0.0, 0.0, 0.0, 0.0, 0.0, 0.0, 0.0, 0.0, 3.1415927410125732, 3.1415927410125732, 3.1415927410125732, 3.1415927410125732, 3.1415927410125732, 3.1415927410125732, 3.1415927410125732, 3.1415927410125732, 0.0, 0.0, 0.0, 0.0, 0.0, 0.0, 0.0, 0.0, 0.0, 0.0, 0.0, 0.0, 0.0, 0.0, 0.0, 0.0, 0.0, 0.0, 0.0, 0.0, 0.0, 0.0, 0.0, 0.0, 3.1415927410125732, 3.1415927410125732, 3.1415927410125732, 3.1415927410125732, 3.1415927410125732, 3.1415927410125732, 3.1415927410125732, 3.1415927410125732, 0.0, 0.0, 0.0, 0.0, 0.0, 0.0, 0.0, 0.0, 0.0, 0.0, 0.0, 0.0, 0.0, 0.0, 0.0, 0.0, 0.0, 0.0, 0.0, 0.0, 0.0, 0.0, 0.0, 0.0, 3.1415927410125732, 3.1415927410125732, 3.1415927410125732, 3.1415927410125732, 3.1415927410125732, 3.1415927410125732, 3.1415927410125732, 3.1415927410125732, 0.0, 0.0, 0.0, 0.0, 0.0, 0.0, 0.0, 0.0, 0.0, 0.0, 0.0, 0.0, 0.0, 0.0, 0.0, 0.0]"
0.6088365,0.15223686,0.15219523,0.15220979,0.15219462,0.15220913,-9.53539467,-9.53664207,-9.53620815,-9.53666496,"[3.1415927410125732, 3.1415927410125732, 3.1415927410125732, 3.1415927410125732, 3.1415927410125732, 3.1415927410125732, 3.1415927410125732, 3.1415927410125732, 3.1415927410125732, 3.1415927410125732, 3.1415927410125732, 3.1415927410125732, 3.1415927410125732, 3.1415927410125732, 3.1415927410125732, 3.1415927410125732, 3.1415927410125732, 3.1415927410125732, 3.1415927410125732, 3.1415927410125732, 3.1415927410125732, 3.1415927410125732, 3.1415927410125732, 3.1415927410125732, 3.1415927410125732, 3.1415927410125732, 3.1415927410125732, 3.1415927410125732, 3.1415927410125732, 3.1415927410125732, 3.1415927410125732, 3.1415927410125732, 3.1415927410125732, 3.1415927410125732, 3.1415927410125732, 3.1415927410125732, 3.1415927410125732, 3.1415927410125732, 3.1415927410125732, 3.1415927410125732, 3.1415927410125732, 3.1415927410125732, 3.1415927410125732, 3.1415927410125732, 3.1415927410125732, 3.1415927410125732, 3.1415927410125732, 3.1415927410125732, 3.1415927410125732, 3.1415927410125732, 3.1415927410125732, 3.1415927410125732, 3.1415927410125732, 3.1415927410125732, 3.1415927410125732, 3.1415927410125732, 3.1415927410125732, 3.1415927410125732, 3.1415927410125732, 3.1415927410125732, 3.1415927410125732, 3.1415927410125732, 3.1415927410125732, 3.1415927410125732, 3.1415927410125732, 3.1415927410125732, 3.1415927410125732, 3.1415927410125732, 3.1415927410125732, 3.1415927410125732, 3.1415927410125732, 3.1415927410125732, 3.1415927410125732, 3.1415927410125732, 3.1415927410125732, 3.1415927410125732, 3.1415927410125732, 3.1415927410125732, 3.1415927410125732, 3.1415927410125732, 3.1415927410125732, 3.1415927410125732, 3.1415927410125732, 3.1415927410125732, 3.1415927410125732, 3.1415927410125732, 3.1415927410125732, 3.1415927410125732, 3.1415927410125732, 3.1415927410125732, 3.1415927410125732, 3.1415927410125732, 3.1415927410125732, 3.1415927410125732, 3.1415927410125732, 3.1415927410125732, 3.1415927410125732, 3.1415927410125732, 3.1415927410125732, 3.1415927410125732, 3.1415927410125732, 3.1415927410125732, 3.1415927410125732, 3.1415927410125732, 3.1415927410125732, 3.1415927410125732, 3.1415927410125732, 3.1415927410125732, 3.1415927410125732, 3.1415927410125732, 3.1415927410125732, 3.1415927410125732, 3.1415927410125732, 3.1415927410125732, 3.1415927410125732, 3.1415927410125732, 3.1415927410125732, 3.1415927410125732, 3.1415927410125732, 3.1415927410125732, 3.1415927410125732, 3.1415927410125732, 3.1415927410125732, 3.1415927410125732, 3.1415927410125732, 3.1415927410125732, 3.1415927410125732, 3.1415927410125732, 3.1415927410125732, 3.1415927410125732, 3.1415927410125732, 3.1415927410125732, 3.1415927410125732, 3.1415927410125732, 3.1415927410125732, 3.1415927410125732, 3.1415927410125732, 3.1415927410125732, 3.1415927410125732, 3.1415927410125732, 3.1415927410125732, 3.1415927410125732, 3.1415927410125732, 3.1415927410125732, 3.1415927410125732, 3.1415927410125732, 3.1415927410125732, 3.1415927410125732, 3.1415927410125732, 3.1415927410125732, 3.1415927410125732, 3.1415927410125732, 3.1415927410125732, 3.1415927410125732, 3.1415927410125732, 3.1415927410125732, 3.1415927410125732, 3.1415927410125732, 3.1415927410125732, 3.1415927410125732, 3.1415927410125732, 3.1415927410125732, 3.1415927410125732, 3.1415927410125732, 3.1415927410125732, 3.1415927410125732, 3.1415927410125732, 3.1415927410125732, 3.1415927410125732, 3.1415927410125732, 3.1415927410125732, 3.1415927410125732, 3.1415927410125732, 3.1415927410125732, 3.1415927410125732, 3.1415927410125732, 3.1415927410125732, 3.1415927410125732, 3.1415927410125732, 3.1415927410125732, 3.1415927410125732, 3.1415927410125732, 3.1415927410125732, 3.1415927410125732, 3.1415927410125732, 3.1415927410125732, 3.1415927410125732, 3.1415927410125732, 3.1415927410125732, 3.1415927410125732, 3.1415927410125732, 3.1415927410125732, 3.1415927410125732, 3.1415927410125732, 3.1415927410125732, 3.1415927410125732, 3.1415927410125732, 3.1415927410125732, 3.1415927410125732, 3.1415927410125732, 3.1415927410125732, 3.1415927410125732, 3.1415927410125732, 3.1415927410125732, 3.1415927410125732, 3.1415927410125732, 3.1415927410125732, 3.1415927410125732, 3.1415927410125732, 3.1415927410125732, 3.1415927410125732, 3.1415927410125732, 3.1415927410125732, 3.1415927410125732, 3.1415927410125732, 3.1415927410125732, 3.1415927410125732, 3.1415927410125732, 3.1415927410125732, 3.1415927410125732, 3.1415927410125732, 3.1415927410125732, 3.1415927410125732, 3.1415927410125732, 3.1415927410125732, 3.1415927410125732, 3.1415927410125732, 3.1415927410125732, 3.1415927410125732, 3.1415927410125732, 3.1415927410125732, 3.1415927410125732, 3.1415927410125732, 3.1415927410125732, 3.1415927410125732, 3.1415927410125732, 3.1415927410125732, 3.1415927410125732, 3.1415927410125732, 3.1415927410125732, 3.1415927410125732, 3.1415927410125732, 3.1415927410125732, 3.1415927410125732, 3.1415927410125732, 3.1415927410125732, 3.1415927410125732, 3.1415927410125732, 3.1415927410125732, 3.1415927410125732, 3.1415927410125732, 3.1415927410125732, 3.1415927410125732, 3.1415927410125732, 3.1415927410125732, 3.1415927410125732, 0.0, 0.0, 0.0, 0.0, 0.0, 0.0, 0.0, 0.0, 0.0, 0.0, 0.0, 0.0, 0.0, 0.0, 0.0, 0.0, 3.1415927410125732, 3.1415927410125732, 3.1415927410125732, 3.1415927410125732, 3.1415927410125732, 3.1415927410125732, 3.1415927410125732, 3.1415927410125732, 3.1415927410125732, 3.1415927410125732, 3.1415927410125732, 3.1415927410125732, 3.1415927410125732, 3.1415927410125732, 3.1415927410125732, 3.1415927410125732, 0.0, 0.0, 0.0, 0.0, 0.0, 0.0, 0.0, 0.0, 0.0, 0.0, 0.0, 0.0, 0.0, 0.0, 0.0, 0.0, 3.1415927410125732, 3.1415927410125732, 3.1415927410125732, 3.1415927410125732, 3.1415927410125732, 3.1415927410125732, 3.1415927410125732, 3.1415927410125732, 3.1415927410125732, 3.1415927410125732, 3.1415927410125732, 3.1415927410125732, 3.1415927410125732, 3.1415927410125732, 3.1415927410125732, 3.1415927410125732, 0.0, 0.0, 0.0, 0.0, 0.0, 0.0, 0.0, 0.0, 0.0, 0.0, 0.0, 0.0, 0.0, 0.0, 0.0, 0.0, 3.1415927410125732, 3.1415927410125732, 3.1415927410125732, 3.1415927410125732, 3.1415927410125732, 3.1415927410125732, 3.1415927410125732, 3.1415927410125732, 3.1415927410125732, 3.1415927410125732, 3.1415927410125732, 3.1415927410125732, 3.1415927410125732, 3.1415927410125732, 3.1415927410125732, 3.1415927410125732, 0.0, 0.0, 0.0, 0.0, 0.0, 0.0, 0.0, 0.0, 0.0, 0.0, 0.0, 0.0, 0.0, 0.0, 0.0, 0.0, 3.1415927410125732, 3.1415927410125732, 3.1415927410125732, 3.1415927410125732, 3.1415927410125732, 3.1415927410125732, 3.1415927410125732, 3.1415927410125732, 3.1415927410125732, 3.1415927410125732, 3.1415927410125732, 3.1415927410125732, 3.1415927410125732, 3.1415927410125732, 3.1415927410125732, 3.1415927410125732, 0.0, 0.0, 0.0, 0.0, 0.0, 0.0, 0.0, 0.0, 0.0, 0.0, 0.0, 0.0, 0.0, 0.0, 0.0, 0.0, 3.1415927410125732, 3.1415927410125732, 3.1415927410125732, 3.1415927410125732, 3.1415927410125732, 3.1415927410125732, 3.1415927410125732, 3.1415927410125732, 3.1415927410125732, 3.1415927410125732, 3.1415927410125732, 3.1415927410125732, 3.1415927410125732, 3.1415927410125732, 3.1415927410125732, 3.1415927410125732, 0.0, 0.0, 0.0, 0.0, 0.0, 0.0, 0.0, 0.0, 0.0, 0.0, 0.0, 0.0, 0.0, 0.0, 0.0, 0.0, 3.1415927410125732, 3.1415927410125732, 3.1415927410125732, 3.1415927410125732, 3.1415927410125732, 3.1415927410125732, 3.1415927410125732, 3.1415927410125732, 3.1415927410125732, 3.1415927410125732, 3.1415927410125732, 3.1415927410125732, 3.1415927410125732, 3.1415927410125732, 3.1415927410125732, 3.1415927410125732, 0.0, 0.0, 0.0, 0.0, 0.0, 0.0, 0.0, 0.0, 0.0, 0.0, 0.0, 0.0, 0.0, 0.0, 0.0, 0.0, 3.1415927410125732, 3.1415927410125732, 3.1415927410125732, 3.1415927410125732, 3.1415927410125732, 3.1415927410125732, 3.1415927410125732, 3.1415927410125732, 3.1415927410125732, 3.1415927410125732, 3.1415927410125732, 3.1415927410125732, 3.1415927410125732, 3.1415927410125732, 3.1415927410125732, 3.1415927410125732, 0.0, 0.0, 0.0, 0.0, 0.0, 0.0, 0.0, 0.0, 0.0, 0.0, 0.0, 0.0, 0.0, 0.0, 0.0, 0.0, 3.1415927410125732, 3.1415927410125732, 3.1415927410125732, 3.1415927410125732, 3.1415927410125732, 3.1415927410125732, 3.1415927410125732, 3.1415927410125732, 3.1415927410125732, 3.1415927410125732, 3.1415927410125732, 3.1415927410125732, 3.1415927410125732, 3.1415927410125732, 3.1415927410125732, 3.1415927410125732, 0.0, 0.0, 0.0, 0.0, 0.0, 0.0, 0.0, 0.0, 0.0, 0.0, 0.0, 0.0, 0.0, 0.0, 0.0, 0.0, 0.0, 0.0, 0.0, 0.0, 0.0, 0.0, 0.0, 0.0, 0.0, 0.0, 0.0, 0.0, 0.0, 0.0, 0.0, 0.0, 0.0, 0.0, 0.0, 0.0, 0.0, 0.0, 0.0, 0.0, 0.0, 0.0, 0.0, 0.0, 0.0, 0.0, 0.0, 0.0, 0.0, 0.0, 0.0, 0.0, 0.0, 0.0, 0.0, 0.0, 0.0, 0.0, 0.0, 0.0, 0.0, 0.0, 0.0, 0.0, 0.0, 0.0, 0.0, 0.0, 0.0, 0.0, 0.0, 0.0, 0.0, 0.0, 0.0, 0.0, 0.0, 0.0, 0.0, 0.0, 0.0, 0.0, 0.0, 0.0, 0.0, 0.0, 0.0, 0.0, 0.0, 0.0, 0.0, 0.0, 0.0, 0.0, 0.0, 0.0, 0.0, 0.0, 0.0, 0.0, 0.0, 0.0, 0.0, 0.0, 0.0, 0.0, 0.0, 0.0, 0.0, 0.0, 0.0, 0.0, 0.0, 0.0, 0.0, 0.0, 0.0, 0.0, 0.0, 0.0, 0.0, 0.0, 0.0, 0.0, 0.0, 0.0, 0.0, 0.0, 0.0, 0.0, 0.0, 0.0, 0.0, 0.0, 0.0, 0.0, 0.0, 0.0, 0.0, 0.0, 0.0, 0.0, 0.0, 0.0, 0.0, 0.0, 0.0, 0.0, 0.0, 0.0, 0.0, 0.0, 0.0, 0.0, 0.0, 0.0, 0.0, 0.0, 0.0, 0.0, 0.0, 0.0, 0.0, 0.0, 0.0, 0.0, 0.0, 0.0, 0.0, 0.0, 0.0, 0.0, 0.0, 0.0, 0.0, 0.0, 0.0, 0.0, 0.0, 0.0, 0.0, 0.0, 0.0, 0.0, 0.0, 0.0, 0.0, 0.0, 0.0, 0.0, 0.0, 0.0, 0.0, 0.0, 0.0, 0.0, 0.0, 0.0, 0.0, 0.0, 0.0, 0.0, 0.0, 0.0, 0.0, 0.0, 0.0, 0.0, 0.0, 0.0, 0.0, 0.0, 0.0, 0.0, 0.0, 0.0, 0.0, 0.0, 0.0, 0.0, 0.0, 0.0, 0.0, 0.0, 0.0, 0.0, 0.0, 0.0, 0.0, 0.0, 0.0, 0.0, 0.0, 0.0, 0.0, 0.0, 0.0, 0.0, 0.0, 0.0, 0.0, 0.0, 0.0, 0.0, 0.0, 0.0, 0.0, 0.0, 0.0, 0.0, 0.0, 0.0, 0.0, 0.0, 0.0, 0.0, 0.0, 0.0, 0.0, 0.0, 0.0, 0.0, 0.0, 0.0, 3.1415927410125732, 3.1415927410125732, 3.1415927410125732, 3.1415927410125732, 3.1415927410125732, 3.1415927410125732, 3.1415927410125732, 3.1415927410125732, 0.0, 0.0, 0.0, 0.0, 0.0, 0.0, 0.0, 0.0, 0.0, 0.0, 0.0, 0.0, 0.0, 0.0, 0.0, 0.0, 0.0, 0.0, 0.0, 0.0, 0.0, 0.0, 0.0, 0.0, 3.1415927410125732, 3.1415927410125732, 3.1415927410125732, 3.1415927410125732, 3.1415927410125732, 3.1415927410125732, 3.1415927410125732, 3.1415927410125732, 0.0, 0.0, 0.0, 0.0, 0.0, 0.0, 0.0, 0.0, 0.0, 0.0, 0.0, 0.0, 0.0, 0.0, 0.0, 0.0, 0.0, 0.0, 0.0, 0.0, 0.0, 0.0, 0.0, 0.0, 3.1415927410125732, 3.1415927410125732, 3.1415927410125732, 3.1415927410125732, 3.1415927410125732, 3.1415927410125732, 3.1415927410125732, 3.1415927410125732, 0.0, 0.0, 0.0, 0.0, 0.0, 0.0, 0.0, 0.0, 0.0, 0.0, 0.0, 0.0, 0.0, 0.0, 0.0, 0.0, 0.0, 0.0, 0.0, 0.0, 0.0, 0.0, 0.0, 0.0, 3.1415927410125732, 3.1415927410125732, 3.1415927410125732, 3.1415927410125732, 3.1415927410125732, 3.1415927410125732, 3.1415927410125732, 3.1415927410125732, 0.0, 0.0, 0.0, 0.0, 0.0, 0.0, 0.0, 0.0, 0.0, 0.0, 0.0, 0.0, 0.0, 0.0, 0.0, 0.0, 0.0, 0.0, 0.0, 0.0, 0.0, 0.0, 0.0, 0.0, 3.1415927410125732, 3.1415927410125732, 3.1415927410125732, 3.1415927410125732, 3.1415927410125732, 3.1415927410125732, 3.1415927410125732, 3.1415927410125732, 0.0, 0.0, 0.0, 0.0, 0.0, 0.0, 0.0, 0.0, 0.0, 0.0, 0.0, 0.0, 0.0, 0.0, 0.0, 0.0, 0.0, 0.0, 0.0, 0.0, 0.0, 0.0, 0.0, 0.0, 3.1415927410125732, 3.1415927410125732, 3.1415927410125732, 3.1415927410125732, 3.1415927410125732, 3.1415927410125732, 3.1415927410125732, 3.1415927410125732, 0.0, 0.0, 0.0, 0.0, 0.0, 0.0, 0.0, 0.0, 0.0, 0.0, 0.0, 0.0, 0.0, 0.0, 0.0, 0.0, 0.0, 0.0, 0.0, 0.0, 0.0, 0.0, 0.0, 0.0, 3.1415927410125732, 3.1415927410125732, 3.1415927410125732, 3.1415927410125732, 3.1415927410125732, 3.1415927410125732, 3.1415927410125732, 3.1415927410125732, 0.0, 0.0, 0.0, 0.0, 0.0, 0.0, 0.0, 0.0, 0.0, 0.0, 0.0, 0.0, 0.0, 0.0, 0.0, 0.0, 0.0, 0.0, 0.0, 0.0, 0.0, 0.0, 0.0, 0.0, 3.1415927410125732, 3.1415927410125732, 3.1415927410125732, 3.1415927410125732, 3.1415927410125732, 3.1415927410125732, 3.1415927410125732, 3.1415927410125732, 0.0, 0.0, 0.0, 0.0, 0.0, 0.0, 0.0, 0.0, 0.0, 0.0, 0.0, 0.0, 0.0, 0.0, 0.0, 0.0]"
0.6088365,0.15223686,0.15219523,0.15220979,0.15219462,0.15220913,-9.53539467,-9.53664207,-9.53620815,-9.53666496,"[3.1415927410125732, 3.1415927410125732, 3.1415927410125732, 3.1415927410125732, 3.1415927410125732, 3.1415927410125732, 3.1415927410125732, 3.1415927410125732, 3.1415927410125732, 3.1415927410125732, 3.1415927410125732, 3.1415927410125732, 3.1415927410125732, 3.1415927410125732, 3.1415927410125732, 3.1415927410125732, 3.1415927410125732, 3.1415927410125732, 3.1415927410125732, 3.1415927410125732, 3.1415927410125732, 3.1415927410125732, 3.1415927410125732, 3.1415927410125732, 3.1415927410125732, 3.1415927410125732, 3.1415927410125732, 3.1415927410125732, 3.1415927410125732, 3.1415927410125732, 3.1415927410125732, 3.1415927410125732, 3.1415927410125732, 3.1415927410125732, 3.1415927410125732, 3.1415927410125732, 3.1415927410125732, 3.1415927410125732, 3.1415927410125732, 3.1415927410125732, 3.1415927410125732, 3.1415927410125732, 3.1415927410125732, 3.1415927410125732, 3.1415927410125732, 3.1415927410125732, 3.1415927410125732, 3.1415927410125732, 3.1415927410125732, 3.1415927410125732, 3.1415927410125732, 3.1415927410125732, 3.1415927410125732, 3.1415927410125732, 3.1415927410125732, 3.1415927410125732, 3.1415927410125732, 3.1415927410125732, 3.1415927410125732, 3.1415927410125732, 3.1415927410125732, 3.1415927410125732, 3.1415927410125732, 3.1415927410125732, 3.1415927410125732, 3.1415927410125732, 3.1415927410125732, 3.1415927410125732, 3.1415927410125732, 3.1415927410125732, 3.1415927410125732, 3.1415927410125732, 3.1415927410125732, 3.1415927410125732, 3.1415927410125732, 3.1415927410125732, 3.1415927410125732, 3.1415927410125732, 3.1415927410125732, 3.1415927410125732, 3.1415927410125732, 3.1415927410125732, 3.1415927410125732, 3.1415927410125732, 3.1415927410125732, 3.1415927410125732, 3.1415927410125732, 3.1415927410125732, 3.1415927410125732, 3.1415927410125732, 3.1415927410125732, 3.1415927410125732, 3.1415927410125732, 3.1415927410125732, 3.1415927410125732, 3.1415927410125732, 3.1415927410125732, 3.1415927410125732, 3.1415927410125732, 3.1415927410125732, 3.1415927410125732, 3.1415927410125732, 3.1415927410125732, 3.1415927410125732, 3.1415927410125732, 3.1415927410125732, 3.1415927410125732, 3.1415927410125732, 3.1415927410125732, 3.1415927410125732, 3.1415927410125732, 3.1415927410125732, 3.1415927410125732, 3.1415927410125732, 3.1415927410125732, 3.1415927410125732, 3.1415927410125732, 3.1415927410125732, 3.1415927410125732, 3.1415927410125732, 3.1415927410125732, 3.1415927410125732, 3.1415927410125732, 3.1415927410125732, 3.1415927410125732, 3.1415927410125732, 3.1415927410125732, 3.1415927410125732, 3.1415927410125732, 3.1415927410125732, 3.1415927410125732, 3.1415927410125732, 3.1415927410125732, 3.1415927410125732, 3.1415927410125732, 3.1415927410125732, 3.1415927410125732, 3.1415927410125732, 3.1415927410125732, 3.1415927410125732, 3.1415927410125732, 3.1415927410125732, 3.1415927410125732, 3.1415927410125732, 3.1415927410125732, 3.1415927410125732, 3.1415927410125732, 3.1415927410125732, 3.1415927410125732, 3.1415927410125732, 3.1415927410125732, 3.1415927410125732, 3.1415927410125732, 3.1415927410125732, 3.1415927410125732, 3.1415927410125732, 3.1415927410125732, 3.1415927410125732, 3.1415927410125732, 3.1415927410125732, 3.1415927410125732, 3.1415927410125732, 3.1415927410125732, 3.1415927410125732, 3.1415927410125732, 3.1415927410125732, 3.1415927410125732, 3.1415927410125732, 3.1415927410125732, 3.1415927410125732, 3.1415927410125732, 3.1415927410125732, 3.1415927410125732, 3.1415927410125732, 3.1415927410125732, 3.1415927410125732, 3.1415927410125732, 3.1415927410125732, 3.1415927410125732, 3.1415927410125732, 3.1415927410125732, 3.1415927410125732, 3.1415927410125732, 3.1415927410125732, 3.1415927410125732, 3.1415927410125732, 3.1415927410125732, 3.1415927410125732, 3.1415927410125732, 3.1415927410125732, 3.1415927410125732, 3.1415927410125732, 3.1415927410125732, 3.1415927410125732, 3.1415927410125732, 3.1415927410125732, 3.1415927410125732, 3.1415927410125732, 3.1415927410125732, 3.1415927410125732, 3.1415927410125732, 3.1415927410125732, 3.1415927410125732, 3.1415927410125732, 3.1415927410125732, 3.1415927410125732, 3.1415927410125732, 3.1415927410125732, 3.1415927410125732, 3.1415927410125732, 3.1415927410125732, 3.1415927410125732, 3.1415927410125732, 3.1415927410125732, 3.1415927410125732, 3.1415927410125732, 3.1415927410125732, 3.1415927410125732, 3.1415927410125732, 3.1415927410125732, 3.1415927410125732, 3.1415927410125732, 3.1415927410125732, 3.1415927410125732, 3.1415927410125732, 3.1415927410125732, 3.1415927410125732, 3.1415927410125732, 3.1415927410125732, 3.1415927410125732, 3.1415927410125732, 3.1415927410125732, 3.1415927410125732, 3.1415927410125732, 3.1415927410125732, 3.1415927410125732, 3.1415927410125732, 3.1415927410125732, 3.1415927410125732, 3.1415927410125732, 3.1415927410125732, 3.1415927410125732, 3.1415927410125732, 3.1415927410125732, 3.1415927410125732, 3.1415927410125732, 3.1415927410125732, 3.1415927410125732, 3.1415927410125732, 3.1415927410125732, 3.1415927410125732, 3.1415927410125732, 3.1415927410125732, 3.1415927410125732, 3.1415927410125732, 3.1415927410125732, 0.0, 0.0, 0.0, 0.0, 0.0, 0.0, 0.0, 0.0, 0.0, 0.0, 0.0, 0.0, 0.0, 0.0, 0.0, 0.0, 3.1415927410125732, 3.1415927410125732, 3.1415927410125732, 3.1415927410125732, 3.1415927410125732, 3.1415927410125732, 3.1415927410125732, 3.1415927410125732, 3.1415927410125732, 3.1415927410125732, 3.1415927410125732, 3.1415927410125732, 3.1415927410125732, 3.1415927410125732, 3.1415927410125732, 3.1415927410125732, 0.0, 0.0, 0.0, 0.0, 0.0, 0.0, 0.0, 0.0, 0.0, 0.0, 0.0, 0.0, 0.0, 0.0, 0.0, 0.0, 3.1415927410125732, 3.1415927410125732, 3.1415927410125732, 3.1415927410125732, 3.1415927410125732, 3.1415927410125732, 3.1415927410125732, 3.1415927410125732, 3.1415927410125732, 3.1415927410125732, 3.1415927410125732, 3.1415927410125732, 3.1415927410125732, 3.1415927410125732, 3.1415927410125732, 3.1415927410125732, 0.0, 0.0, 0.0, 0.0, 0.0, 0.0, 0.0, 0.0, 0.0, 0.0, 0.0, 0.0, 0.0, 0.0, 0.0, 0.0, 3.1415927410125732, 3.1415927410125732, 3.1415927410125732, 3.1415927410125732, 3.1415927410125732, 3.1415927410125732, 3.1415927410125732, 3.1415927410125732, 3.1415927410125732, 3.1415927410125732, 3.1415927410125732, 3.1415927410125732, 3.1415927410125732, 3.1415927410125732, 3.1415927410125732, 3.1415927410125732, 0.0, 0.0, 0.0, 0.0, 0.0, 0.0, 0.0, 0.0, 0.0, 0.0, 0.0, 0.0, 0.0, 0.0, 0.0, 0.0, 3.1415927410125732, 3.1415927410125732, 3.1415927410125732, 3.1415927410125732, 3.1415927410125732, 3.1415927410125732, 3.1415927410125732, 3.1415927410125732, 3.1415927410125732, 3.1415927410125732, 3.1415927410125732, 3.1415927410125732, 3.1415927410125732, 3.1415927410125732, 3.1415927410125732, 3.1415927410125732, 0.0, 0.0, 0.0, 0.0, 0.0, 0.0, 0.0, 0.0, 0.0, 0.0, 0.0, 0.0, 0.0, 0.0, 0.0, 0.0, 3.1415927410125732, 3.1415927410125732, 3.1415927410125732, 3.1415927410125732, 3.1415927410125732, 3.1415927410125732, 3.1415927410125732, 3.1415927410125732, 3.1415927410125732, 3.1415927410125732, 3.1415927410125732, 3.1415927410125732, 3.1415927410125732, 3.1415927410125732, 3.1415927410125732, 3.1415927410125732, 0.0, 0.0, 0.0, 0.0, 0.0, 0.0, 0.0, 0.0, 0.0, 0.0, 0.0, 0.0, 0.0, 0.0, 0.0, 0.0, 3.1415927410125732, 3.1415927410125732, 3.1415927410125732, 3.1415927410125732, 3.1415927410125732, 3.1415927410125732, 3.1415927410125732, 3.1415927410125732, 3.1415927410125732, 3.1415927410125732, 3.1415927410125732, 3.1415927410125732, 3.1415927410125732, 3.1415927410125732, 3.1415927410125732, 3.1415927410125732, 0.0, 0.0, 0.0, 0.0, 0.0, 0.0, 0.0, 0.0, 0.0, 0.0, 0.0, 0.0, 0.0, 0.0, 0.0, 0.0, 3.1415927410125732, 3.1415927410125732, 3.1415927410125732, 3.1415927410125732, 3.1415927410125732, 3.1415927410125732, 3.1415927410125732, 3.1415927410125732, 3.1415927410125732, 3.1415927410125732, 3.1415927410125732, 3.1415927410125732, 3.1415927410125732, 3.1415927410125732, 3.1415927410125732, 3.1415927410125732, 0.0, 0.0, 0.0, 0.0, 0.0, 0.0, 0.0, 0.0, 0.0, 0.0, 0.0, 0.0, 0.0, 0.0, 0.0, 0.0, 3.1415927410125732, 3.1415927410125732, 3.1415927410125732, 3.1415927410125732, 3.1415927410125732, 3.1415927410125732, 3.1415927410125732, 3.1415927410125732, 3.1415927410125732, 3.1415927410125732, 3.1415927410125732, 3.1415927410125732, 3.1415927410125732, 3.1415927410125732, 3.1415927410125732, 3.1415927410125732, 0.0, 0.0, 0.0, 0.0, 0.0, 0.0, 0.0, 0.0, 0.0, 0.0, 0.0, 0.0, 0.0, 0.0, 0.0, 0.0, 0.0, 0.0, 0.0, 0.0, 0.0, 0.0, 0.0, 0.0, 0.0, 0.0, 0.0, 0.0, 0.0, 0.0, 0.0, 0.0, 0.0, 0.0, 0.0, 0.0, 0.0, 0.0, 0.0, 0.0, 0.0, 0.0, 0.0, 0.0, 0.0, 0.0, 0.0, 0.0, 0.0, 0.0, 0.0, 0.0, 0.0, 0.0, 0.0, 0.0, 0.0, 0.0, 0.0, 0.0, 0.0, 0.0, 0.0, 0.0, 0.0, 0.0, 0.0, 0.0, 0.0, 0.0, 0.0, 0.0, 0.0, 0.0, 0.0, 0.0, 0.0, 0.0, 0.0, 0.0, 0.0, 0.0, 0.0, 0.0, 0.0, 0.0, 0.0, 0.0, 0.0, 0.0, 0.0, 0.0, 0.0, 0.0, 0.0, 0.0, 0.0, 0.0, 0.0, 0.0, 0.0, 0.0, 0.0, 0.0, 0.0, 0.0, 0.0, 0.0, 0.0, 0.0, 0.0, 0.0, 0.0, 0.0, 0.0, 0.0, 0.0, 0.0, 0.0, 0.0, 0.0, 0.0, 0.0, 0.0, 0.0, 0.0, 0.0, 0.0, 0.0, 0.0, 0.0, 0.0, 0.0, 0.0, 0.0, 0.0, 0.0, 0.0, 0.0, 0.0, 0.0, 0.0, 0.0, 0.0, 0.0, 0.0, 0.0, 0.0, 0.0, 0.0, 0.0, 0.0, 0.0, 0.0, 0.0, 0.0, 0.0, 0.0, 0.0, 0.0, 0.0, 0.0, 0.0, 0.0, 0.0, 0.0, 0.0, 0.0, 0.0, 0.0, 0.0, 0.0, 0.0, 0.0, 0.0, 0.0, 0.0, 0.0, 0.0, 0.0, 0.0, 0.0, 0.0, 0.0, 0.0, 0.0, 0.0, 0.0, 0.0, 0.0, 0.0, 0.0, 0.0, 0.0, 0.0, 0.0, 0.0, 0.0, 0.0, 0.0, 0.0, 0.0, 0.0, 0.0, 0.0, 0.0, 0.0, 0.0, 0.0, 0.0, 0.0, 0.0, 0.0, 0.0, 0.0, 0.0, 0.0, 0.0, 0.0, 0.0, 0.0, 0.0, 0.0, 0.0, 0.0, 0.0, 0.0, 0.0, 0.0, 0.0, 0.0, 0.0, 0.0, 0.0, 0.0, 0.0, 0.0, 0.0, 0.0, 0.0, 0.0, 0.0, 0.0, 0.0, 0.0, 0.0, 0.0, 0.0, 0.0, 0.0, 0.0, 0.0, 0.0, 0.0, 0.0, 0.0, 0.0, 0.0, 0.0, 0.0, 0.0, 0.0, 0.0, 0.0, 3.1415927410125732, 3.1415927410125732, 3.1415927410125732, 3.1415927410125732, 3.1415927410125732, 3.1415927410125732, 3.1415927410125732, 3.1415927410125732, 0.0, 0.0, 0.0, 0.0, 0.0, 0.0, 0.0, 0.0, 0.0, 0.0, 0.0, 0.0, 0.0, 0.0, 0.0, 0.0, 0.0, 0.0, 0.0, 0.0, 0.0, 0.0, 0.0, 0.0, 3.1415927410125732, 3.1415927410125732, 3.1415927410125732, 3.1415927410125732, 3.1415927410125732, 3.1415927410125732, 3.1415927410125732, 3.1415927410125732, 0.0, 0.0, 0.0, 0.0, 0.0, 0.0, 0.0, 0.0, 0.0, 0.0, 0.0, 0.0, 0.0, 0.0, 0.0, 0.0, 0.0, 0.0, 0.0, 0.0, 0.0, 0.0, 0.0, 0.0, 3.1415927410125732, 3.1415927410125732, 3.1415927410125732, 3.1415927410125732, 3.1415927410125732, 3.1415927410125732, 3.1415927410125732, 3.1415927410125732, 0.0, 0.0, 0.0, 0.0, 0.0, 0.0, 0.0, 0.0, 0.0, 0.0, 0.0, 0.0, 0.0, 0.0, 0.0, 0.0, 0.0, 0.0, 0.0, 0.0, 0.0, 0.0, 0.0, 0.0, 3.1415927410125732, 3.1415927410125732, 3.1415927410125732, 3.1415927410125732, 3.1415927410125732, 3.1415927410125732, 3.1415927410125732, 3.1415927410125732, 0.0, 0.0, 0.0, 0.0, 0.0, 0.0, 0.0, 0.0, 0.0, 0.0, 0.0, 0.0, 0.0, 0.0, 0.0, 0.0, 0.0, 0.0, 0.0, 0.0, 0.0, 0.0, 0.0, 0.0, 3.1415927410125732, 3.1415927410125732, 3.1415927410125732, 3.1415927410125732, 3.1415927410125732, 3.1415927410125732, 3.1415927410125732, 3.1415927410125732, 0.0, 0.0, 0.0, 0.0, 0.0, 0.0, 0.0, 0.0, 0.0, 0.0, 0.0, 0.0, 0.0, 0.0, 0.0, 0.0, 0.0, 0.0, 0.0, 0.0, 0.0, 0.0, 0.0, 0.0, 3.1415927410125732, 3.1415927410125732, 3.1415927410125732, 3.1415927410125732, 3.1415927410125732, 3.1415927410125732, 3.1415927410125732, 3.1415927410125732, 0.0, 0.0, 0.0, 0.0, 0.0, 0.0, 0.0, 0.0, 0.0, 0.0, 0.0, 0.0, 0.0, 0.0, 0.0, 0.0, 0.0, 0.0, 0.0, 0.0, 0.0, 0.0, 0.0, 0.0, 3.1415927410125732, 3.1415927410125732, 3.1415927410125732, 3.1415927410125732, 3.1415927410125732, 3.1415927410125732, 3.1415927410125732, 3.1415927410125732, 0.0, 0.0, 0.0, 0.0, 0.0, 0.0, 0.0, 0.0, 0.0, 0.0, 0.0, 0.0, 0.0, 0.0, 0.0, 0.0, 0.0, 0.0, 0.0, 0.0, 0.0, 0.0, 0.0, 0.0, 3.1415927410125732, 3.1415927410125732, 3.1415927410125732, 3.1415927410125732, 3.1415927410125732, 3.1415927410125732, 3.1415927410125732, 3.1415927410125732, 0.0, 0.0, 0.0, 0.0, 0.0, 0.0, 0.0, 0.0, 0.0, 0.0, 0.0, 0.0, 0.0, 0.0, 0.0, 0.0]"
0.6088365,0.15223686,0.15219523,0.15220979,0.15219462,0.15220913,-9.53539467,-9.53664207,-9.53620815,-9.53666496,"[3.1415927410125732, 3.1415927410125732, 3.1415927410125732, 3.1415927410125732, 3.1415927410125732, 3.1415927410125732, 3.1415927410125732, 3.1415927410125732, 3.1415927410125732, 3.1415927410125732, 3.1415927410125732, 3.1415927410125732, 3.1415927410125732, 3.1415927410125732, 3.1415927410125732, 3.1415927410125732, 3.1415927410125732, 3.1415927410125732, 3.1415927410125732, 3.1415927410125732, 3.1415927410125732, 3.1415927410125732, 3.1415927410125732, 3.1415927410125732, 3.1415927410125732, 3.1415927410125732, 3.1415927410125732, 3.1415927410125732, 3.1415927410125732, 3.1415927410125732, 3.1415927410125732, 3.1415927410125732, 3.1415927410125732, 3.1415927410125732, 3.1415927410125732, 3.1415927410125732, 3.1415927410125732, 3.1415927410125732, 3.1415927410125732, 3.1415927410125732, 3.1415927410125732, 3.1415927410125732, 3.1415927410125732, 3.1415927410125732, 3.1415927410125732, 3.1415927410125732, 3.1415927410125732, 3.1415927410125732, 3.1415927410125732, 3.1415927410125732, 3.1415927410125732, 3.1415927410125732, 3.1415927410125732, 3.1415927410125732, 3.1415927410125732, 3.1415927410125732, 3.1415927410125732, 3.1415927410125732, 3.1415927410125732, 3.1415927410125732, 3.1415927410125732, 3.1415927410125732, 3.1415927410125732, 3.1415927410125732, 3.1415927410125732, 3.1415927410125732, 3.1415927410125732, 3.1415927410125732, 3.1415927410125732, 3.1415927410125732, 3.1415927410125732, 3.1415927410125732, 3.1415927410125732, 3.1415927410125732, 3.1415927410125732, 3.1415927410125732, 3.1415927410125732, 3.1415927410125732, 3.1415927410125732, 3.1415927410125732, 3.1415927410125732, 3.1415927410125732, 3.1415927410125732, 3.1415927410125732, 3.1415927410125732, 3.1415927410125732, 3.1415927410125732, 3.1415927410125732, 3.1415927410125732, 3.1415927410125732, 3.1415927410125732, 3.1415927410125732, 3.1415927410125732, 3.1415927410125732, 3.1415927410125732, 3.1415927410125732, 3.1415927410125732, 3.1415927410125732, 3.1415927410125732, 3.1415927410125732, 3.1415927410125732, 3.1415927410125732, 3.1415927410125732, 3.1415927410125732, 3.1415927410125732, 3.1415927410125732, 3.1415927410125732, 3.1415927410125732, 3.1415927410125732, 3.1415927410125732, 3.1415927410125732, 3.1415927410125732, 3.1415927410125732, 3.1415927410125732, 3.1415927410125732, 3.1415927410125732, 3.1415927410125732, 3.1415927410125732, 3.1415927410125732, 3.1415927410125732, 3.1415927410125732, 3.1415927410125732, 3.1415927410125732, 3.1415927410125732, 3.1415927410125732, 3.1415927410125732, 3.1415927410125732, 3.1415927410125732, 3.1415927410125732, 3.1415927410125732, 3.1415927410125732, 3.1415927410125732, 3.1415927410125732, 3.1415927410125732, 3.1415927410125732, 3.1415927410125732, 3.1415927410125732, 3.1415927410125732, 3.1415927410125732, 3.1415927410125732, 3.1415927410125732, 3.1415927410125732, 3.1415927410125732, 3.1415927410125732, 3.1415927410125732, 3.1415927410125732, 3.1415927410125732, 3.1415927410125732, 3.1415927410125732, 3.1415927410125732, 3.1415927410125732, 3.1415927410125732, 3.1415927410125732, 3.1415927410125732, 3.1415927410125732, 3.1415927410125732, 3.1415927410125732, 3.1415927410125732, 3.1415927410125732, 3.1415927410125732, 3.1415927410125732, 3.1415927410125732, 3.1415927410125732, 3.1415927410125732, 3.1415927410125732, 3.1415927410125732, 3.1415927410125732, 3.1415927410125732, 3.1415927410125732, 3.1415927410125732, 3.1415927410125732, 3.1415927410125732, 3.1415927410125732, 3.1415927410125732, 3.1415927410125732, 3.1415927410125732, 3.1415927410125732, 3.1415927410125732, 3.1415927410125732, 3.1415927410125732, 3.1415927410125732, 3.1415927410125732, 3.1415927410125732, 3.1415927410125732, 3.1415927410125732, 3.1415927410125732, 3.1415927410125732, 3.1415927410125732, 3.1415927410125732, 3.1415927410125732, 3.1415927410125732, 3.1415927410125732, 3.1415927410125732, 3.1415927410125732, 3.1415927410125732, 3.1415927410125732, 3.1415927410125732, 3.1415927410125732, 3.1415927410125732, 3.1415927410125732, 3.1415927410125732, 3.1415927410125732, 3.1415927410125732, 3.1415927410125732, 3.1415927410125732, 3.1415927410125732, 3.1415927410125732, 3.1415927410125732, 3.1415927410125732, 3.1415927410125732, 3.1415927410125732, 3.1415927410125732, 3.1415927410125732, 3.1415927410125732, 3.1415927410125732, 3.1415927410125732, 3.1415927410125732, 3.1415927410125732, 3.1415927410125732, 3.1415927410125732, 3.1415927410125732, 3.1415927410125732, 3.1415927410125732, 3.1415927410125732, 3.1415927410125732, 3.1415927410125732, 3.1415927410125732, 3.1415927410125732, 3.1415927410125732, 3.1415927410125732, 3.1415927410125732, 3.1415927410125732, 3.1415927410125732, 3.1415927410125732, 3.1415927410125732, 3.1415927410125732, 3.1415927410125732, 3.1415927410125732, 3.1415927410125732, 3.1415927410125732, 3.1415927410125732, 3.1415927410125732, 3.1415927410125732, 3.1415927410125732, 3.1415927410125732, 3.1415927410125732, 3.1415927410125732, 3.1415927410125732, 3.1415927410125732, 3.1415927410125732, 3.1415927410125732, 3.1415927410125732, 3.1415927410125732, 3.1415927410125732, 3.1415927410125732, 3.1415927410125732, 0.0, 0.0, 0.0, 0.0, 0.0, 0.0, 0.0, 0.0, 0.0, 0.0, 0.0, 0.0, 0.0, 0.0, 0.0, 0.0, 3.1415927410125732, 3.1415927410125732, 3.1415927410125732, 3.1415927410125732, 3.1415927410125732, 3.1415927410125732, 3.1415927410125732, 3.1415927410125732, 3.1415927410125732, 3.1415927410125732, 3.1415927410125732, 3.1415927410125732, 3.1415927410125732, 3.1415927410125732, 3.1415927410125732, 3.1415927410125732, 0.0, 0.0, 0.0, 0.0, 0.0, 0.0, 0.0, 0.0, 0.0, 0.0, 0.0, 0.0, 0.0, 0.0, 0.0, 0.0, 3.1415927410125732, 3.1415927410125732, 3.1415927410125732, 3.1415927410125732, 3.1415927410125732, 3.1415927410125732, 3.1415927410125732, 3.1415927410125732, 3.1415927410125732, 3.1415927410125732, 3.1415927410125732, 3.1415927410125732, 3.1415927410125732, 3.1415927410125732, 3.1415927410125732, 3.1415927410125732, 0.0, 0.0, 0.0, 0.0, 0.0, 0.0, 0.0, 0.0, 0.0, 0.0, 0.0, 0.0, 0.0, 0.0, 0.0, 0.0, 3.1415927410125732, 3.1415927410125732, 3.1415927410125732, 3.1415927410125732, 3.1415927410125732, 3.1415927410125732, 3.1415927410125732, 3.1415927410125732, 3.1415927410125732, 3.1415927410125732, 3.1415927410125732, 3.1415927410125732, 3.1415927410125732, 3.1415927410125732, 3.1415927410125732, 3.1415927410125732, 0.0, 0.0, 0.0, 0.0, 0.0, 0.0, 0.0, 0.0, 0.0, 0.0, 0.0, 0.0, 0.0, 0.0, 0.0, 0.0, 3.1415927410125732, 3.1415927410125732, 3.1415927410125732, 3.1415927410125732, 3.1415927410125732, 3.1415927410125732, 3.1415927410125732, 3.1415927410125732, 3.1415927410125732, 3.1415927410125732, 3.1415927410125732, 3.1415927410125732, 3.1415927410125732, 3.1415927410125732, 3.1415927410125732, 3.1415927410125732, 0.0, 0.0, 0.0, 0.0, 0.0, 0.0, 0.0, 0.0, 0.0, 0.0, 0.0, 0.0, 0.0, 0.0, 0.0, 0.0, 3.1415927410125732, 3.1415927410125732, 3.1415927410125732, 3.1415927410125732, 3.1415927410125732, 3.1415927410125732, 3.1415927410125732, 3.1415927410125732, 3.1415927410125732, 3.1415927410125732, 3.1415927410125732, 3.1415927410125732, 3.1415927410125732, 3.1415927410125732, 3.1415927410125732, 3.1415927410125732, 0.0, 0.0, 0.0, 0.0, 0.0, 0.0, 0.0, 0.0, 0.0, 0.0, 0.0, 0.0, 0.0, 0.0, 0.0, 0.0, 3.1415927410125732, 3.1415927410125732, 3.1415927410125732, 3.1415927410125732, 3.1415927410125732, 3.1415927410125732, 3.1415927410125732, 3.1415927410125732, 3.1415927410125732, 3.1415927410125732, 3.1415927410125732, 3.1415927410125732, 3.1415927410125732, 3.1415927410125732, 3.1415927410125732, 3.1415927410125732, 0.0, 0.0, 0.0, 0.0, 0.0, 0.0, 0.0, 0.0, 0.0, 0.0, 0.0, 0.0, 0.0, 0.0, 0.0, 0.0, 3.1415927410125732, 3.1415927410125732, 3.1415927410125732, 3.1415927410125732, 3.1415927410125732, 3.1415927410125732, 3.1415927410125732, 3.1415927410125732, 3.1415927410125732, 3.1415927410125732, 3.1415927410125732, 3.1415927410125732, 3.1415927410125732, 3.1415927410125732, 3.1415927410125732, 3.1415927410125732, 0.0, 0.0, 0.0, 0.0, 0.0, 0.0, 0.0, 0.0, 0.0, 0.0, 0.0, 0.0, 0.0, 0.0, 0.0, 0.0, 3.1415927410125732, 3.1415927410125732, 3.1415927410125732, 3.1415927410125732, 3.1415927410125732, 3.1415927410125732, 3.1415927410125732, 3.1415927410125732, 3.1415927410125732, 3.1415927410125732, 3.1415927410125732, 3.1415927410125732, 3.1415927410125732, 3.1415927410125732, 3.1415927410125732, 3.1415927410125732, 0.0, 0.0, 0.0, 0.0, 0.0, 0.0, 0.0, 0.0, 0.0, 0.0, 0.0, 0.0, 0.0, 0.0, 0.0, 0.0, 0.0, 0.0, 0.0, 0.0, 0.0, 0.0, 0.0, 0.0, 0.0, 0.0, 0.0, 0.0, 0.0, 0.0, 0.0, 0.0, 0.0, 0.0, 0.0, 0.0, 0.0, 0.0, 0.0, 0.0, 0.0, 0.0, 0.0, 0.0, 0.0, 0.0, 0.0, 0.0, 0.0, 0.0, 0.0, 0.0, 0.0, 0.0, 0.0, 0.0, 0.0, 0.0, 0.0, 0.0, 0.0, 0.0, 0.0, 0.0, 0.0, 0.0, 0.0, 0.0, 0.0, 0.0, 0.0, 0.0, 0.0, 0.0, 0.0, 0.0, 0.0, 0.0, 0.0, 0.0, 0.0, 0.0, 0.0, 0.0, 0.0, 0.0, 0.0, 0.0, 0.0, 0.0, 0.0, 0.0, 0.0, 0.0, 0.0, 0.0, 0.0, 0.0, 0.0, 0.0, 0.0, 0.0, 0.0, 0.0, 0.0, 0.0, 0.0, 0.0, 0.0, 0.0, 0.0, 0.0, 0.0, 0.0, 0.0, 0.0, 0.0, 0.0, 0.0, 0.0, 0.0, 0.0, 0.0, 0.0, 0.0, 0.0, 0.0, 0.0, 0.0, 0.0, 0.0, 0.0, 0.0, 0.0, 0.0, 0.0, 0.0, 0.0, 0.0, 0.0, 0.0, 0.0, 0.0, 0.0, 0.0, 0.0, 0.0, 0.0, 0.0, 0.0, 0.0, 0.0, 0.0, 0.0, 0.0, 0.0, 0.0, 0.0, 0.0, 0.0, 0.0, 0.0, 0.0, 0.0, 0.0, 0.0, 0.0, 0.0, 0.0, 0.0, 0.0, 0.0, 0.0, 0.0, 0.0, 0.0, 0.0, 0.0, 0.0, 0.0, 0.0, 0.0, 0.0, 0.0, 0.0, 0.0, 0.0, 0.0, 0.0, 0.0, 0.0, 0.0, 0.0, 0.0, 0.0, 0.0, 0.0, 0.0, 0.0, 0.0, 0.0, 0.0, 0.0, 0.0, 0.0, 0.0, 0.0, 0.0, 0.0, 0.0, 0.0, 0.0, 0.0, 0.0, 0.0, 0.0, 0.0, 0.0, 0.0, 0.0, 0.0, 0.0, 0.0, 0.0, 0.0, 0.0, 0.0, 0.0, 0.0, 0.0, 0.0, 0.0, 0.0, 0.0, 0.0, 0.0, 0.0, 0.0, 0.0, 0.0, 0.0, 0.0, 0.0, 0.0, 0.0, 0.0, 0.0, 0.0, 0.0, 0.0, 0.0, 0.0, 0.0, 0.0, 0.0, 0.0, 0.0, 0.0, 0.0, 0.0, 0.0, 0.0, 0.0, 0.0, 3.1415927410125732, 3.1415927410125732, 3.1415927410125732, 3.1415927410125732, 3.1415927410125732, 3.1415927410125732, 3.1415927410125732, 3.1415927410125732, 0.0, 0.0, 0.0, 0.0, 0.0, 0.0, 0.0, 0.0, 0.0, 0.0, 0.0, 0.0, 0.0, 0.0, 0.0, 0.0, 0.0, 0.0, 0.0, 0.0, 0.0, 0.0, 0.0, 0.0, 3.1415927410125732, 3.1415927410125732, 3.1415927410125732, 3.1415927410125732, 3.1415927410125732, 3.1415927410125732, 3.1415927410125732, 3.1415927410125732, 0.0, 0.0, 0.0, 0.0, 0.0, 0.0, 0.0, 0.0, 0.0, 0.0, 0.0, 0.0, 0.0, 0.0, 0.0, 0.0, 0.0, 0.0, 0.0, 0.0, 0.0, 0.0, 0.0, 0.0, 3.1415927410125732, 3.1415927410125732, 3.1415927410125732, 3.1415927410125732, 3.1415927410125732, 3.1415927410125732, 3.1415927410125732, 3.1415927410125732, 0.0, 0.0, 0.0, 0.0, 0.0, 0.0, 0.0, 0.0, 0.0, 0.0, 0.0, 0.0, 0.0, 0.0, 0.0, 0.0, 0.0, 0.0, 0.0, 0.0, 0.0, 0.0, 0.0, 0.0, 3.1415927410125732, 3.1415927410125732, 3.1415927410125732, 3.1415927410125732, 3.1415927410125732, 3.1415927410125732, 3.1415927410125732, 3.1415927410125732, 0.0, 0.0, 0.0, 0.0, 0.0, 0.0, 0.0, 0.0, 0.0, 0.0, 0.0, 0.0, 0.0, 0.0, 0.0, 0.0, 0.0, 0.0, 0.0, 0.0, 0.0, 0.0, 0.0, 0.0, 3.1415927410125732, 3.1415927410125732, 3.1415927410125732, 3.1415927410125732, 3.1415927410125732, 3.1415927410125732, 3.1415927410125732, 3.1415927410125732, 0.0, 0.0, 0.0, 0.0, 0.0, 0.0, 0.0, 0.0, 0.0, 0.0, 0.0, 0.0, 0.0, 0.0, 0.0, 0.0, 0.0, 0.0, 0.0, 0.0, 0.0, 0.0, 0.0, 0.0, 3.1415927410125732, 3.1415927410125732, 3.1415927410125732, 3.1415927410125732, 3.1415927410125732, 3.1415927410125732, 3.1415927410125732, 3.1415927410125732, 0.0, 0.0, 0.0, 0.0, 0.0, 0.0, 0.0, 0.0, 0.0, 0.0, 0.0, 0.0, 0.0, 0.0, 0.0, 0.0, 0.0, 0.0, 0.0, 0.0, 0.0, 0.0, 0.0, 0.0, 3.1415927410125732, 3.1415927410125732, 3.1415927410125732, 3.1415927410125732, 3.1415927410125732, 3.1415927410125732, 3.1415927410125732, 3.1415927410125732, 0.0, 0.0, 0.0, 0.0, 0.0, 0.0, 0.0, 0.0, 0.0, 0.0, 0.0, 0.0, 0.0, 0.0, 0.0, 0.0, 0.0, 0.0, 0.0, 0.0, 0.0, 0.0, 0.0, 0.0, 3.1415927410125732, 3.1415927410125732, 3.1415927410125732, 3.1415927410125732, 3.1415927410125732, 3.1415927410125732, 3.1415927410125732, 3.1415927410125732, 0.0, 0.0, 0.0, 0.0, 0.0, 0.0, 0.0, 0.0, 0.0, 0.0, 0.0, 0.0, 0.0, 0.0, 0.0, 0.0]"
0.6088365,0.15223686,0.15219523,0.15220979,0.15219462,0.15220913,-9.53539467,-9.53664207,-9.53620815,-9.53666496,"[3.1415927410125732, 3.1415927410125732, 3.1415927410125732, 3.1415927410125732, 3.1415927410125732, 3.1415927410125732, 3.1415927410125732, 3.1415927410125732, 3.1415927410125732, 3.1415927410125732, 3.1415927410125732, 3.1415927410125732, 3.1415927410125732, 3.1415927410125732, 3.1415927410125732, 3.1415927410125732, 3.1415927410125732, 3.1415927410125732, 3.1415927410125732, 3.1415927410125732, 3.1415927410125732, 3.1415927410125732, 3.1415927410125732, 3.1415927410125732, 3.1415927410125732, 3.1415927410125732, 3.1415927410125732, 3.1415927410125732, 3.1415927410125732, 3.1415927410125732, 3.1415927410125732, 3.1415927410125732, 3.1415927410125732, 3.1415927410125732, 3.1415927410125732, 3.1415927410125732, 3.1415927410125732, 3.1415927410125732, 3.1415927410125732, 3.1415927410125732, 3.1415927410125732, 3.1415927410125732, 3.1415927410125732, 3.1415927410125732, 3.1415927410125732, 3.1415927410125732, 3.1415927410125732, 3.1415927410125732, 3.1415927410125732, 3.1415927410125732, 3.1415927410125732, 3.1415927410125732, 3.1415927410125732, 3.1415927410125732, 3.1415927410125732, 3.1415927410125732, 3.1415927410125732, 3.1415927410125732, 3.1415927410125732, 3.1415927410125732, 3.1415927410125732, 3.1415927410125732, 3.1415927410125732, 3.1415927410125732, 3.1415927410125732, 3.1415927410125732, 3.1415927410125732, 3.1415927410125732, 3.1415927410125732, 3.1415927410125732, 3.1415927410125732, 3.1415927410125732, 3.1415927410125732, 3.1415927410125732, 3.1415927410125732, 3.1415927410125732, 3.1415927410125732, 3.1415927410125732, 3.1415927410125732, 3.1415927410125732, 3.1415927410125732, 3.1415927410125732, 3.1415927410125732, 3.1415927410125732, 3.1415927410125732, 3.1415927410125732, 3.1415927410125732, 3.1415927410125732, 3.1415927410125732, 3.1415927410125732, 3.1415927410125732, 3.1415927410125732, 3.1415927410125732, 3.1415927410125732, 3.1415927410125732, 3.1415927410125732, 3.1415927410125732, 3.1415927410125732, 3.1415927410125732, 3.1415927410125732, 3.1415927410125732, 3.1415927410125732, 3.1415927410125732, 3.1415927410125732, 3.1415927410125732, 3.1415927410125732, 3.1415927410125732, 3.1415927410125732, 3.1415927410125732, 3.1415927410125732, 3.1415927410125732, 3.1415927410125732, 3.1415927410125732, 3.1415927410125732, 3.1415927410125732, 3.1415927410125732, 3.1415927410125732, 3.1415927410125732, 3.1415927410125732, 3.1415927410125732, 3.1415927410125732, 3.1415927410125732, 3.1415927410125732, 3.1415927410125732, 3.1415927410125732, 3.1415927410125732, 3.1415927410125732, 3.1415927410125732, 3.1415927410125732, 3.1415927410125732, 3.1415927410125732, 3.1415927410125732, 3.1415927410125732, 3.1415927410125732, 3.1415927410125732, 3.1415927410125732, 3.1415927410125732, 3.1415927410125732, 3.1415927410125732, 3.1415927410125732, 3.1415927410125732, 3.1415927410125732, 3.1415927410125732, 3.1415927410125732, 3.1415927410125732, 3.1415927410125732, 3.1415927410125732, 3.1415927410125732, 3.1415927410125732, 3.1415927410125732, 3.1415927410125732, 3.1415927410125732, 3.1415927410125732, 3.1415927410125732, 3.1415927410125732, 3.1415927410125732, 3.1415927410125732, 3.1415927410125732, 3.1415927410125732, 3.1415927410125732, 3.1415927410125732, 3.1415927410125732, 3.1415927410125732, 3.1415927410125732, 3.1415927410125732, 3.1415927410125732, 3.1415927410125732, 3.1415927410125732, 3.1415927410125732, 3.1415927410125732, 3.1415927410125732, 3.1415927410125732, 3.1415927410125732, 3.1415927410125732, 3.1415927410125732, 3.1415927410125732, 3.1415927410125732, 3.1415927410125732, 3.1415927410125732, 3.1415927410125732, 3.1415927410125732, 3.1415927410125732, 3.1415927410125732, 3.1415927410125732, 3.1415927410125732, 3.1415927410125732, 3.1415927410125732, 3.1415927410125732, 3.1415927410125732, 3.1415927410125732, 3.1415927410125732, 3.1415927410125732, 3.1415927410125732, 3.1415927410125732, 3.1415927410125732, 3.1415927410125732, 3.1415927410125732, 3.1415927410125732, 3.1415927410125732, 3.1415927410125732, 3.1415927410125732, 3.1415927410125732, 3.1415927410125732, 3.1415927410125732, 3.1415927410125732, 3.1415927410125732, 3.1415927410125732, 3.1415927410125732, 3.1415927410125732, 3.1415927410125732, 3.1415927410125732, 3.1415927410125732, 3.1415927410125732, 3.1415927410125732, 3.1415927410125732, 3.1415927410125732, 3.1415927410125732, 3.1415927410125732, 3.1415927410125732, 3.1415927410125732, 3.1415927410125732, 3.1415927410125732, 3.1415927410125732, 3.1415927410125732, 3.1415927410125732, 3.1415927410125732, 3.1415927410125732, 3.1415927410125732, 3.1415927410125732, 3.1415927410125732, 3.1415927410125732, 3.1415927410125732, 3.1415927410125732, 3.1415927410125732, 3.1415927410125732, 3.1415927410125732, 3.1415927410125732, 3.1415927410125732, 3.1415927410125732, 3.1415927410125732, 3.1415927410125732, 3.1415927410125732, 3.1415927410125732, 3.1415927410125732, 3.1415927410125732, 3.1415927410125732, 3.1415927410125732, 3.1415927410125732, 3.1415927410125732, 3.1415927410125732, 3.1415927410125732, 3.1415927410125732, 3.1415927410125732, 3.1415927410125732, 3.1415927410125732, 3.1415927410125732, 0.0, 0.0, 0.0, 0.0, 0.0, 0.0, 0.0, 0.0, 0.0, 0.0, 0.0, 0.0, 0.0, 0.0, 0.0, 0.0, 3.1415927410125732, 3.1415927410125732, 3.1415927410125732, 3.1415927410125732, 3.1415927410125732, 3.1415927410125732, 3.1415927410125732, 3.1415927410125732, 3.1415927410125732, 3.1415927410125732, 3.1415927410125732, 3.1415927410125732, 3.1415927410125732, 3.1415927410125732, 3.1415927410125732, 3.1415927410125732, 0.0, 0.0, 0.0, 0.0, 0.0, 0.0, 0.0, 0.0, 0.0, 0.0, 0.0, 0.0, 0.0, 0.0, 0.0, 0.0, 3.1415927410125732, 3.1415927410125732, 3.1415927410125732, 3.1415927410125732, 3.1415927410125732, 3.1415927410125732, 3.1415927410125732, 3.1415927410125732, 3.1415927410125732, 3.1415927410125732, 3.1415927410125732, 3.1415927410125732, 3.1415927410125732, 3.1415927410125732, 3.1415927410125732, 3.1415927410125732, 0.0, 0.0, 0.0, 0.0, 0.0, 0.0, 0.0, 0.0, 0.0, 0.0, 0.0, 0.0, 0.0, 0.0, 0.0, 0.0, 3.1415927410125732, 3.1415927410125732, 3.1415927410125732, 3.1415927410125732, 3.1415927410125732, 3.1415927410125732, 3.1415927410125732, 3.1415927410125732, 3.1415927410125732, 3.1415927410125732, 3.1415927410125732, 3.1415927410125732, 3.1415927410125732, 3.1415927410125732, 3.1415927410125732, 3.1415927410125732, 0.0, 0.0, 0.0, 0.0, 0.0, 0.0, 0.0, 0.0, 0.0, 0.0, 0.0, 0.0, 0.0, 0.0, 0.0, 0.0, 3.1415927410125732, 3.1415927410125732, 3.1415927410125732, 3.1415927410125732, 3.1415927410125732, 3.1415927410125732, 3.1415927410125732, 3.1415927410125732, 3.1415927410125732, 3.1415927410125732, 3.1415927410125732, 3.1415927410125732, 3.1415927410125732, 3.1415927410125732, 3.1415927410125732, 3.1415927410125732, 0.0, 0.0, 0.0, 0.0, 0.0, 0.0, 0.0, 0.0, 0.0, 0.0, 0.0, 0.0, 0.0, 0.0, 0.0, 0.0, 3.1415927410125732, 3.1415927410125732, 3.1415927410125732, 3.1415927410125732, 3.1415927410125732, 3.1415927410125732, 3.1415927410125732, 3.1415927410125732, 3.1415927410125732, 3.1415927410125732, 3.1415927410125732, 3.1415927410125732, 3.1415927410125732, 3.1415927410125732, 3.1415927410125732, 3.1415927410125732, 0.0, 0.0, 0.0, 0.0, 0.0, 0.0, 0.0, 0.0, 0.0, 0.0, 0.0, 0.0, 0.0, 0.0, 0.0, 0.0, 3.1415927410125732, 3.1415927410125732, 3.1415927410125732, 3.1415927410125732, 3.1415927410125732, 3.1415927410125732, 3.1415927410125732, 3.1415927410125732, 3.1415927410125732, 3.1415927410125732, 3.1415927410125732, 3.1415927410125732, 3.1415927410125732, 3.1415927410125732, 3.1415927410125732, 3.1415927410125732, 0.0, 0.0, 0.0, 0.0, 0.0, 0.0, 0.0, 0.0, 0.0, 0.0, 0.0, 0.0, 0.0, 0.0, 0.0, 0.0, 3.1415927410125732, 3.1415927410125732, 3.1415927410125732, 3.1415927410125732, 3.1415927410125732, 3.1415927410125732, 3.1415927410125732, 3.1415927410125732, 3.1415927410125732, 3.1415927410125732, 3.1415927410125732, 3.1415927410125732, 3.1415927410125732, 3.1415927410125732, 3.1415927410125732, 3.1415927410125732, 0.0, 0.0, 0.0, 0.0, 0.0, 0.0, 0.0, 0.0, 0.0, 0.0, 0.0, 0.0, 0.0, 0.0, 0.0, 0.0, 3.1415927410125732, 3.1415927410125732, 3.1415927410125732, 3.1415927410125732, 3.1415927410125732, 3.1415927410125732, 3.1415927410125732, 3.1415927410125732, 3.1415927410125732, 3.1415927410125732, 3.1415927410125732, 3.1415927410125732, 3.1415927410125732, 3.1415927410125732, 3.1415927410125732, 3.1415927410125732, 0.0, 0.0, 0.0, 0.0, 0.0, 0.0, 0.0, 0.0, 0.0, 0.0, 0.0, 0.0, 0.0, 0.0, 0.0, 0.0, 0.0, 0.0, 0.0, 0.0, 0.0, 0.0, 0.0, 0.0, 0.0, 0.0, 0.0, 0.0, 0.0, 0.0, 0.0, 0.0, 0.0, 0.0, 0.0, 0.0, 0.0, 0.0, 0.0, 0.0, 0.0, 0.0, 0.0, 0.0, 0.0, 0.0, 0.0, 0.0, 0.0, 0.0, 0.0, 0.0, 0.0, 0.0, 0.0, 0.0, 0.0, 0.0, 0.0, 0.0, 0.0, 0.0, 0.0, 0.0, 0.0, 0.0, 0.0, 0.0, 0.0, 0.0, 0.0, 0.0, 0.0, 0.0, 0.0, 0.0, 0.0, 0.0, 0.0, 0.0, 0.0, 0.0, 0.0, 0.0, 0.0, 0.0, 0.0, 0.0, 0.0, 0.0, 0.0, 0.0, 0.0, 0.0, 0.0, 0.0, 0.0, 0.0, 0.0, 0.0, 0.0, 0.0, 0.0, 0.0, 0.0, 0.0, 0.0, 0.0, 0.0, 0.0, 0.0, 0.0, 0.0, 0.0, 0.0, 0.0, 0.0, 0.0, 0.0, 0.0, 0.0, 0.0, 0.0, 0.0, 0.0, 0.0, 0.0, 0.0, 0.0, 0.0, 0.0, 0.0, 0.0, 0.0, 0.0, 0.0, 0.0, 0.0, 0.0, 0.0, 0.0, 0.0, 0.0, 0.0, 0.0, 0.0, 0.0, 0.0, 0.0, 0.0, 0.0, 0.0, 0.0, 0.0, 0.0, 0.0, 0.0, 0.0, 0.0, 0.0, 0.0, 0.0, 0.0, 0.0, 0.0, 0.0, 0.0, 0.0, 0.0, 0.0, 0.0, 0.0, 0.0, 0.0, 0.0, 0.0, 0.0, 0.0, 0.0, 0.0, 0.0, 0.0, 0.0, 0.0, 0.0, 0.0, 0.0, 0.0, 0.0, 0.0, 0.0, 0.0, 0.0, 0.0, 0.0, 0.0, 0.0, 0.0, 0.0, 0.0, 0.0, 0.0, 0.0, 0.0, 0.0, 0.0, 0.0, 0.0, 0.0, 0.0, 0.0, 0.0, 0.0, 0.0, 0.0, 0.0, 0.0, 0.0, 0.0, 0.0, 0.0, 0.0, 0.0, 0.0, 0.0, 0.0, 0.0, 0.0, 0.0, 0.0, 0.0, 0.0, 0.0, 0.0, 0.0, 0.0, 0.0, 0.0, 0.0, 0.0, 0.0, 0.0, 0.0, 0.0, 0.0, 0.0, 0.0, 0.0, 0.0, 0.0, 0.0, 0.0, 0.0, 0.0, 0.0, 0.0, 0.0, 0.0, 0.0, 0.0, 0.0, 0.0, 0.0, 0.0, 3.1415927410125732, 3.1415927410125732, 3.1415927410125732, 3.1415927410125732, 3.1415927410125732, 3.1415927410125732, 3.1415927410125732, 3.1415927410125732, 0.0, 0.0, 0.0, 0.0, 0.0, 0.0, 0.0, 0.0, 0.0, 0.0, 0.0, 0.0, 0.0, 0.0, 0.0, 0.0, 0.0, 0.0, 0.0, 0.0, 0.0, 0.0, 0.0, 0.0, 3.1415927410125732, 3.1415927410125732, 3.1415927410125732, 3.1415927410125732, 3.1415927410125732, 3.1415927410125732, 3.1415927410125732, 3.1415927410125732, 0.0, 0.0, 0.0, 0.0, 0.0, 0.0, 0.0, 0.0, 0.0, 0.0, 0.0, 0.0, 0.0, 0.0, 0.0, 0.0, 0.0, 0.0, 0.0, 0.0, 0.0, 0.0, 0.0, 0.0, 3.1415927410125732, 3.1415927410125732, 3.1415927410125732, 3.1415927410125732, 3.1415927410125732, 3.1415927410125732, 3.1415927410125732, 3.1415927410125732, 0.0, 0.0, 0.0, 0.0, 0.0, 0.0, 0.0, 0.0, 0.0, 0.0, 0.0, 0.0, 0.0, 0.0, 0.0, 0.0, 0.0, 0.0, 0.0, 0.0, 0.0, 0.0, 0.0, 0.0, 3.1415927410125732, 3.1415927410125732, 3.1415927410125732, 3.1415927410125732, 3.1415927410125732, 3.1415927410125732, 3.1415927410125732, 3.1415927410125732, 0.0, 0.0, 0.0, 0.0, 0.0, 0.0, 0.0, 0.0, 0.0, 0.0, 0.0, 0.0, 0.0, 0.0, 0.0, 0.0, 0.0, 0.0, 0.0, 0.0, 0.0, 0.0, 0.0, 0.0, 3.1415927410125732, 3.1415927410125732, 3.1415927410125732, 3.1415927410125732, 3.1415927410125732, 3.1415927410125732, 3.1415927410125732, 3.1415927410125732, 0.0, 0.0, 0.0, 0.0, 0.0, 0.0, 0.0, 0.0, 0.0, 0.0, 0.0, 0.0, 0.0, 0.0, 0.0, 0.0, 0.0, 0.0, 0.0, 0.0, 0.0, 0.0, 0.0, 0.0, 3.1415927410125732, 3.1415927410125732, 3.1415927410125732, 3.1415927410125732, 3.1415927410125732, 3.1415927410125732, 3.1415927410125732, 3.1415927410125732, 0.0, 0.0, 0.0, 0.0, 0.0, 0.0, 0.0, 0.0, 0.0, 0.0, 0.0, 0.0, 0.0, 0.0, 0.0, 0.0, 0.0, 0.0, 0.0, 0.0, 0.0, 0.0, 0.0, 0.0, 3.1415927410125732, 3.1415927410125732, 3.1415927410125732, 3.1415927410125732, 3.1415927410125732, 3.1415927410125732, 3.1415927410125732, 3.1415927410125732, 0.0, 0.0, 0.0, 0.0, 0.0, 0.0, 0.0, 0.0, 0.0, 0.0, 0.0, 0.0, 0.0, 0.0, 0.0, 0.0, 0.0, 0.0, 0.0, 0.0, 0.0, 0.0, 0.0, 0.0, 3.1415927410125732, 3.1415927410125732, 3.1415927410125732, 3.1415927410125732, 3.1415927410125732, 3.1415927410125732, 3.1415927410125732, 3.1415927410125732, 0.0, 0.0, 0.0, 0.0, 0.0, 0.0, 0.0, 0.0, 0.0, 0.0, 0.0, 0.0, 0.0, 0.0, 0.0, 0.0]"
0.6088365,0.15223686,0.15219523,0.15220979,0.15219462,0.15220913,-9.53539467,-9.53664207,-9.53620815,-9.53666496,"[3.1415927410125732, 3.1415927410125732, 3.1415927410125732, 3.1415927410125732, 3.1415927410125732, 3.1415927410125732, 3.1415927410125732, 3.1415927410125732, 3.1415927410125732, 3.1415927410125732, 3.1415927410125732, 3.1415927410125732, 3.1415927410125732, 3.1415927410125732, 3.1415927410125732, 3.1415927410125732, 3.1415927410125732, 3.1415927410125732, 3.1415927410125732, 3.1415927410125732, 3.1415927410125732, 3.1415927410125732, 3.1415927410125732, 3.1415927410125732, 3.1415927410125732, 3.1415927410125732, 3.1415927410125732, 3.1415927410125732, 3.1415927410125732, 3.1415927410125732, 3.1415927410125732, 3.1415927410125732, 3.1415927410125732, 3.1415927410125732, 3.1415927410125732, 3.1415927410125732, 3.1415927410125732, 3.1415927410125732, 3.1415927410125732, 3.1415927410125732, 3.1415927410125732, 3.1415927410125732, 3.1415927410125732, 3.1415927410125732, 3.1415927410125732, 3.1415927410125732, 3.1415927410125732, 3.1415927410125732, 3.1415927410125732, 3.1415927410125732, 3.1415927410125732, 3.1415927410125732, 3.1415927410125732, 3.1415927410125732, 3.1415927410125732, 3.1415927410125732, 3.1415927410125732, 3.1415927410125732, 3.1415927410125732, 3.1415927410125732, 3.1415927410125732, 3.1415927410125732, 3.1415927410125732, 3.1415927410125732, 3.1415927410125732, 3.1415927410125732, 3.1415927410125732, 3.1415927410125732, 3.1415927410125732, 3.1415927410125732, 3.1415927410125732, 3.1415927410125732, 3.1415927410125732, 3.1415927410125732, 3.1415927410125732, 3.1415927410125732, 3.1415927410125732, 3.1415927410125732, 3.1415927410125732, 3.1415927410125732, 3.1415927410125732, 3.1415927410125732, 3.1415927410125732, 3.1415927410125732, 3.1415927410125732, 3.1415927410125732, 3.1415927410125732, 3.1415927410125732, 3.1415927410125732, 3.1415927410125732, 3.1415927410125732, 3.1415927410125732, 3.1415927410125732, 3.1415927410125732, 3.1415927410125732, 3.1415927410125732, 3.1415927410125732, 3.1415927410125732, 3.1415927410125732, 3.1415927410125732, 3.1415927410125732, 3.1415927410125732, 3.1415927410125732, 3.1415927410125732, 3.1415927410125732, 3.1415927410125732, 3.1415927410125732, 3.1415927410125732, 3.1415927410125732, 3.1415927410125732, 3.1415927410125732, 3.1415927410125732, 3.1415927410125732, 3.1415927410125732, 3.1415927410125732, 3.1415927410125732, 3.1415927410125732, 3.1415927410125732, 3.1415927410125732, 3.1415927410125732, 3.1415927410125732, 3.1415927410125732, 3.1415927410125732, 3.1415927410125732, 3.1415927410125732, 3.1415927410125732, 3.1415927410125732, 3.1415927410125732, 3.1415927410125732, 3.1415927410125732, 3.1415927410125732, 3.1415927410125732, 3.1415927410125732, 3.1415927410125732, 3.1415927410125732, 3.1415927410125732, 3.1415927410125732, 3.1415927410125732, 3.1415927410125732, 3.1415927410125732, 3.1415927410125732, 3.1415927410125732, 3.1415927410125732, 3.1415927410125732, 3.1415927410125732, 3.1415927410125732, 3.1415927410125732, 3.1415927410125732, 3.1415927410125732, 3.1415927410125732, 3.1415927410125732, 3.1415927410125732, 3.1415927410125732, 3.1415927410125732, 3.1415927410125732, 3.1415927410125732, 3.1415927410125732, 3.1415927410125732, 3.1415927410125732, 3.1415927410125732, 3.1415927410125732, 3.1415927410125732, 3.1415927410125732, 3.1415927410125732, 3.1415927410125732, 3.1415927410125732, 3.1415927410125732, 3.1415927410125732, 3.1415927410125732, 3.1415927410125732, 3.1415927410125732, 3.1415927410125732, 3.1415927410125732, 3.1415927410125732, 3.1415927410125732, 3.1415927410125732, 3.1415927410125732, 3.1415927410125732, 3.1415927410125732, 3.1415927410125732, 3.1415927410125732, 3.1415927410125732, 3.1415927410125732, 3.1415927410125732, 3.1415927410125732, 3.1415927410125732, 3.1415927410125732, 3.1415927410125732, 3.1415927410125732, 3.1415927410125732, 3.1415927410125732, 3.1415927410125732, 3.1415927410125732, 3.1415927410125732, 3.1415927410125732, 3.1415927410125732, 3.1415927410125732, 3.1415927410125732, 3.1415927410125732, 3.1415927410125732, 3.1415927410125732, 3.1415927410125732, 3.1415927410125732, 3.1415927410125732, 3.1415927410125732, 3.1415927410125732, 3.1415927410125732, 3.1415927410125732, 3.1415927410125732, 3.1415927410125732, 3.1415927410125732, 3.1415927410125732, 3.1415927410125732, 3.1415927410125732, 3.1415927410125732, 3.1415927410125732, 3.1415927410125732, 3.1415927410125732, 3.1415927410125732, 3.1415927410125732, 3.1415927410125732, 3.1415927410125732, 3.1415927410125732, 3.1415927410125732, 3.1415927410125732, 3.1415927410125732, 3.1415927410125732, 3.1415927410125732, 3.1415927410125732, 3.1415927410125732, 3.1415927410125732, 3.1415927410125732, 3.1415927410125732, 3.1415927410125732, 3.1415927410125732, 3.1415927410125732, 3.1415927410125732, 3.1415927410125732, 3.1415927410125732, 3.1415927410125732, 3.1415927410125732, 3.1415927410125732, 3.1415927410125732, 3.1415927410125732, 3.1415927410125732, 3.1415927410125732, 3.1415927410125732, 3.1415927410125732, 3.1415927410125732, 3.1415927410125732, 3.1415927410125732, 3.1415927410125732, 3.1415927410125732, 3.1415927410125732, 3.1415927410125732, 3.1415927410125732, 0.0, 0.0, 0.0, 0.0, 0.0, 0.0, 0.0, 0.0, 0.0, 0.0, 0.0, 0.0, 0.0, 0.0, 0.0, 0.0, 3.1415927410125732, 3.1415927410125732, 3.1415927410125732, 3.1415927410125732, 3.1415927410125732, 3.1415927410125732, 3.1415927410125732, 3.1415927410125732, 3.1415927410125732, 3.1415927410125732, 3.1415927410125732, 3.1415927410125732, 3.1415927410125732, 3.1415927410125732, 3.1415927410125732, 3.1415927410125732, 0.0, 0.0, 0.0, 0.0, 0.0, 0.0, 0.0, 0.0, 0.0, 0.0, 0.0, 0.0, 0.0, 0.0, 0.0, 0.0, 3.1415927410125732, 3.1415927410125732, 3.1415927410125732, 3.1415927410125732, 3.1415927410125732, 3.1415927410125732, 3.1415927410125732, 3.1415927410125732, 3.1415927410125732, 3.1415927410125732, 3.1415927410125732, 3.1415927410125732, 3.1415927410125732, 3.1415927410125732, 3.1415927410125732, 3.1415927410125732, 0.0, 0.0, 0.0, 0.0, 0.0, 0.0, 0.0, 0.0, 0.0, 0.0, 0.0, 0.0, 0.0, 0.0, 0.0, 0.0, 3.1415927410125732, 3.1415927410125732, 3.1415927410125732, 3.1415927410125732, 3.1415927410125732, 3.1415927410125732, 3.1415927410125732, 3.1415927410125732, 3.1415927410125732, 3.1415927410125732, 3.1415927410125732, 3.1415927410125732, 3.1415927410125732, 3.1415927410125732, 3.1415927410125732, 3.1415927410125732, 0.0, 0.0, 0.0, 0.0, 0.0, 0.0, 0.0, 0.0, 0.0, 0.0, 0.0, 0.0, 0.0, 0.0, 0.0, 0.0, 3.1415927410125732, 3.1415927410125732, 3.1415927410125732, 3.1415927410125732, 3.1415927410125732, 3.1415927410125732, 3.1415927410125732, 3.1415927410125732, 3.1415927410125732, 3.1415927410125732, 3.1415927410125732, 3.1415927410125732, 3.1415927410125732, 3.1415927410125732, 3.1415927410125732, 3.1415927410125732, 0.0, 0.0, 0.0, 0.0, 0.0, 0.0, 0.0, 0.0, 0.0, 0.0, 0.0, 0.0, 0.0, 0.0, 0.0, 0.0, 3.1415927410125732, 3.1415927410125732, 3.1415927410125732, 3.1415927410125732, 3.1415927410125732, 3.1415927410125732, 3.1415927410125732, 3.1415927410125732, 3.1415927410125732, 3.1415927410125732, 3.1415927410125732, 3.1415927410125732, 3.1415927410125732, 3.1415927410125732, 3.1415927410125732, 3.1415927410125732, 0.0, 0.0, 0.0, 0.0, 0.0, 0.0, 0.0, 0.0, 0.0, 0.0, 0.0, 0.0, 0.0, 0.0, 0.0, 0.0, 3.1415927410125732, 3.1415927410125732, 3.1415927410125732, 3.1415927410125732, 3.1415927410125732, 3.1415927410125732, 3.1415927410125732, 3.1415927410125732, 3.1415927410125732, 3.1415927410125732, 3.1415927410125732, 3.1415927410125732, 3.1415927410125732, 3.1415927410125732, 3.1415927410125732, 3.1415927410125732, 0.0, 0.0, 0.0, 0.0, 0.0, 0.0, 0.0, 0.0, 0.0, 0.0, 0.0, 0.0, 0.0, 0.0, 0.0, 0.0, 3.1415927410125732, 3.1415927410125732, 3.1415927410125732, 3.1415927410125732, 3.1415927410125732, 3.1415927410125732, 3.1415927410125732, 3.1415927410125732, 3.1415927410125732, 3.1415927410125732, 3.1415927410125732, 3.1415927410125732, 3.1415927410125732, 3.1415927410125732, 3.1415927410125732, 3.1415927410125732, 0.0, 0.0, 0.0, 0.0, 0.0, 0.0, 0.0, 0.0, 0.0, 0.0, 0.0, 0.0, 0.0, 0.0, 0.0, 0.0, 3.1415927410125732, 3.1415927410125732, 3.1415927410125732, 3.1415927410125732, 3.1415927410125732, 3.1415927410125732, 3.1415927410125732, 3.1415927410125732, 3.1415927410125732, 3.1415927410125732, 3.1415927410125732, 3.1415927410125732, 3.1415927410125732, 3.1415927410125732, 3.1415927410125732, 3.1415927410125732, 0.0, 0.0, 0.0, 0.0, 0.0, 0.0, 0.0, 0.0, 0.0, 0.0, 0.0, 0.0, 0.0, 0.0, 0.0, 0.0, 0.0, 0.0, 0.0, 0.0, 0.0, 0.0, 0.0, 0.0, 0.0, 0.0, 0.0, 0.0, 0.0, 0.0, 0.0, 0.0, 0.0, 0.0, 0.0, 0.0, 0.0, 0.0, 0.0, 0.0, 0.0, 0.0, 0.0, 0.0, 0.0, 0.0, 0.0, 0.0, 0.0, 0.0, 0.0, 0.0, 0.0, 0.0, 0.0, 0.0, 0.0, 0.0, 0.0, 0.0, 0.0, 0.0, 0.0, 0.0, 0.0, 0.0, 0.0, 0.0, 0.0, 0.0, 0.0, 0.0, 0.0, 0.0, 0.0, 0.0, 0.0, 0.0, 0.0, 0.0, 0.0, 0.0, 0.0, 0.0, 0.0, 0.0, 0.0, 0.0, 0.0, 0.0, 0.0, 0.0, 0.0, 0.0, 0.0, 0.0, 0.0, 0.0, 0.0, 0.0, 0.0, 0.0, 0.0, 0.0, 0.0, 0.0, 0.0, 0.0, 0.0, 0.0, 0.0, 0.0, 0.0, 0.0, 0.0, 0.0, 0.0, 0.0, 0.0, 0.0, 0.0, 0.0, 0.0, 0.0, 0.0, 0.0, 0.0, 0.0, 0.0, 0.0, 0.0, 0.0, 0.0, 0.0, 0.0, 0.0, 0.0, 0.0, 0.0, 0.0, 0.0, 0.0, 0.0, 0.0, 0.0, 0.0, 0.0, 0.0, 0.0, 0.0, 0.0, 0.0, 0.0, 0.0, 0.0, 0.0, 0.0, 0.0, 0.0, 0.0, 0.0, 0.0, 0.0, 0.0, 0.0, 0.0, 0.0, 0.0, 0.0, 0.0, 0.0, 0.0, 0.0, 0.0, 0.0, 0.0, 0.0, 0.0, 0.0, 0.0, 0.0, 0.0, 0.0, 0.0, 0.0, 0.0, 0.0, 0.0, 0.0, 0.0, 0.0, 0.0, 0.0, 0.0, 0.0, 0.0, 0.0, 0.0, 0.0, 0.0, 0.0, 0.0, 0.0, 0.0, 0.0, 0.0, 0.0, 0.0, 0.0, 0.0, 0.0, 0.0, 0.0, 0.0, 0.0, 0.0, 0.0, 0.0, 0.0, 0.0, 0.0, 0.0, 0.0, 0.0, 0.0, 0.0, 0.0, 0.0, 0.0, 0.0, 0.0, 0.0, 0.0, 0.0, 0.0, 0.0, 0.0, 0.0, 0.0, 0.0, 0.0, 0.0, 0.0, 0.0, 0.0, 0.0, 0.0, 0.0, 0.0, 0.0, 0.0, 0.0, 0.0, 0.0, 0.0, 0.0, 0.0, 0.0, 0.0, 0.0, 0.0, 0.0, 0.0, 0.0, 3.1415927410125732, 3.1415927410125732, 3.1415927410125732, 3.1415927410125732, 3.1415927410125732, 3.1415927410125732, 3.1415927410125732, 3.1415927410125732, 0.0, 0.0, 0.0, 0.0, 0.0, 0.0, 0.0, 0.0, 0.0, 0.0, 0.0, 0.0, 0.0, 0.0, 0.0, 0.0, 0.0, 0.0, 0.0, 0.0, 0.0, 0.0, 0.0, 0.0, 3.1415927410125732, 3.1415927410125732, 3.1415927410125732, 3.1415927410125732, 3.1415927410125732, 3.1415927410125732, 3.1415927410125732, 3.1415927410125732, 0.0, 0.0, 0.0, 0.0, 0.0, 0.0, 0.0, 0.0, 0.0, 0.0, 0.0, 0.0, 0.0, 0.0, 0.0, 0.0, 0.0, 0.0, 0.0, 0.0, 0.0, 0.0, 0.0, 0.0, 3.1415927410125732, 3.1415927410125732, 3.1415927410125732, 3.1415927410125732, 3.1415927410125732, 3.1415927410125732, 3.1415927410125732, 3.1415927410125732, 0.0, 0.0, 0.0, 0.0, 0.0, 0.0, 0.0, 0.0, 0.0, 0.0, 0.0, 0.0, 0.0, 0.0, 0.0, 0.0, 0.0, 0.0, 0.0, 0.0, 0.0, 0.0, 0.0, 0.0, 3.1415927410125732, 3.1415927410125732, 3.1415927410125732, 3.1415927410125732, 3.1415927410125732, 3.1415927410125732, 3.1415927410125732, 3.1415927410125732, 0.0, 0.0, 0.0, 0.0, 0.0, 0.0, 0.0, 0.0, 0.0, 0.0, 0.0, 0.0, 0.0, 0.0, 0.0, 0.0, 0.0, 0.0, 0.0, 0.0, 0.0, 0.0, 0.0, 0.0, 3.1415927410125732, 3.1415927410125732, 3.1415927410125732, 3.1415927410125732, 3.1415927410125732, 3.1415927410125732, 3.1415927410125732, 3.1415927410125732, 0.0, 0.0, 0.0, 0.0, 0.0, 0.0, 0.0, 0.0, 0.0, 0.0, 0.0, 0.0, 0.0, 0.0, 0.0, 0.0, 0.0, 0.0, 0.0, 0.0, 0.0, 0.0, 0.0, 0.0, 3.1415927410125732, 3.1415927410125732, 3.1415927410125732, 3.1415927410125732, 3.1415927410125732, 3.1415927410125732, 3.1415927410125732, 3.1415927410125732, 0.0, 0.0, 0.0, 0.0, 0.0, 0.0, 0.0, 0.0, 0.0, 0.0, 0.0, 0.0, 0.0, 0.0, 0.0, 0.0, 0.0, 0.0, 0.0, 0.0, 0.0, 0.0, 0.0, 0.0, 3.1415927410125732, 3.1415927410125732, 3.1415927410125732, 3.1415927410125732, 3.1415927410125732, 3.1415927410125732, 3.1415927410125732, 3.1415927410125732, 0.0, 0.0, 0.0, 0.0, 0.0, 0.0, 0.0, 0.0, 0.0, 0.0, 0.0, 0.0, 0.0, 0.0, 0.0, 0.0, 0.0, 0.0, 0.0, 0.0, 0.0, 0.0, 0.0, 0.0, 3.1415927410125732, 3.1415927410125732, 3.1415927410125732, 3.1415927410125732, 3.1415927410125732, 3.1415927410125732, 3.1415927410125732, 3.1415927410125732, 0.0, 0.0, 0.0, 0.0, 0.0, 0.0, 0.0, 0.0, 0.0, 0.0, 0.0, 0.0, 0.0, 0.0, 0.0, 0.0]"
0.6088365,0.15223686,0.15219523,0.15220979,0.15219462,0.15220913,-9.53539467,-9.53664207,-9.53620815,-9.53666496,"[3.1415927410125732, 3.1415927410125732, 3.1415927410125732, 3.1415927410125732, 3.1415927410125732, 3.1415927410125732, 3.1415927410125732, 3.1415927410125732, 3.1415927410125732, 3.1415927410125732, 3.1415927410125732, 3.1415927410125732, 3.1415927410125732, 3.1415927410125732, 3.1415927410125732, 3.1415927410125732, 3.1415927410125732, 3.1415927410125732, 3.1415927410125732, 3.1415927410125732, 3.1415927410125732, 3.1415927410125732, 3.1415927410125732, 3.1415927410125732, 3.1415927410125732, 3.1415927410125732, 3.1415927410125732, 3.1415927410125732, 3.1415927410125732, 3.1415927410125732, 3.1415927410125732, 3.1415927410125732, 3.1415927410125732, 3.1415927410125732, 3.1415927410125732, 3.1415927410125732, 3.1415927410125732, 3.1415927410125732, 3.1415927410125732, 3.1415927410125732, 3.1415927410125732, 3.1415927410125732, 3.1415927410125732, 3.1415927410125732, 3.1415927410125732, 3.1415927410125732, 3.1415927410125732, 3.1415927410125732, 3.1415927410125732, 3.1415927410125732, 3.1415927410125732, 3.1415927410125732, 3.1415927410125732, 3.1415927410125732, 3.1415927410125732, 3.1415927410125732, 3.1415927410125732, 3.1415927410125732, 3.1415927410125732, 3.1415927410125732, 3.1415927410125732, 3.1415927410125732, 3.1415927410125732, 3.1415927410125732, 3.1415927410125732, 3.1415927410125732, 3.1415927410125732, 3.1415927410125732, 3.1415927410125732, 3.1415927410125732, 3.1415927410125732, 3.1415927410125732, 3.1415927410125732, 3.1415927410125732, 3.1415927410125732, 3.1415927410125732, 3.1415927410125732, 3.1415927410125732, 3.1415927410125732, 3.1415927410125732, 3.1415927410125732, 3.1415927410125732, 3.1415927410125732, 3.1415927410125732, 3.1415927410125732, 3.1415927410125732, 3.1415927410125732, 3.1415927410125732, 3.1415927410125732, 3.1415927410125732, 3.1415927410125732, 3.1415927410125732, 3.1415927410125732, 3.1415927410125732, 3.1415927410125732, 3.1415927410125732, 3.1415927410125732, 3.1415927410125732, 3.1415927410125732, 3.1415927410125732, 3.1415927410125732, 3.1415927410125732, 3.1415927410125732, 3.1415927410125732, 3.1415927410125732, 3.1415927410125732, 3.1415927410125732, 3.1415927410125732, 3.1415927410125732, 3.1415927410125732, 3.1415927410125732, 3.1415927410125732, 3.1415927410125732, 3.1415927410125732, 3.1415927410125732, 3.1415927410125732, 3.1415927410125732, 3.1415927410125732, 3.1415927410125732, 3.1415927410125732, 3.1415927410125732, 3.1415927410125732, 3.1415927410125732, 3.1415927410125732, 3.1415927410125732, 3.1415927410125732, 3.1415927410125732, 3.1415927410125732, 3.1415927410125732, 3.1415927410125732, 3.1415927410125732, 3.1415927410125732, 3.1415927410125732, 3.1415927410125732, 3.1415927410125732, 3.1415927410125732, 3.1415927410125732, 3.1415927410125732, 3.1415927410125732, 3.1415927410125732, 3.1415927410125732, 3.1415927410125732, 3.1415927410125732, 3.1415927410125732, 3.1415927410125732, 3.1415927410125732, 3.1415927410125732, 3.1415927410125732, 3.1415927410125732, 3.1415927410125732, 3.1415927410125732, 3.1415927410125732, 3.1415927410125732, 3.1415927410125732, 3.1415927410125732, 3.1415927410125732, 3.1415927410125732, 3.1415927410125732, 3.1415927410125732, 3.1415927410125732, 3.1415927410125732, 3.1415927410125732, 3.1415927410125732, 3.1415927410125732, 3.1415927410125732, 3.1415927410125732, 3.1415927410125732, 3.1415927410125732, 3.1415927410125732, 3.1415927410125732, 3.1415927410125732, 3.1415927410125732, 3.1415927410125732, 3.1415927410125732, 3.1415927410125732, 3.1415927410125732, 3.1415927410125732, 3.1415927410125732, 3.1415927410125732, 3.1415927410125732, 3.1415927410125732, 3.1415927410125732, 3.1415927410125732, 3.1415927410125732, 3.1415927410125732, 3.1415927410125732, 3.1415927410125732, 3.1415927410125732, 3.1415927410125732, 3.1415927410125732, 3.1415927410125732, 3.1415927410125732, 3.1415927410125732, 3.1415927410125732, 3.1415927410125732, 3.1415927410125732, 3.1415927410125732, 3.1415927410125732, 3.1415927410125732, 3.1415927410125732, 3.1415927410125732, 3.1415927410125732, 3.1415927410125732, 3.1415927410125732, 3.1415927410125732, 3.1415927410125732, 3.1415927410125732, 3.1415927410125732, 3.1415927410125732, 3.1415927410125732, 3.1415927410125732, 3.1415927410125732, 3.1415927410125732, 3.1415927410125732, 3.1415927410125732, 3.1415927410125732, 3.1415927410125732, 3.1415927410125732, 3.1415927410125732, 3.1415927410125732, 3.1415927410125732, 3.1415927410125732, 3.1415927410125732, 3.1415927410125732, 3.1415927410125732, 3.1415927410125732, 3.1415927410125732, 3.1415927410125732, 3.1415927410125732, 3.1415927410125732, 3.1415927410125732, 3.1415927410125732, 3.1415927410125732, 3.1415927410125732, 3.1415927410125732, 3.1415927410125732, 3.1415927410125732, 3.1415927410125732, 3.1415927410125732, 3.1415927410125732, 3.1415927410125732, 3.1415927410125732, 3.1415927410125732, 3.1415927410125732, 3.1415927410125732, 3.1415927410125732, 3.1415927410125732, 3.1415927410125732, 3.1415927410125732, 3.1415927410125732, 3.1415927410125732, 3.1415927410125732, 3.1415927410125732, 3.1415927410125732, 3.1415927410125732, 3.1415927410125732, 0.0, 0.0, 0.0, 0.0, 0.0, 0.0, 0.0, 0.0, 0.0, 0.0, 0.0, 0.0, 0.0, 0.0, 0.0, 0.0, 3.1415927410125732, 3.1415927410125732, 3.1415927410125732, 3.1415927410125732, 3.1415927410125732, 3.1415927410125732, 3.1415927410125732, 3.1415927410125732, 3.1415927410125732, 3.1415927410125732, 3.1415927410125732, 3.1415927410125732, 3.1415927410125732, 3.1415927410125732, 3.1415927410125732, 3.1415927410125732, 0.0, 0.0, 0.0, 0.0, 0.0, 0.0, 0.0, 0.0, 0.0, 0.0, 0.0, 0.0, 0.0, 0.0, 0.0, 0.0, 3.1415927410125732, 3.1415927410125732, 3.1415927410125732, 3.1415927410125732, 3.1415927410125732, 3.1415927410125732, 3.1415927410125732, 3.1415927410125732, 3.1415927410125732, 3.1415927410125732, 3.1415927410125732, 3.1415927410125732, 3.1415927410125732, 3.1415927410125732, 3.1415927410125732, 3.1415927410125732, 0.0, 0.0, 0.0, 0.0, 0.0, 0.0, 0.0, 0.0, 0.0, 0.0, 0.0, 0.0, 0.0, 0.0, 0.0, 0.0, 3.1415927410125732, 3.1415927410125732, 3.1415927410125732, 3.1415927410125732, 3.1415927410125732, 3.1415927410125732, 3.1415927410125732, 3.1415927410125732, 3.1415927410125732, 3.1415927410125732, 3.1415927410125732, 3.1415927410125732, 3.1415927410125732, 3.1415927410125732, 3.1415927410125732, 3.1415927410125732, 0.0, 0.0, 0.0, 0.0, 0.0, 0.0, 0.0, 0.0, 0.0, 0.0, 0.0, 0.0, 0.0, 0.0, 0.0, 0.0, 3.1415927410125732, 3.1415927410125732, 3.1415927410125732, 3.1415927410125732, 3.1415927410125732, 3.1415927410125732, 3.1415927410125732, 3.1415927410125732, 3.1415927410125732, 3.1415927410125732, 3.1415927410125732, 3.1415927410125732, 3.1415927410125732, 3.1415927410125732, 3.1415927410125732, 3.1415927410125732, 0.0, 0.0, 0.0, 0.0, 0.0, 0.0, 0.0, 0.0, 0.0, 0.0, 0.0, 0.0, 0.0, 0.0, 0.0, 0.0, 3.1415927410125732, 3.1415927410125732, 3.1415927410125732, 3.1415927410125732, 3.1415927410125732, 3.1415927410125732, 3.1415927410125732, 3.1415927410125732, 3.1415927410125732, 3.1415927410125732, 3.1415927410125732, 3.1415927410125732, 3.1415927410125732, 3.1415927410125732, 3.1415927410125732, 3.1415927410125732, 0.0, 0.0, 0.0, 0.0, 0.0, 0.0, 0.0, 0.0, 0.0, 0.0, 0.0, 0.0, 0.0, 0.0, 0.0, 0.0, 3.1415927410125732, 3.1415927410125732, 3.1415927410125732, 3.1415927410125732, 3.1415927410125732, 3.1415927410125732, 3.1415927410125732, 3.1415927410125732, 3.1415927410125732, 3.1415927410125732, 3.1415927410125732, 3.1415927410125732, 3.1415927410125732, 3.1415927410125732, 3.1415927410125732, 3.1415927410125732, 0.0, 0.0, 0.0, 0.0, 0.0, 0.0, 0.0, 0.0, 0.0, 0.0, 0.0, 0.0, 0.0, 0.0, 0.0, 0.0, 3.1415927410125732, 3.1415927410125732, 3.1415927410125732, 3.1415927410125732, 3.1415927410125732, 3.1415927410125732, 3.1415927410125732, 3.1415927410125732, 3.1415927410125732, 3.1415927410125732, 3.1415927410125732, 3.1415927410125732, 3.1415927410125732, 3.1415927410125732, 3.1415927410125732, 3.1415927410125732, 0.0, 0.0, 0.0, 0.0, 0.0, 0.0, 0.0, 0.0, 0.0, 0.0, 0.0, 0.0, 0.0, 0.0, 0.0, 0.0, 3.1415927410125732, 3.1415927410125732, 3.1415927410125732, 3.1415927410125732, 3.1415927410125732, 3.1415927410125732, 3.1415927410125732, 3.1415927410125732, 3.1415927410125732, 3.1415927410125732, 3.1415927410125732, 3.1415927410125732, 3.1415927410125732, 3.1415927410125732, 3.1415927410125732, 3.1415927410125732, 0.0, 0.0, 0.0, 0.0, 0.0, 0.0, 0.0, 0.0, 0.0, 0.0, 0.0, 0.0, 0.0, 0.0, 0.0, 0.0, 0.0, 0.0, 0.0, 0.0, 0.0, 0.0, 0.0, 0.0, 0.0, 0.0, 0.0, 0.0, 0.0, 0.0, 0.0, 0.0, 0.0, 0.0, 0.0, 0.0, 0.0, 0.0, 0.0, 0.0, 0.0, 0.0, 0.0, 0.0, 0.0, 0.0, 0.0, 0.0, 0.0, 0.0, 0.0, 0.0, 0.0, 0.0, 0.0, 0.0, 0.0, 0.0, 0.0, 0.0, 0.0, 0.0, 0.0, 0.0, 0.0, 0.0, 0.0, 0.0, 0.0, 0.0, 0.0, 0.0, 0.0, 0.0, 0.0, 0.0, 0.0, 0.0, 0.0, 0.0, 0.0, 0.0, 0.0, 0.0, 0.0, 0.0, 0.0, 0.0, 0.0, 0.0, 0.0, 0.0, 0.0, 0.0, 0.0, 0.0, 0.0, 0.0, 0.0, 0.0, 0.0, 0.0, 0.0, 0.0, 0.0, 0.0, 0.0, 0.0, 0.0, 0.0, 0.0, 0.0, 0.0, 0.0, 0.0, 0.0, 0.0, 0.0, 0.0, 0.0, 0.0, 0.0, 0.0, 0.0, 0.0, 0.0, 0.0, 0.0, 0.0, 0.0, 0.0, 0.0, 0.0, 0.0, 0.0, 0.0, 0.0, 0.0, 0.0, 0.0, 0.0, 0.0, 0.0, 0.0, 0.0, 0.0, 0.0, 0.0, 0.0, 0.0, 0.0, 0.0, 0.0, 0.0, 0.0, 0.0, 0.0, 0.0, 0.0, 0.0, 0.0, 0.0, 0.0, 0.0, 0.0, 0.0, 0.0, 0.0, 0.0, 0.0, 0.0, 0.0, 0.0, 0.0, 0.0, 0.0, 0.0, 0.0, 0.0, 0.0, 0.0, 0.0, 0.0, 0.0, 0.0, 0.0, 0.0, 0.0, 0.0, 0.0, 0.0, 0.0, 0.0, 0.0, 0.0, 0.0, 0.0, 0.0, 0.0, 0.0, 0.0, 0.0, 0.0, 0.0, 0.0, 0.0, 0.0, 0.0, 0.0, 0.0, 0.0, 0.0, 0.0, 0.0, 0.0, 0.0, 0.0, 0.0, 0.0, 0.0, 0.0, 0.0, 0.0, 0.0, 0.0, 0.0, 0.0, 0.0, 0.0, 0.0, 0.0, 0.0, 0.0, 0.0, 0.0, 0.0, 0.0, 0.0, 0.0, 0.0, 0.0, 0.0, 0.0, 0.0, 0.0, 0.0, 0.0, 0.0, 0.0, 0.0, 0.0, 0.0, 0.0, 0.0, 0.0, 0.0, 0.0, 0.0, 0.0, 0.0, 0.0, 0.0, 0.0, 0.0, 3.1415927410125732, 3.1415927410125732, 3.1415927410125732, 3.1415927410125732, 3.1415927410125732, 3.1415927410125732, 3.1415927410125732, 3.1415927410125732, 0.0, 0.0, 0.0, 0.0, 0.0, 0.0, 0.0, 0.0, 0.0, 0.0, 0.0, 0.0, 0.0, 0.0, 0.0, 0.0, 0.0, 0.0, 0.0, 0.0, 0.0, 0.0, 0.0, 0.0, 3.1415927410125732, 3.1415927410125732, 3.1415927410125732, 3.1415927410125732, 3.1415927410125732, 3.1415927410125732, 3.1415927410125732, 3.1415927410125732, 0.0, 0.0, 0.0, 0.0, 0.0, 0.0, 0.0, 0.0, 0.0, 0.0, 0.0, 0.0, 0.0, 0.0, 0.0, 0.0, 0.0, 0.0, 0.0, 0.0, 0.0, 0.0, 0.0, 0.0, 3.1415927410125732, 3.1415927410125732, 3.1415927410125732, 3.1415927410125732, 3.1415927410125732, 3.1415927410125732, 3.1415927410125732, 3.1415927410125732, 0.0, 0.0, 0.0, 0.0, 0.0, 0.0, 0.0, 0.0, 0.0, 0.0, 0.0, 0.0, 0.0, 0.0, 0.0, 0.0, 0.0, 0.0, 0.0, 0.0, 0.0, 0.0, 0.0, 0.0, 3.1415927410125732, 3.1415927410125732, 3.1415927410125732, 3.1415927410125732, 3.1415927410125732, 3.1415927410125732, 3.1415927410125732, 3.1415927410125732, 0.0, 0.0, 0.0, 0.0, 0.0, 0.0, 0.0, 0.0, 0.0, 0.0, 0.0, 0.0, 0.0, 0.0, 0.0, 0.0, 0.0, 0.0, 0.0, 0.0, 0.0, 0.0, 0.0, 0.0, 3.1415927410125732, 3.1415927410125732, 3.1415927410125732, 3.1415927410125732, 3.1415927410125732, 3.1415927410125732, 3.1415927410125732, 3.1415927410125732, 0.0, 0.0, 0.0, 0.0, 0.0, 0.0, 0.0, 0.0, 0.0, 0.0, 0.0, 0.0, 0.0, 0.0, 0.0, 0.0, 0.0, 0.0, 0.0, 0.0, 0.0, 0.0, 0.0, 0.0, 3.1415927410125732, 3.1415927410125732, 3.1415927410125732, 3.1415927410125732, 3.1415927410125732, 3.1415927410125732, 3.1415927410125732, 3.1415927410125732, 0.0, 0.0, 0.0, 0.0, 0.0, 0.0, 0.0, 0.0, 0.0, 0.0, 0.0, 0.0, 0.0, 0.0, 0.0, 0.0, 0.0, 0.0, 0.0, 0.0, 0.0, 0.0, 0.0, 0.0, 3.1415927410125732, 3.1415927410125732, 3.1415927410125732, 3.1415927410125732, 3.1415927410125732, 3.1415927410125732, 3.1415927410125732, 3.1415927410125732, 0.0, 0.0, 0.0, 0.0, 0.0, 0.0, 0.0, 0.0, 0.0, 0.0, 0.0, 0.0, 0.0, 0.0, 0.0, 0.0, 0.0, 0.0, 0.0, 0.0, 0.0, 0.0, 0.0, 0.0, 3.1415927410125732, 3.1415927410125732, 3.1415927410125732, 3.1415927410125732, 3.1415927410125732, 3.1415927410125732, 3.1415927410125732, 3.1415927410125732, 0.0, 0.0, 0.0, 0.0, 0.0, 0.0, 0.0, 0.0, 0.0, 0.0, 0.0, 0.0, 0.0, 0.0, 0.0, 0.0]"
0.6088365,0.15223686,0.15219523,0.15220979,0.15219462,0.15220913,-9.53539467,-9.53664207,-9.53620815,-9.53666496,"[3.1415927410125732, 3.1415927410125732, 3.1415927410125732, 3.1415927410125732, 3.1415927410125732, 3.1415927410125732, 3.1415927410125732, 3.1415927410125732, 3.1415927410125732, 3.1415927410125732, 3.1415927410125732, 3.1415927410125732, 3.1415927410125732, 3.1415927410125732, 3.1415927410125732, 3.1415927410125732, 3.1415927410125732, 3.1415927410125732, 3.1415927410125732, 3.1415927410125732, 3.1415927410125732, 3.1415927410125732, 3.1415927410125732, 3.1415927410125732, 3.1415927410125732, 3.1415927410125732, 3.1415927410125732, 3.1415927410125732, 3.1415927410125732, 3.1415927410125732, 3.1415927410125732, 3.1415927410125732, 3.1415927410125732, 3.1415927410125732, 3.1415927410125732, 3.1415927410125732, 3.1415927410125732, 3.1415927410125732, 3.1415927410125732, 3.1415927410125732, 3.1415927410125732, 3.1415927410125732, 3.1415927410125732, 3.1415927410125732, 3.1415927410125732, 3.1415927410125732, 3.1415927410125732, 3.1415927410125732, 3.1415927410125732, 3.1415927410125732, 3.1415927410125732, 3.1415927410125732, 3.1415927410125732, 3.1415927410125732, 3.1415927410125732, 3.1415927410125732, 3.1415927410125732, 3.1415927410125732, 3.1415927410125732, 3.1415927410125732, 3.1415927410125732, 3.1415927410125732, 3.1415927410125732, 3.1415927410125732, 3.1415927410125732, 3.1415927410125732, 3.1415927410125732, 3.1415927410125732, 3.1415927410125732, 3.1415927410125732, 3.1415927410125732, 3.1415927410125732, 3.1415927410125732, 3.1415927410125732, 3.1415927410125732, 3.1415927410125732, 3.1415927410125732, 3.1415927410125732, 3.1415927410125732, 3.1415927410125732, 3.1415927410125732, 3.1415927410125732, 3.1415927410125732, 3.1415927410125732, 3.1415927410125732, 3.1415927410125732, 3.1415927410125732, 3.1415927410125732, 3.1415927410125732, 3.1415927410125732, 3.1415927410125732, 3.1415927410125732, 3.1415927410125732, 3.1415927410125732, 3.1415927410125732, 3.1415927410125732, 3.1415927410125732, 3.1415927410125732, 3.1415927410125732, 3.1415927410125732, 3.1415927410125732, 3.1415927410125732, 3.1415927410125732, 3.1415927410125732, 3.1415927410125732, 3.1415927410125732, 3.1415927410125732, 3.1415927410125732, 3.1415927410125732, 3.1415927410125732, 3.1415927410125732, 3.1415927410125732, 3.1415927410125732, 3.1415927410125732, 3.1415927410125732, 3.1415927410125732, 3.1415927410125732, 3.1415927410125732, 3.1415927410125732, 3.1415927410125732, 3.1415927410125732, 3.1415927410125732, 3.1415927410125732, 3.1415927410125732, 3.1415927410125732, 3.1415927410125732, 3.1415927410125732, 3.1415927410125732, 3.1415927410125732, 3.1415927410125732, 3.1415927410125732, 3.1415927410125732, 3.1415927410125732, 3.1415927410125732, 3.1415927410125732, 3.1415927410125732, 3.1415927410125732, 3.1415927410125732, 3.1415927410125732, 3.1415927410125732, 3.1415927410125732, 3.1415927410125732, 3.1415927410125732, 3.1415927410125732, 3.1415927410125732, 3.1415927410125732, 3.1415927410125732, 3.1415927410125732, 3.1415927410125732, 3.1415927410125732, 3.1415927410125732, 3.1415927410125732, 3.1415927410125732, 3.1415927410125732, 3.1415927410125732, 3.1415927410125732, 3.1415927410125732, 3.1415927410125732, 3.1415927410125732, 3.1415927410125732, 3.1415927410125732, 3.1415927410125732, 3.1415927410125732, 3.1415927410125732, 3.1415927410125732, 3.1415927410125732, 3.1415927410125732, 3.1415927410125732, 3.1415927410125732, 3.1415927410125732, 3.1415927410125732, 3.1415927410125732, 3.1415927410125732, 3.1415927410125732, 3.1415927410125732, 3.1415927410125732, 3.1415927410125732, 3.1415927410125732, 3.1415927410125732, 3.1415927410125732, 3.1415927410125732, 3.1415927410125732, 3.1415927410125732, 3.1415927410125732, 3.1415927410125732, 3.1415927410125732, 3.1415927410125732, 3.1415927410125732, 3.1415927410125732, 3.1415927410125732, 3.1415927410125732, 3.1415927410125732, 3.1415927410125732, 3.1415927410125732, 3.1415927410125732, 3.1415927410125732, 3.1415927410125732, 3.1415927410125732, 3.1415927410125732, 3.1415927410125732, 3.1415927410125732, 3.1415927410125732, 3.1415927410125732, 3.1415927410125732, 3.1415927410125732, 3.1415927410125732, 3.1415927410125732, 3.1415927410125732, 3.1415927410125732, 3.1415927410125732, 3.1415927410125732, 3.1415927410125732, 3.1415927410125732, 3.1415927410125732, 3.1415927410125732, 3.1415927410125732, 3.1415927410125732, 3.1415927410125732, 3.1415927410125732, 3.1415927410125732, 3.1415927410125732, 3.1415927410125732, 3.1415927410125732, 3.1415927410125732, 3.1415927410125732, 3.1415927410125732, 3.1415927410125732, 3.1415927410125732, 3.1415927410125732, 3.1415927410125732, 3.1415927410125732, 3.1415927410125732, 3.1415927410125732, 3.1415927410125732, 3.1415927410125732, 3.1415927410125732, 3.1415927410125732, 3.1415927410125732, 3.1415927410125732, 3.1415927410125732, 3.1415927410125732, 3.1415927410125732, 3.1415927410125732, 3.1415927410125732, 3.1415927410125732, 3.1415927410125732, 3.1415927410125732, 3.1415927410125732, 3.1415927410125732, 3.1415927410125732, 3.1415927410125732, 3.1415927410125732, 3.1415927410125732, 3.1415927410125732, 3.1415927410125732, 3.1415927410125732, 0.0, 0.0, 0.0, 0.0, 0.0, 0.0, 0.0, 0.0, 0.0, 0.0, 0.0, 0.0, 0.0, 0.0, 0.0, 0.0, 3.1415927410125732, 3.1415927410125732, 3.1415927410125732, 3.1415927410125732, 3.1415927410125732, 3.1415927410125732, 3.1415927410125732, 3.1415927410125732, 3.1415927410125732, 3.1415927410125732, 3.1415927410125732, 3.1415927410125732, 3.1415927410125732, 3.1415927410125732, 3.1415927410125732, 3.1415927410125732, 0.0, 0.0, 0.0, 0.0, 0.0, 0.0, 0.0, 0.0, 0.0, 0.0, 0.0, 0.0, 0.0, 0.0, 0.0, 0.0, 3.1415927410125732, 3.1415927410125732, 3.1415927410125732, 3.1415927410125732, 3.1415927410125732, 3.1415927410125732, 3.1415927410125732, 3.1415927410125732, 3.1415927410125732, 3.1415927410125732, 3.1415927410125732, 3.1415927410125732, 3.1415927410125732, 3.1415927410125732, 3.1415927410125732, 3.1415927410125732, 0.0, 0.0, 0.0, 0.0, 0.0, 0.0, 0.0, 0.0, 0.0, 0.0, 0.0, 0.0, 0.0, 0.0, 0.0, 0.0, 3.1415927410125732, 3.1415927410125732, 3.1415927410125732, 3.1415927410125732, 3.1415927410125732, 3.1415927410125732, 3.1415927410125732, 3.1415927410125732, 3.1415927410125732, 3.1415927410125732, 3.1415927410125732, 3.1415927410125732, 3.1415927410125732, 3.1415927410125732, 3.1415927410125732, 3.1415927410125732, 0.0, 0.0, 0.0, 0.0, 0.0, 0.0, 0.0, 0.0, 0.0, 0.0, 0.0, 0.0, 0.0, 0.0, 0.0, 0.0, 3.1415927410125732, 3.1415927410125732, 3.1415927410125732, 3.1415927410125732, 3.1415927410125732, 3.1415927410125732, 3.1415927410125732, 3.1415927410125732, 3.1415927410125732, 3.1415927410125732, 3.1415927410125732, 3.1415927410125732, 3.1415927410125732, 3.1415927410125732, 3.1415927410125732, 3.1415927410125732, 0.0, 0.0, 0.0, 0.0, 0.0, 0.0, 0.0, 0.0, 0.0, 0.0, 0.0, 0.0, 0.0, 0.0, 0.0, 0.0, 3.1415927410125732, 3.1415927410125732, 3.1415927410125732, 3.1415927410125732, 3.1415927410125732, 3.1415927410125732, 3.1415927410125732, 3.1415927410125732, 3.1415927410125732, 3.1415927410125732, 3.1415927410125732, 3.1415927410125732, 3.1415927410125732, 3.1415927410125732, 3.1415927410125732, 3.1415927410125732, 0.0, 0.0, 0.0, 0.0, 0.0, 0.0, 0.0, 0.0, 0.0, 0.0, 0.0, 0.0, 0.0, 0.0, 0.0, 0.0, 3.1415927410125732, 3.1415927410125732, 3.1415927410125732, 3.1415927410125732, 3.1415927410125732, 3.1415927410125732, 3.1415927410125732, 3.1415927410125732, 3.1415927410125732, 3.1415927410125732, 3.1415927410125732, 3.1415927410125732, 3.1415927410125732, 3.1415927410125732, 3.1415927410125732, 3.1415927410125732, 0.0, 0.0, 0.0, 0.0, 0.0, 0.0, 0.0, 0.0, 0.0, 0.0, 0.0, 0.0, 0.0, 0.0, 0.0, 0.0, 3.1415927410125732, 3.1415927410125732, 3.1415927410125732, 3.1415927410125732, 3.1415927410125732, 3.1415927410125732, 3.1415927410125732, 3.1415927410125732, 3.1415927410125732, 3.1415927410125732, 3.1415927410125732, 3.1415927410125732, 3.1415927410125732, 3.1415927410125732, 3.1415927410125732, 3.1415927410125732, 0.0, 0.0, 0.0, 0.0, 0.0, 0.0, 0.0, 0.0, 0.0, 0.0, 0.0, 0.0, 0.0, 0.0, 0.0, 0.0, 3.1415927410125732, 3.1415927410125732, 3.1415927410125732, 3.1415927410125732, 3.1415927410125732, 3.1415927410125732, 3.1415927410125732, 3.1415927410125732, 3.1415927410125732, 3.1415927410125732, 3.1415927410125732, 3.1415927410125732, 3.1415927410125732, 3.1415927410125732, 3.1415927410125732, 3.1415927410125732, 0.0, 0.0, 0.0, 0.0, 0.0, 0.0, 0.0, 0.0, 0.0, 0.0, 0.0, 0.0, 0.0, 0.0, 0.0, 0.0, 0.0, 0.0, 0.0, 0.0, 0.0, 0.0, 0.0, 0.0, 0.0, 0.0, 0.0, 0.0, 0.0, 0.0, 0.0, 0.0, 0.0, 0.0, 0.0, 0.0, 0.0, 0.0, 0.0, 0.0, 0.0, 0.0, 0.0, 0.0, 0.0, 0.0, 0.0, 0.0, 0.0, 0.0, 0.0, 0.0, 0.0, 0.0, 0.0, 0.0, 0.0, 0.0, 0.0, 0.0, 0.0, 0.0, 0.0, 0.0, 0.0, 0.0, 0.0, 0.0, 0.0, 0.0, 0.0, 0.0, 0.0, 0.0, 0.0, 0.0, 0.0, 0.0, 0.0, 0.0, 0.0, 0.0, 0.0, 0.0, 0.0, 0.0, 0.0, 0.0, 0.0, 0.0, 0.0, 0.0, 0.0, 0.0, 0.0, 0.0, 0.0, 0.0, 0.0, 0.0, 0.0, 0.0, 0.0, 0.0, 0.0, 0.0, 0.0, 0.0, 0.0, 0.0, 0.0, 0.0, 0.0, 0.0, 0.0, 0.0, 0.0, 0.0, 0.0, 0.0, 0.0, 0.0, 0.0, 0.0, 0.0, 0.0, 0.0, 0.0, 0.0, 0.0, 0.0, 0.0, 0.0, 0.0, 0.0, 0.0, 0.0, 0.0, 0.0, 0.0, 0.0, 0.0, 0.0, 0.0, 0.0, 0.0, 0.0, 0.0, 0.0, 0.0, 0.0, 0.0, 0.0, 0.0, 0.0, 0.0, 0.0, 0.0, 0.0, 0.0, 0.0, 0.0, 0.0, 0.0, 0.0, 0.0, 0.0, 0.0, 0.0, 0.0, 0.0, 0.0, 0.0, 0.0, 0.0, 0.0, 0.0, 0.0, 0.0, 0.0, 0.0, 0.0, 0.0, 0.0, 0.0, 0.0, 0.0, 0.0, 0.0, 0.0, 0.0, 0.0, 0.0, 0.0, 0.0, 0.0, 0.0, 0.0, 0.0, 0.0, 0.0, 0.0, 0.0, 0.0, 0.0, 0.0, 0.0, 0.0, 0.0, 0.0, 0.0, 0.0, 0.0, 0.0, 0.0, 0.0, 0.0, 0.0, 0.0, 0.0, 0.0, 0.0, 0.0, 0.0, 0.0, 0.0, 0.0, 0.0, 0.0, 0.0, 0.0, 0.0, 0.0, 0.0, 0.0, 0.0, 0.0, 0.0, 0.0, 0.0, 0.0, 0.0, 0.0, 0.0, 0.0, 0.0, 0.0, 0.0, 0.0, 0.0, 0.0, 0.0, 0.0, 0.0, 0.0, 0.0, 0.0, 0.0, 0.0, 0.0, 0.0, 0.0, 0.0, 0.0, 3.1415927410125732, 3.1415927410125732, 3.1415927410125732, 3.1415927410125732, 3.1415927410125732, 3.1415927410125732, 3.1415927410125732, 3.1415927410125732, 0.0, 0.0, 0.0, 0.0, 0.0, 0.0, 0.0, 0.0, 0.0, 0.0, 0.0, 0.0, 0.0, 0.0, 0.0, 0.0, 0.0, 0.0, 0.0, 0.0, 0.0, 0.0, 0.0, 0.0, 3.1415927410125732, 3.1415927410125732, 3.1415927410125732, 3.1415927410125732, 3.1415927410125732, 3.1415927410125732, 3.1415927410125732, 3.1415927410125732, 0.0, 0.0, 0.0, 0.0, 0.0, 0.0, 0.0, 0.0, 0.0, 0.0, 0.0, 0.0, 0.0, 0.0, 0.0, 0.0, 0.0, 0.0, 0.0, 0.0, 0.0, 0.0, 0.0, 0.0, 3.1415927410125732, 3.1415927410125732, 3.1415927410125732, 3.1415927410125732, 3.1415927410125732, 3.1415927410125732, 3.1415927410125732, 3.1415927410125732, 0.0, 0.0, 0.0, 0.0, 0.0, 0.0, 0.0, 0.0, 0.0, 0.0, 0.0, 0.0, 0.0, 0.0, 0.0, 0.0, 0.0, 0.0, 0.0, 0.0, 0.0, 0.0, 0.0, 0.0, 3.1415927410125732, 3.1415927410125732, 3.1415927410125732, 3.1415927410125732, 3.1415927410125732, 3.1415927410125732, 3.1415927410125732, 3.1415927410125732, 0.0, 0.0, 0.0, 0.0, 0.0, 0.0, 0.0, 0.0, 0.0, 0.0, 0.0, 0.0, 0.0, 0.0, 0.0, 0.0, 0.0, 0.0, 0.0, 0.0, 0.0, 0.0, 0.0, 0.0, 3.1415927410125732, 3.1415927410125732, 3.1415927410125732, 3.1415927410125732, 3.1415927410125732, 3.1415927410125732, 3.1415927410125732, 3.1415927410125732, 0.0, 0.0, 0.0, 0.0, 0.0, 0.0, 0.0, 0.0, 0.0, 0.0, 0.0, 0.0, 0.0, 0.0, 0.0, 0.0, 0.0, 0.0, 0.0, 0.0, 0.0, 0.0, 0.0, 0.0, 3.1415927410125732, 3.1415927410125732, 3.1415927410125732, 3.1415927410125732, 3.1415927410125732, 3.1415927410125732, 3.1415927410125732, 3.1415927410125732, 0.0, 0.0, 0.0, 0.0, 0.0, 0.0, 0.0, 0.0, 0.0, 0.0, 0.0, 0.0, 0.0, 0.0, 0.0, 0.0, 0.0, 0.0, 0.0, 0.0, 0.0, 0.0, 0.0, 0.0, 3.1415927410125732, 3.1415927410125732, 3.1415927410125732, 3.1415927410125732, 3.1415927410125732, 3.1415927410125732, 3.1415927410125732, 3.1415927410125732, 0.0, 0.0, 0.0, 0.0, 0.0, 0.0, 0.0, 0.0, 0.0, 0.0, 0.0, 0.0, 0.0, 0.0, 0.0, 0.0, 0.0, 0.0, 0.0, 0.0, 0.0, 0.0, 0.0, 0.0, 3.1415927410125732, 3.1415927410125732, 3.1415927410125732, 3.1415927410125732, 3.1415927410125732, 3.1415927410125732, 3.1415927410125732, 3.1415927410125732, 0.0, 0.0, 0.0, 0.0, 0.0, 0.0, 0.0, 0.0, 0.0, 0.0, 0.0, 0.0, 0.0, 0.0, 0.0, 0.0]"
0.6088365,0.15223686,0.15219523,0.15220979,0.15219462,0.15220913,-9.53539467,-9.53664207,-9.53620815,-9.53666496,"[3.1415927410125732, 3.1415927410125732, 3.1415927410125732, 3.1415927410125732, 3.1415927410125732, 3.1415927410125732, 3.1415927410125732, 3.1415927410125732, 3.1415927410125732, 3.1415927410125732, 3.1415927410125732, 3.1415927410125732, 3.1415927410125732, 3.1415927410125732, 3.1415927410125732, 3.1415927410125732, 3.1415927410125732, 3.1415927410125732, 3.1415927410125732, 3.1415927410125732, 3.1415927410125732, 3.1415927410125732, 3.1415927410125732, 3.1415927410125732, 3.1415927410125732, 3.1415927410125732, 3.1415927410125732, 3.1415927410125732, 3.1415927410125732, 3.1415927410125732, 3.1415927410125732, 3.1415927410125732, 3.1415927410125732, 3.1415927410125732, 3.1415927410125732, 3.1415927410125732, 3.1415927410125732, 3.1415927410125732, 3.1415927410125732, 3.1415927410125732, 3.1415927410125732, 3.1415927410125732, 3.1415927410125732, 3.1415927410125732, 3.1415927410125732, 3.1415927410125732, 3.1415927410125732, 3.1415927410125732, 3.1415927410125732, 3.1415927410125732, 3.1415927410125732, 3.1415927410125732, 3.1415927410125732, 3.1415927410125732, 3.1415927410125732, 3.1415927410125732, 3.1415927410125732, 3.1415927410125732, 3.1415927410125732, 3.1415927410125732, 3.1415927410125732, 3.1415927410125732, 3.1415927410125732, 3.1415927410125732, 3.1415927410125732, 3.1415927410125732, 3.1415927410125732, 3.1415927410125732, 3.1415927410125732, 3.1415927410125732, 3.1415927410125732, 3.1415927410125732, 3.1415927410125732, 3.1415927410125732, 3.1415927410125732, 3.1415927410125732, 3.1415927410125732, 3.1415927410125732, 3.1415927410125732, 3.1415927410125732, 3.1415927410125732, 3.1415927410125732, 3.1415927410125732, 3.1415927410125732, 3.1415927410125732, 3.1415927410125732, 3.1415927410125732, 3.1415927410125732, 3.1415927410125732, 3.1415927410125732, 3.1415927410125732, 3.1415927410125732, 3.1415927410125732, 3.1415927410125732, 3.1415927410125732, 3.1415927410125732, 3.1415927410125732, 3.1415927410125732, 3.1415927410125732, 3.1415927410125732, 3.1415927410125732, 3.1415927410125732, 3.1415927410125732, 3.1415927410125732, 3.1415927410125732, 3.1415927410125732, 3.1415927410125732, 3.1415927410125732, 3.1415927410125732, 3.1415927410125732, 3.1415927410125732, 3.1415927410125732, 3.1415927410125732, 3.1415927410125732, 3.1415927410125732, 3.1415927410125732, 3.1415927410125732, 3.1415927410125732, 3.1415927410125732, 3.1415927410125732, 3.1415927410125732, 3.1415927410125732, 3.1415927410125732, 3.1415927410125732, 3.1415927410125732, 3.1415927410125732, 3.1415927410125732, 3.1415927410125732, 3.1415927410125732, 3.1415927410125732, 3.1415927410125732, 3.1415927410125732, 3.1415927410125732, 3.1415927410125732, 3.1415927410125732, 3.1415927410125732, 3.1415927410125732, 3.1415927410125732, 3.1415927410125732, 3.1415927410125732, 3.1415927410125732, 3.1415927410125732, 3.1415927410125732, 3.1415927410125732, 3.1415927410125732, 3.1415927410125732, 3.1415927410125732, 3.1415927410125732, 3.1415927410125732, 3.1415927410125732, 3.1415927410125732, 3.1415927410125732, 3.1415927410125732, 3.1415927410125732, 3.1415927410125732, 3.1415927410125732, 3.1415927410125732, 3.1415927410125732, 3.1415927410125732, 3.1415927410125732, 3.1415927410125732, 3.1415927410125732, 3.1415927410125732, 3.1415927410125732, 3.1415927410125732, 3.1415927410125732, 3.1415927410125732, 3.1415927410125732, 3.1415927410125732, 3.1415927410125732, 3.1415927410125732, 3.1415927410125732, 3.1415927410125732, 3.1415927410125732, 3.1415927410125732, 3.1415927410125732, 3.1415927410125732, 3.1415927410125732, 3.1415927410125732, 3.1415927410125732, 3.1415927410125732, 3.1415927410125732, 3.1415927410125732, 3.1415927410125732, 3.1415927410125732, 3.1415927410125732, 3.1415927410125732, 3.1415927410125732, 3.1415927410125732, 3.1415927410125732, 3.1415927410125732, 3.1415927410125732, 3.1415927410125732, 3.1415927410125732, 3.1415927410125732, 3.1415927410125732, 3.1415927410125732, 3.1415927410125732, 3.1415927410125732, 3.1415927410125732, 3.1415927410125732, 3.1415927410125732, 3.1415927410125732, 3.1415927410125732, 3.1415927410125732, 3.1415927410125732, 3.1415927410125732, 3.1415927410125732, 3.1415927410125732, 3.1415927410125732, 3.1415927410125732, 3.1415927410125732, 3.1415927410125732, 3.1415927410125732, 3.1415927410125732, 3.1415927410125732, 3.1415927410125732, 3.1415927410125732, 3.1415927410125732, 3.1415927410125732, 3.1415927410125732, 3.1415927410125732, 3.1415927410125732, 3.1415927410125732, 3.1415927410125732, 3.1415927410125732, 3.1415927410125732, 3.1415927410125732, 3.1415927410125732, 3.1415927410125732, 3.1415927410125732, 3.1415927410125732, 3.1415927410125732, 3.1415927410125732, 3.1415927410125732, 3.1415927410125732, 3.1415927410125732, 3.1415927410125732, 3.1415927410125732, 3.1415927410125732, 3.1415927410125732, 3.1415927410125732, 3.1415927410125732, 3.1415927410125732, 3.1415927410125732, 3.1415927410125732, 3.1415927410125732, 3.1415927410125732, 3.1415927410125732, 3.1415927410125732, 3.1415927410125732, 3.1415927410125732, 3.1415927410125732, 3.1415927410125732, 3.1415927410125732, 3.1415927410125732, 0.0, 0.0, 0.0, 0.0, 0.0, 0.0, 0.0, 0.0, 0.0, 0.0, 0.0, 0.0, 0.0, 0.0, 0.0, 0.0, 3.1415927410125732, 3.1415927410125732, 3.1415927410125732, 3.1415927410125732, 3.1415927410125732, 3.1415927410125732, 3.1415927410125732, 3.1415927410125732, 3.1415927410125732, 3.1415927410125732, 3.1415927410125732, 3.1415927410125732, 3.1415927410125732, 3.1415927410125732, 3.1415927410125732, 3.1415927410125732, 0.0, 0.0, 0.0, 0.0, 0.0, 0.0, 0.0, 0.0, 0.0, 0.0, 0.0, 0.0, 0.0, 0.0, 0.0, 0.0, 3.1415927410125732, 3.1415927410125732, 3.1415927410125732, 3.1415927410125732, 3.1415927410125732, 3.1415927410125732, 3.1415927410125732, 3.1415927410125732, 3.1415927410125732, 3.1415927410125732, 3.1415927410125732, 3.1415927410125732, 3.1415927410125732, 3.1415927410125732, 3.1415927410125732, 3.1415927410125732, 0.0, 0.0, 0.0, 0.0, 0.0, 0.0, 0.0, 0.0, 0.0, 0.0, 0.0, 0.0, 0.0, 0.0, 0.0, 0.0, 3.1415927410125732, 3.1415927410125732, 3.1415927410125732, 3.1415927410125732, 3.1415927410125732, 3.1415927410125732, 3.1415927410125732, 3.1415927410125732, 3.1415927410125732, 3.1415927410125732, 3.1415927410125732, 3.1415927410125732, 3.1415927410125732, 3.1415927410125732, 3.1415927410125732, 3.1415927410125732, 0.0, 0.0, 0.0, 0.0, 0.0, 0.0, 0.0, 0.0, 0.0, 0.0, 0.0, 0.0, 0.0, 0.0, 0.0, 0.0, 3.1415927410125732, 3.1415927410125732, 3.1415927410125732, 3.1415927410125732, 3.1415927410125732, 3.1415927410125732, 3.1415927410125732, 3.1415927410125732, 3.1415927410125732, 3.1415927410125732, 3.1415927410125732, 3.1415927410125732, 3.1415927410125732, 3.1415927410125732, 3.1415927410125732, 3.1415927410125732, 0.0, 0.0, 0.0, 0.0, 0.0, 0.0, 0.0, 0.0, 0.0, 0.0, 0.0, 0.0, 0.0, 0.0, 0.0, 0.0, 3.1415927410125732, 3.1415927410125732, 3.1415927410125732, 3.1415927410125732, 3.1415927410125732, 3.1415927410125732, 3.1415927410125732, 3.1415927410125732, 3.1415927410125732, 3.1415927410125732, 3.1415927410125732, 3.1415927410125732, 3.1415927410125732, 3.1415927410125732, 3.1415927410125732, 3.1415927410125732, 0.0, 0.0, 0.0, 0.0, 0.0, 0.0, 0.0, 0.0, 0.0, 0.0, 0.0, 0.0, 0.0, 0.0, 0.0, 0.0, 3.1415927410125732, 3.1415927410125732, 3.1415927410125732, 3.1415927410125732, 3.1415927410125732, 3.1415927410125732, 3.1415927410125732, 3.1415927410125732, 3.1415927410125732, 3.1415927410125732, 3.1415927410125732, 3.1415927410125732, 3.1415927410125732, 3.1415927410125732, 3.1415927410125732, 3.1415927410125732, 0.0, 0.0, 0.0, 0.0, 0.0, 0.0, 0.0, 0.0, 0.0, 0.0, 0.0, 0.0, 0.0, 0.0, 0.0, 0.0, 3.1415927410125732, 3.1415927410125732, 3.1415927410125732, 3.1415927410125732, 3.1415927410125732, 3.1415927410125732, 3.1415927410125732, 3.1415927410125732, 3.1415927410125732, 3.1415927410125732, 3.1415927410125732, 3.1415927410125732, 3.1415927410125732, 3.1415927410125732, 3.1415927410125732, 3.1415927410125732, 0.0, 0.0, 0.0, 0.0, 0.0, 0.0, 0.0, 0.0, 0.0, 0.0, 0.0, 0.0, 0.0, 0.0, 0.0, 0.0, 3.1415927410125732, 3.1415927410125732, 3.1415927410125732, 3.1415927410125732, 3.1415927410125732, 3.1415927410125732, 3.1415927410125732, 3.1415927410125732, 3.1415927410125732, 3.1415927410125732, 3.1415927410125732, 3.1415927410125732, 3.1415927410125732, 3.1415927410125732, 3.1415927410125732, 3.1415927410125732, 0.0, 0.0, 0.0, 0.0, 0.0, 0.0, 0.0, 0.0, 0.0, 0.0, 0.0, 0.0, 0.0, 0.0, 0.0, 0.0, 0.0, 0.0, 0.0, 0.0, 0.0, 0.0, 0.0, 0.0, 0.0, 0.0, 0.0, 0.0, 0.0, 0.0, 0.0, 0.0, 0.0, 0.0, 0.0, 0.0, 0.0, 0.0, 0.0, 0.0, 0.0, 0.0, 0.0, 0.0, 0.0, 0.0, 0.0, 0.0, 0.0, 0.0, 0.0, 0.0, 0.0, 0.0, 0.0, 0.0, 0.0, 0.0, 0.0, 0.0, 0.0, 0.0, 0.0, 0.0, 0.0, 0.0, 0.0, 0.0, 0.0, 0.0, 0.0, 0.0, 0.0, 0.0, 0.0, 0.0, 0.0, 0.0, 0.0, 0.0, 0.0, 0.0, 0.0, 0.0, 0.0, 0.0, 0.0, 0.0, 0.0, 0.0, 0.0, 0.0, 0.0, 0.0, 0.0, 0.0, 0.0, 0.0, 0.0, 0.0, 0.0, 0.0, 0.0, 0.0, 0.0, 0.0, 0.0, 0.0, 0.0, 0.0, 0.0, 0.0, 0.0, 0.0, 0.0, 0.0, 0.0, 0.0, 0.0, 0.0, 0.0, 0.0, 0.0, 0.0, 0.0, 0.0, 0.0, 0.0, 0.0, 0.0, 0.0, 0.0, 0.0, 0.0, 0.0, 0.0, 0.0, 0.0, 0.0, 0.0, 0.0, 0.0, 0.0, 0.0, 0.0, 0.0, 0.0, 0.0, 0.0, 0.0, 0.0, 0.0, 0.0, 0.0, 0.0, 0.0, 0.0, 0.0, 0.0, 0.0, 0.0, 0.0, 0.0, 0.0, 0.0, 0.0, 0.0, 0.0, 0.0, 0.0, 0.0, 0.0, 0.0, 0.0, 0.0, 0.0, 0.0, 0.0, 0.0, 0.0, 0.0, 0.0, 0.0, 0.0, 0.0, 0.0, 0.0, 0.0, 0.0, 0.0, 0.0, 0.0, 0.0, 0.0, 0.0, 0.0, 0.0, 0.0, 0.0, 0.0, 0.0, 0.0, 0.0, 0.0, 0.0, 0.0, 0.0, 0.0, 0.0, 0.0, 0.0, 0.0, 0.0, 0.0, 0.0, 0.0, 0.0, 0.0, 0.0, 0.0, 0.0, 0.0, 0.0, 0.0, 0.0, 0.0, 0.0, 0.0, 0.0, 0.0, 0.0, 0.0, 0.0, 0.0, 0.0, 0.0, 0.0, 0.0, 0.0, 0.0, 0.0, 0.0, 0.0, 0.0, 0.0, 0.0, 0.0, 0.0, 0.0, 0.0, 0.0, 0.0, 0.0, 0.0, 0.0, 0.0, 0.0, 0.0, 0.0, 0.0, 0.0, 0.0, 0.0, 0.0, 3.1415927410125732, 3.1415927410125732, 3.1415927410125732, 3.1415927410125732, 3.1415927410125732, 3.1415927410125732, 3.1415927410125732, 3.1415927410125732, 0.0, 0.0, 0.0, 0.0, 0.0, 0.0, 0.0, 0.0, 0.0, 0.0, 0.0, 0.0, 0.0, 0.0, 0.0, 0.0, 0.0, 0.0, 0.0, 0.0, 0.0, 0.0, 0.0, 0.0, 3.1415927410125732, 3.1415927410125732, 3.1415927410125732, 3.1415927410125732, 3.1415927410125732, 3.1415927410125732, 3.1415927410125732, 3.1415927410125732, 0.0, 0.0, 0.0, 0.0, 0.0, 0.0, 0.0, 0.0, 0.0, 0.0, 0.0, 0.0, 0.0, 0.0, 0.0, 0.0, 0.0, 0.0, 0.0, 0.0, 0.0, 0.0, 0.0, 0.0, 3.1415927410125732, 3.1415927410125732, 3.1415927410125732, 3.1415927410125732, 3.1415927410125732, 3.1415927410125732, 3.1415927410125732, 3.1415927410125732, 0.0, 0.0, 0.0, 0.0, 0.0, 0.0, 0.0, 0.0, 0.0, 0.0, 0.0, 0.0, 0.0, 0.0, 0.0, 0.0, 0.0, 0.0, 0.0, 0.0, 0.0, 0.0, 0.0, 0.0, 3.1415927410125732, 3.1415927410125732, 3.1415927410125732, 3.1415927410125732, 3.1415927410125732, 3.1415927410125732, 3.1415927410125732, 3.1415927410125732, 0.0, 0.0, 0.0, 0.0, 0.0, 0.0, 0.0, 0.0, 0.0, 0.0, 0.0, 0.0, 0.0, 0.0, 0.0, 0.0, 0.0, 0.0, 0.0, 0.0, 0.0, 0.0, 0.0, 0.0, 3.1415927410125732, 3.1415927410125732, 3.1415927410125732, 3.1415927410125732, 3.1415927410125732, 3.1415927410125732, 3.1415927410125732, 3.1415927410125732, 0.0, 0.0, 0.0, 0.0, 0.0, 0.0, 0.0, 0.0, 0.0, 0.0, 0.0, 0.0, 0.0, 0.0, 0.0, 0.0, 0.0, 0.0, 0.0, 0.0, 0.0, 0.0, 0.0, 0.0, 3.1415927410125732, 3.1415927410125732, 3.1415927410125732, 3.1415927410125732, 3.1415927410125732, 3.1415927410125732, 3.1415927410125732, 3.1415927410125732, 0.0, 0.0, 0.0, 0.0, 0.0, 0.0, 0.0, 0.0, 0.0, 0.0, 0.0, 0.0, 0.0, 0.0, 0.0, 0.0, 0.0, 0.0, 0.0, 0.0, 0.0, 0.0, 0.0, 0.0, 3.1415927410125732, 3.1415927410125732, 3.1415927410125732, 3.1415927410125732, 3.1415927410125732, 3.1415927410125732, 3.1415927410125732, 3.1415927410125732, 0.0, 0.0, 0.0, 0.0, 0.0, 0.0, 0.0, 0.0, 0.0, 0.0, 0.0, 0.0, 0.0, 0.0, 0.0, 0.0, 0.0, 0.0, 0.0, 0.0, 0.0, 0.0, 0.0, 0.0, 3.1415927410125732, 3.1415927410125732, 3.1415927410125732, 3.1415927410125732, 3.1415927410125732, 3.1415927410125732, 3.1415927410125732, 3.1415927410125732, 0.0, 0.0, 0.0, 0.0, 0.0, 0.0, 0.0, 0.0, 0.0, 0.0, 0.0, 0.0, 0.0, 0.0, 0.0, 0.0]"
0.6088365,0.15223686,0.15219523,0.15220979,0.15219462,0.15220913,-9.53539467,-9.53664207,-9.53620815,-9.53666496,"[3.1415927410125732, 3.1415927410125732, 3.1415927410125732, 3.1415927410125732, 3.1415927410125732, 3.1415927410125732, 3.1415927410125732, 3.1415927410125732, 3.1415927410125732, 3.1415927410125732, 3.1415927410125732, 3.1415927410125732, 3.1415927410125732, 3.1415927410125732, 3.1415927410125732, 3.1415927410125732, 3.1415927410125732, 3.1415927410125732, 3.1415927410125732, 3.1415927410125732, 3.1415927410125732, 3.1415927410125732, 3.1415927410125732, 3.1415927410125732, 3.1415927410125732, 3.1415927410125732, 3.1415927410125732, 3.1415927410125732, 3.1415927410125732, 3.1415927410125732, 3.1415927410125732, 3.1415927410125732, 3.1415927410125732, 3.1415927410125732, 3.1415927410125732, 3.1415927410125732, 3.1415927410125732, 3.1415927410125732, 3.1415927410125732, 3.1415927410125732, 3.1415927410125732, 3.1415927410125732, 3.1415927410125732, 3.1415927410125732, 3.1415927410125732, 3.1415927410125732, 3.1415927410125732, 3.1415927410125732, 3.1415927410125732, 3.1415927410125732, 3.1415927410125732, 3.1415927410125732, 3.1415927410125732, 3.1415927410125732, 3.1415927410125732, 3.1415927410125732, 3.1415927410125732, 3.1415927410125732, 3.1415927410125732, 3.1415927410125732, 3.1415927410125732, 3.1415927410125732, 3.1415927410125732, 3.1415927410125732, 3.1415927410125732, 3.1415927410125732, 3.1415927410125732, 3.1415927410125732, 3.1415927410125732, 3.1415927410125732, 3.1415927410125732, 3.1415927410125732, 3.1415927410125732, 3.1415927410125732, 3.1415927410125732, 3.1415927410125732, 3.1415927410125732, 3.1415927410125732, 3.1415927410125732, 3.1415927410125732, 3.1415927410125732, 3.1415927410125732, 3.1415927410125732, 3.1415927410125732, 3.1415927410125732, 3.1415927410125732, 3.1415927410125732, 3.1415927410125732, 3.1415927410125732, 3.1415927410125732, 3.1415927410125732, 3.1415927410125732, 3.1415927410125732, 3.1415927410125732, 3.1415927410125732, 3.1415927410125732, 3.1415927410125732, 3.1415927410125732, 3.1415927410125732, 3.1415927410125732, 3.1415927410125732, 3.1415927410125732, 3.1415927410125732, 3.1415927410125732, 3.1415927410125732, 3.1415927410125732, 3.1415927410125732, 3.1415927410125732, 3.1415927410125732, 3.1415927410125732, 3.1415927410125732, 3.1415927410125732, 3.1415927410125732, 3.1415927410125732, 3.1415927410125732, 3.1415927410125732, 3.1415927410125732, 3.1415927410125732, 3.1415927410125732, 3.1415927410125732, 3.1415927410125732, 3.1415927410125732, 3.1415927410125732, 3.1415927410125732, 3.1415927410125732, 3.1415927410125732, 3.1415927410125732, 3.1415927410125732, 3.1415927410125732, 3.1415927410125732, 3.1415927410125732, 3.1415927410125732, 3.1415927410125732, 3.1415927410125732, 3.1415927410125732, 3.1415927410125732, 3.1415927410125732, 3.1415927410125732, 3.1415927410125732, 3.1415927410125732, 3.1415927410125732, 3.1415927410125732, 3.1415927410125732, 3.1415927410125732, 3.1415927410125732, 3.1415927410125732, 3.1415927410125732, 3.1415927410125732, 3.1415927410125732, 3.1415927410125732, 3.1415927410125732, 3.1415927410125732, 3.1415927410125732, 3.1415927410125732, 3.1415927410125732, 3.1415927410125732, 3.1415927410125732, 3.1415927410125732, 3.1415927410125732, 3.1415927410125732, 3.1415927410125732, 3.1415927410125732, 3.1415927410125732, 3.1415927410125732, 3.1415927410125732, 3.1415927410125732, 3.1415927410125732, 3.1415927410125732, 3.1415927410125732, 3.1415927410125732, 3.1415927410125732, 3.1415927410125732, 3.1415927410125732, 3.1415927410125732, 3.1415927410125732, 3.1415927410125732, 3.1415927410125732, 3.1415927410125732, 3.1415927410125732, 3.1415927410125732, 3.1415927410125732, 3.1415927410125732, 3.1415927410125732, 3.1415927410125732, 3.1415927410125732, 3.1415927410125732, 3.1415927410125732, 3.1415927410125732, 3.1415927410125732, 3.1415927410125732, 3.1415927410125732, 3.1415927410125732, 3.1415927410125732, 3.1415927410125732, 3.1415927410125732, 3.1415927410125732, 3.1415927410125732, 3.1415927410125732, 3.1415927410125732, 3.1415927410125732, 3.1415927410125732, 3.1415927410125732, 3.1415927410125732, 3.1415927410125732, 3.1415927410125732, 3.1415927410125732, 3.1415927410125732, 3.1415927410125732, 3.1415927410125732, 3.1415927410125732, 3.1415927410125732, 3.1415927410125732, 3.1415927410125732, 3.1415927410125732, 3.1415927410125732, 3.1415927410125732, 3.1415927410125732, 3.1415927410125732, 3.1415927410125732, 3.1415927410125732, 3.1415927410125732, 3.1415927410125732, 3.1415927410125732, 3.1415927410125732, 3.1415927410125732, 3.1415927410125732, 3.1415927410125732, 3.1415927410125732, 3.1415927410125732, 3.1415927410125732, 3.1415927410125732, 3.1415927410125732, 3.1415927410125732, 3.1415927410125732, 3.1415927410125732, 3.1415927410125732, 3.1415927410125732, 3.1415927410125732, 3.1415927410125732, 3.1415927410125732, 3.1415927410125732, 3.1415927410125732, 3.1415927410125732, 3.1415927410125732, 3.1415927410125732, 3.1415927410125732, 3.1415927410125732, 3.1415927410125732, 3.1415927410125732, 3.1415927410125732, 3.1415927410125732, 3.1415927410125732, 3.1415927410125732, 3.1415927410125732, 3.1415927410125732, 3.1415927410125732, 0.0, 0.0, 0.0, 0.0, 0.0, 0.0, 0.0, 0.0, 0.0, 0.0, 0.0, 0.0, 0.0, 0.0, 0.0, 0.0, 3.1415927410125732, 3.1415927410125732, 3.1415927410125732, 3.1415927410125732, 3.1415927410125732, 3.1415927410125732, 3.1415927410125732, 3.1415927410125732, 3.1415927410125732, 3.1415927410125732, 3.1415927410125732, 3.1415927410125732, 3.1415927410125732, 3.1415927410125732, 3.1415927410125732, 3.1415927410125732, 0.0, 0.0, 0.0, 0.0, 0.0, 0.0, 0.0, 0.0, 0.0, 0.0, 0.0, 0.0, 0.0, 0.0, 0.0, 0.0, 3.1415927410125732, 3.1415927410125732, 3.1415927410125732, 3.1415927410125732, 3.1415927410125732, 3.1415927410125732, 3.1415927410125732, 3.1415927410125732, 3.1415927410125732, 3.1415927410125732, 3.1415927410125732, 3.1415927410125732, 3.1415927410125732, 3.1415927410125732, 3.1415927410125732, 3.1415927410125732, 0.0, 0.0, 0.0, 0.0, 0.0, 0.0, 0.0, 0.0, 0.0, 0.0, 0.0, 0.0, 0.0, 0.0, 0.0, 0.0, 3.1415927410125732, 3.1415927410125732, 3.1415927410125732, 3.1415927410125732, 3.1415927410125732, 3.1415927410125732, 3.1415927410125732, 3.1415927410125732, 3.1415927410125732, 3.1415927410125732, 3.1415927410125732, 3.1415927410125732, 3.1415927410125732, 3.1415927410125732, 3.1415927410125732, 3.1415927410125732, 0.0, 0.0, 0.0, 0.0, 0.0, 0.0, 0.0, 0.0, 0.0, 0.0, 0.0, 0.0, 0.0, 0.0, 0.0, 0.0, 3.1415927410125732, 3.1415927410125732, 3.1415927410125732, 3.1415927410125732, 3.1415927410125732, 3.1415927410125732, 3.1415927410125732, 3.1415927410125732, 3.1415927410125732, 3.1415927410125732, 3.1415927410125732, 3.1415927410125732, 3.1415927410125732, 3.1415927410125732, 3.1415927410125732, 3.1415927410125732, 0.0, 0.0, 0.0, 0.0, 0.0, 0.0, 0.0, 0.0, 0.0, 0.0, 0.0, 0.0, 0.0, 0.0, 0.0, 0.0, 3.1415927410125732, 3.1415927410125732, 3.1415927410125732, 3.1415927410125732, 3.1415927410125732, 3.1415927410125732, 3.1415927410125732, 3.1415927410125732, 3.1415927410125732, 3.1415927410125732, 3.1415927410125732, 3.1415927410125732, 3.1415927410125732, 3.1415927410125732, 3.1415927410125732, 3.1415927410125732, 0.0, 0.0, 0.0, 0.0, 0.0, 0.0, 0.0, 0.0, 0.0, 0.0, 0.0, 0.0, 0.0, 0.0, 0.0, 0.0, 3.1415927410125732, 3.1415927410125732, 3.1415927410125732, 3.1415927410125732, 3.1415927410125732, 3.1415927410125732, 3.1415927410125732, 3.1415927410125732, 3.1415927410125732, 3.1415927410125732, 3.1415927410125732, 3.1415927410125732, 3.1415927410125732, 3.1415927410125732, 3.1415927410125732, 3.1415927410125732, 0.0, 0.0, 0.0, 0.0, 0.0, 0.0, 0.0, 0.0, 0.0, 0.0, 0.0, 0.0, 0.0, 0.0, 0.0, 0.0, 3.1415927410125732, 3.1415927410125732, 3.1415927410125732, 3.1415927410125732, 3.1415927410125732, 3.1415927410125732, 3.1415927410125732, 3.1415927410125732, 3.1415927410125732, 3.1415927410125732, 3.1415927410125732, 3.1415927410125732, 3.1415927410125732, 3.1415927410125732, 3.1415927410125732, 3.1415927410125732, 0.0, 0.0, 0.0, 0.0, 0.0, 0.0, 0.0, 0.0, 0.0, 0.0, 0.0, 0.0, 0.0, 0.0, 0.0, 0.0, 3.1415927410125732, 3.1415927410125732, 3.1415927410125732, 3.1415927410125732, 3.1415927410125732, 3.1415927410125732, 3.1415927410125732, 3.1415927410125732, 3.1415927410125732, 3.1415927410125732, 3.1415927410125732, 3.1415927410125732, 3.1415927410125732, 3.1415927410125732, 3.1415927410125732, 3.1415927410125732, 0.0, 0.0, 0.0, 0.0, 0.0, 0.0, 0.0, 0.0, 0.0, 0.0, 0.0, 0.0, 0.0, 0.0, 0.0, 0.0, 0.0, 0.0, 0.0, 0.0, 0.0, 0.0, 0.0, 0.0, 0.0, 0.0, 0.0, 0.0, 0.0, 0.0, 0.0, 0.0, 0.0, 0.0, 0.0, 0.0, 0.0, 0.0, 0.0, 0.0, 0.0, 0.0, 0.0, 0.0, 0.0, 0.0, 0.0, 0.0, 0.0, 0.0, 0.0, 0.0, 0.0, 0.0, 0.0, 0.0, 0.0, 0.0, 0.0, 0.0, 0.0, 0.0, 0.0, 0.0, 0.0, 0.0, 0.0, 0.0, 0.0, 0.0, 0.0, 0.0, 0.0, 0.0, 0.0, 0.0, 0.0, 0.0, 0.0, 0.0, 0.0, 0.0, 0.0, 0.0, 0.0, 0.0, 0.0, 0.0, 0.0, 0.0, 0.0, 0.0, 0.0, 0.0, 0.0, 0.0, 0.0, 0.0, 0.0, 0.0, 0.0, 0.0, 0.0, 0.0, 0.0, 0.0, 0.0, 0.0, 0.0, 0.0, 0.0, 0.0, 0.0, 0.0, 0.0, 0.0, 0.0, 0.0, 0.0, 0.0, 0.0, 0.0, 0.0, 0.0, 0.0, 0.0, 0.0, 0.0, 0.0, 0.0, 0.0, 0.0, 0.0, 0.0, 0.0, 0.0, 0.0, 0.0, 0.0, 0.0, 0.0, 0.0, 0.0, 0.0, 0.0, 0.0, 0.0, 0.0, 0.0, 0.0, 0.0, 0.0, 0.0, 0.0, 0.0, 0.0, 0.0, 0.0, 0.0, 0.0, 0.0, 0.0, 0.0, 0.0, 0.0, 0.0, 0.0, 0.0, 0.0, 0.0, 0.0, 0.0, 0.0, 0.0, 0.0, 0.0, 0.0, 0.0, 0.0, 0.0, 0.0, 0.0, 0.0, 0.0, 0.0, 0.0, 0.0, 0.0, 0.0, 0.0, 0.0, 0.0, 0.0, 0.0, 0.0, 0.0, 0.0, 0.0, 0.0, 0.0, 0.0, 0.0, 0.0, 0.0, 0.0, 0.0, 0.0, 0.0, 0.0, 0.0, 0.0, 0.0, 0.0, 0.0, 0.0, 0.0, 0.0, 0.0, 0.0, 0.0, 0.0, 0.0, 0.0, 0.0, 0.0, 0.0, 0.0, 0.0, 0.0, 0.0, 0.0, 0.0, 0.0, 0.0, 0.0, 0.0, 0.0, 0.0, 0.0, 0.0, 0.0, 0.0, 0.0, 0.0, 0.0, 0.0, 0.0, 0.0, 0.0, 0.0, 0.0, 0.0, 0.0, 0.0, 0.0, 0.0, 0.0, 0.0, 0.0, 0.0, 0.0, 0.0, 0.0, 0.0, 3.1415927410125732, 3.1415927410125732, 3.1415927410125732, 3.1415927410125732, 3.1415927410125732, 3.1415927410125732, 3.1415927410125732, 3.1415927410125732, 0.0, 0.0, 0.0, 0.0, 0.0, 0.0, 0.0, 0.0, 0.0, 0.0, 0.0, 0.0, 0.0, 0.0, 0.0, 0.0, 0.0, 0.0, 0.0, 0.0, 0.0, 0.0, 0.0, 0.0, 3.1415927410125732, 3.1415927410125732, 3.1415927410125732, 3.1415927410125732, 3.1415927410125732, 3.1415927410125732, 3.1415927410125732, 3.1415927410125732, 0.0, 0.0, 0.0, 0.0, 0.0, 0.0, 0.0, 0.0, 0.0, 0.0, 0.0, 0.0, 0.0, 0.0, 0.0, 0.0, 0.0, 0.0, 0.0, 0.0, 0.0, 0.0, 0.0, 0.0, 3.1415927410125732, 3.1415927410125732, 3.1415927410125732, 3.1415927410125732, 3.1415927410125732, 3.1415927410125732, 3.1415927410125732, 3.1415927410125732, 0.0, 0.0, 0.0, 0.0, 0.0, 0.0, 0.0, 0.0, 0.0, 0.0, 0.0, 0.0, 0.0, 0.0, 0.0, 0.0, 0.0, 0.0, 0.0, 0.0, 0.0, 0.0, 0.0, 0.0, 3.1415927410125732, 3.1415927410125732, 3.1415927410125732, 3.1415927410125732, 3.1415927410125732, 3.1415927410125732, 3.1415927410125732, 3.1415927410125732, 0.0, 0.0, 0.0, 0.0, 0.0, 0.0, 0.0, 0.0, 0.0, 0.0, 0.0, 0.0, 0.0, 0.0, 0.0, 0.0, 0.0, 0.0, 0.0, 0.0, 0.0, 0.0, 0.0, 0.0, 3.1415927410125732, 3.1415927410125732, 3.1415927410125732, 3.1415927410125732, 3.1415927410125732, 3.1415927410125732, 3.1415927410125732, 3.1415927410125732, 0.0, 0.0, 0.0, 0.0, 0.0, 0.0, 0.0, 0.0, 0.0, 0.0, 0.0, 0.0, 0.0, 0.0, 0.0, 0.0, 0.0, 0.0, 0.0, 0.0, 0.0, 0.0, 0.0, 0.0, 3.1415927410125732, 3.1415927410125732, 3.1415927410125732, 3.1415927410125732, 3.1415927410125732, 3.1415927410125732, 3.1415927410125732, 3.1415927410125732, 0.0, 0.0, 0.0, 0.0, 0.0, 0.0, 0.0, 0.0, 0.0, 0.0, 0.0, 0.0, 0.0, 0.0, 0.0, 0.0, 0.0, 0.0, 0.0, 0.0, 0.0, 0.0, 0.0, 0.0, 3.1415927410125732, 3.1415927410125732, 3.1415927410125732, 3.1415927410125732, 3.1415927410125732, 3.1415927410125732, 3.1415927410125732, 3.1415927410125732, 0.0, 0.0, 0.0, 0.0, 0.0, 0.0, 0.0, 0.0, 0.0, 0.0, 0.0, 0.0, 0.0, 0.0, 0.0, 0.0, 0.0, 0.0, 0.0, 0.0, 0.0, 0.0, 0.0, 0.0, 3.1415927410125732, 3.1415927410125732, 3.1415927410125732, 3.1415927410125732, 3.1415927410125732, 3.1415927410125732, 3.1415927410125732, 3.1415927410125732, 0.0, 0.0, 0.0, 0.0, 0.0, 0.0, 0.0, 0.0, 0.0, 0.0, 0.0, 0.0, 0.0, 0.0, 0.0, 0.0]"
0.6088365,0.15223686,0.15219523,0.15220979,0.15219462,0.15220913,-9.53539467,-9.53664207,-9.53620815,-9.53666496,"[3.1415927410125732, 3.1415927410125732, 3.1415927410125732, 3.1415927410125732, 3.1415927410125732, 3.1415927410125732, 3.1415927410125732, 3.1415927410125732, 3.1415927410125732, 3.1415927410125732, 3.1415927410125732, 3.1415927410125732, 3.1415927410125732, 3.1415927410125732, 3.1415927410125732, 3.1415927410125732, 3.1415927410125732, 3.1415927410125732, 3.1415927410125732, 3.1415927410125732, 3.1415927410125732, 3.1415927410125732, 3.1415927410125732, 3.1415927410125732, 3.1415927410125732, 3.1415927410125732, 3.1415927410125732, 3.1415927410125732, 3.1415927410125732, 3.1415927410125732, 3.1415927410125732, 3.1415927410125732, 3.1415927410125732, 3.1415927410125732, 3.1415927410125732, 3.1415927410125732, 3.1415927410125732, 3.1415927410125732, 3.1415927410125732, 3.1415927410125732, 3.1415927410125732, 3.1415927410125732, 3.1415927410125732, 3.1415927410125732, 3.1415927410125732, 3.1415927410125732, 3.1415927410125732, 3.1415927410125732, 3.1415927410125732, 3.1415927410125732, 3.1415927410125732, 3.1415927410125732, 3.1415927410125732, 3.1415927410125732, 3.1415927410125732, 3.1415927410125732, 3.1415927410125732, 3.1415927410125732, 3.1415927410125732, 3.1415927410125732, 3.1415927410125732, 3.1415927410125732, 3.1415927410125732, 3.1415927410125732, 3.1415927410125732, 3.1415927410125732, 3.1415927410125732, 3.1415927410125732, 3.1415927410125732, 3.1415927410125732, 3.1415927410125732, 3.1415927410125732, 3.1415927410125732, 3.1415927410125732, 3.1415927410125732, 3.1415927410125732, 3.1415927410125732, 3.1415927410125732, 3.1415927410125732, 3.1415927410125732, 3.1415927410125732, 3.1415927410125732, 3.1415927410125732, 3.1415927410125732, 3.1415927410125732, 3.1415927410125732, 3.1415927410125732, 3.1415927410125732, 3.1415927410125732, 3.1415927410125732, 3.1415927410125732, 3.1415927410125732, 3.1415927410125732, 3.1415927410125732, 3.1415927410125732, 3.1415927410125732, 3.1415927410125732, 3.1415927410125732, 3.1415927410125732, 3.1415927410125732, 3.1415927410125732, 3.1415927410125732, 3.1415927410125732, 3.1415927410125732, 3.1415927410125732, 3.1415927410125732, 3.1415927410125732, 3.1415927410125732, 3.1415927410125732, 3.1415927410125732, 3.1415927410125732, 3.1415927410125732, 3.1415927410125732, 3.1415927410125732, 3.1415927410125732, 3.1415927410125732, 3.1415927410125732, 3.1415927410125732, 3.1415927410125732, 3.1415927410125732, 3.1415927410125732, 3.1415927410125732, 3.1415927410125732, 3.1415927410125732, 3.1415927410125732, 3.1415927410125732, 3.1415927410125732, 3.1415927410125732, 3.1415927410125732, 3.1415927410125732, 3.1415927410125732, 3.1415927410125732, 3.1415927410125732, 3.1415927410125732, 3.1415927410125732, 3.1415927410125732, 3.1415927410125732, 3.1415927410125732, 3.1415927410125732, 3.1415927410125732, 3.1415927410125732, 3.1415927410125732, 3.1415927410125732, 3.1415927410125732, 3.1415927410125732, 3.1415927410125732, 3.1415927410125732, 3.1415927410125732, 3.1415927410125732, 3.1415927410125732, 3.1415927410125732, 3.1415927410125732, 3.1415927410125732, 3.1415927410125732, 3.1415927410125732, 3.1415927410125732, 3.1415927410125732, 3.1415927410125732, 3.1415927410125732, 3.1415927410125732, 3.1415927410125732, 3.1415927410125732, 3.1415927410125732, 3.1415927410125732, 3.1415927410125732, 3.1415927410125732, 3.1415927410125732, 3.1415927410125732, 3.1415927410125732, 3.1415927410125732, 3.1415927410125732, 3.1415927410125732, 3.1415927410125732, 3.1415927410125732, 3.1415927410125732, 3.1415927410125732, 3.1415927410125732, 3.1415927410125732, 3.1415927410125732, 3.1415927410125732, 3.1415927410125732, 3.1415927410125732, 3.1415927410125732, 3.1415927410125732, 3.1415927410125732, 3.1415927410125732, 3.1415927410125732, 3.1415927410125732, 3.1415927410125732, 3.1415927410125732, 3.1415927410125732, 3.1415927410125732, 3.1415927410125732, 3.1415927410125732, 3.1415927410125732, 3.1415927410125732, 3.1415927410125732, 3.1415927410125732, 3.1415927410125732, 3.1415927410125732, 3.1415927410125732, 3.1415927410125732, 3.1415927410125732, 3.1415927410125732, 3.1415927410125732, 3.1415927410125732, 3.1415927410125732, 3.1415927410125732, 3.1415927410125732, 3.1415927410125732, 3.1415927410125732, 3.1415927410125732, 3.1415927410125732, 3.1415927410125732, 3.1415927410125732, 3.1415927410125732, 3.1415927410125732, 3.1415927410125732, 3.1415927410125732, 3.1415927410125732, 3.1415927410125732, 3.1415927410125732, 3.1415927410125732, 3.1415927410125732, 3.1415927410125732, 3.1415927410125732, 3.1415927410125732, 3.1415927410125732, 3.1415927410125732, 3.1415927410125732, 3.1415927410125732, 3.1415927410125732, 3.1415927410125732, 3.1415927410125732, 3.1415927410125732, 3.1415927410125732, 3.1415927410125732, 3.1415927410125732, 3.1415927410125732, 3.1415927410125732, 3.1415927410125732, 3.1415927410125732, 3.1415927410125732, 3.1415927410125732, 3.1415927410125732, 3.1415927410125732, 3.1415927410125732, 3.1415927410125732, 3.1415927410125732, 3.1415927410125732, 3.1415927410125732, 3.1415927410125732, 3.1415927410125732, 3.1415927410125732, 3.1415927410125732, 3.1415927410125732, 0.0, 0.0, 0.0, 0.0, 0.0, 0.0, 0.0, 0.0, 0.0, 0.0, 0.0, 0.0, 0.0, 0.0, 0.0, 0.0, 3.1415927410125732, 3.1415927410125732, 3.1415927410125732, 3.1415927410125732, 3.1415927410125732, 3.1415927410125732, 3.1415927410125732, 3.1415927410125732, 3.1415927410125732, 3.1415927410125732, 3.1415927410125732, 3.1415927410125732, 3.1415927410125732, 3.1415927410125732, 3.1415927410125732, 3.1415927410125732, 0.0, 0.0, 0.0, 0.0, 0.0, 0.0, 0.0, 0.0, 0.0, 0.0, 0.0, 0.0, 0.0, 0.0, 0.0, 0.0, 3.1415927410125732, 3.1415927410125732, 3.1415927410125732, 3.1415927410125732, 3.1415927410125732, 3.1415927410125732, 3.1415927410125732, 3.1415927410125732, 3.1415927410125732, 3.1415927410125732, 3.1415927410125732, 3.1415927410125732, 3.1415927410125732, 3.1415927410125732, 3.1415927410125732, 3.1415927410125732, 0.0, 0.0, 0.0, 0.0, 0.0, 0.0, 0.0, 0.0, 0.0, 0.0, 0.0, 0.0, 0.0, 0.0, 0.0, 0.0, 3.1415927410125732, 3.1415927410125732, 3.1415927410125732, 3.1415927410125732, 3.1415927410125732, 3.1415927410125732, 3.1415927410125732, 3.1415927410125732, 3.1415927410125732, 3.1415927410125732, 3.1415927410125732, 3.1415927410125732, 3.1415927410125732, 3.1415927410125732, 3.1415927410125732, 3.1415927410125732, 0.0, 0.0, 0.0, 0.0, 0.0, 0.0, 0.0, 0.0, 0.0, 0.0, 0.0, 0.0, 0.0, 0.0, 0.0, 0.0, 3.1415927410125732, 3.1415927410125732, 3.1415927410125732, 3.1415927410125732, 3.1415927410125732, 3.1415927410125732, 3.1415927410125732, 3.1415927410125732, 3.1415927410125732, 3.1415927410125732, 3.1415927410125732, 3.1415927410125732, 3.1415927410125732, 3.1415927410125732, 3.1415927410125732, 3.1415927410125732, 0.0, 0.0, 0.0, 0.0, 0.0, 0.0, 0.0, 0.0, 0.0, 0.0, 0.0, 0.0, 0.0, 0.0, 0.0, 0.0, 3.1415927410125732, 3.1415927410125732, 3.1415927410125732, 3.1415927410125732, 3.1415927410125732, 3.1415927410125732, 3.1415927410125732, 3.1415927410125732, 3.1415927410125732, 3.1415927410125732, 3.1415927410125732, 3.1415927410125732, 3.1415927410125732, 3.1415927410125732, 3.1415927410125732, 3.1415927410125732, 0.0, 0.0, 0.0, 0.0, 0.0, 0.0, 0.0, 0.0, 0.0, 0.0, 0.0, 0.0, 0.0, 0.0, 0.0, 0.0, 3.1415927410125732, 3.1415927410125732, 3.1415927410125732, 3.1415927410125732, 3.1415927410125732, 3.1415927410125732, 3.1415927410125732, 3.1415927410125732, 3.1415927410125732, 3.1415927410125732, 3.1415927410125732, 3.1415927410125732, 3.1415927410125732, 3.1415927410125732, 3.1415927410125732, 3.1415927410125732, 0.0, 0.0, 0.0, 0.0, 0.0, 0.0, 0.0, 0.0, 0.0, 0.0, 0.0, 0.0, 0.0, 0.0, 0.0, 0.0, 3.1415927410125732, 3.1415927410125732, 3.1415927410125732, 3.1415927410125732, 3.1415927410125732, 3.1415927410125732, 3.1415927410125732, 3.1415927410125732, 3.1415927410125732, 3.1415927410125732, 3.1415927410125732, 3.1415927410125732, 3.1415927410125732, 3.1415927410125732, 3.1415927410125732, 3.1415927410125732, 0.0, 0.0, 0.0, 0.0, 0.0, 0.0, 0.0, 0.0, 0.0, 0.0, 0.0, 0.0, 0.0, 0.0, 0.0, 0.0, 3.1415927410125732, 3.1415927410125732, 3.1415927410125732, 3.1415927410125732, 3.1415927410125732, 3.1415927410125732, 3.1415927410125732, 3.1415927410125732, 3.1415927410125732, 3.1415927410125732, 3.1415927410125732, 3.1415927410125732, 3.1415927410125732, 3.1415927410125732, 3.1415927410125732, 3.1415927410125732, 0.0, 0.0, 0.0, 0.0, 0.0, 0.0, 0.0, 0.0, 0.0, 0.0, 0.0, 0.0, 0.0, 0.0, 0.0, 0.0, 0.0, 0.0, 0.0, 0.0, 0.0, 0.0, 0.0, 0.0, 0.0, 0.0, 0.0, 0.0, 0.0, 0.0, 0.0, 0.0, 0.0, 0.0, 0.0, 0.0, 0.0, 0.0, 0.0, 0.0, 0.0, 0.0, 0.0, 0.0, 0.0, 0.0, 0.0, 0.0, 0.0, 0.0, 0.0, 0.0, 0.0, 0.0, 0.0, 0.0, 0.0, 0.0, 0.0, 0.0, 0.0, 0.0, 0.0, 0.0, 0.0, 0.0, 0.0, 0.0, 0.0, 0.0, 0.0, 0.0, 0.0, 0.0, 0.0, 0.0, 0.0, 0.0, 0.0, 0.0, 0.0, 0.0, 0.0, 0.0, 0.0, 0.0, 0.0, 0.0, 0.0, 0.0, 0.0, 0.0, 0.0, 0.0, 0.0, 0.0, 0.0, 0.0, 0.0, 0.0, 0.0, 0.0, 0.0, 0.0, 0.0, 0.0, 0.0, 0.0, 0.0, 0.0, 0.0, 0.0, 0.0, 0.0, 0.0, 0.0, 0.0, 0.0, 0.0, 0.0, 0.0, 0.0, 0.0, 0.0, 0.0, 0.0, 0.0, 0.0, 0.0, 0.0, 0.0, 0.0, 0.0, 0.0, 0.0, 0.0, 0.0, 0.0, 0.0, 0.0, 0.0, 0.0, 0.0, 0.0, 0.0, 0.0, 0.0, 0.0, 0.0, 0.0, 0.0, 0.0, 0.0, 0.0, 0.0, 0.0, 0.0, 0.0, 0.0, 0.0, 0.0, 0.0, 0.0, 0.0, 0.0, 0.0, 0.0, 0.0, 0.0, 0.0, 0.0, 0.0, 0.0, 0.0, 0.0, 0.0, 0.0, 0.0, 0.0, 0.0, 0.0, 0.0, 0.0, 0.0, 0.0, 0.0, 0.0, 0.0, 0.0, 0.0, 0.0, 0.0, 0.0, 0.0, 0.0, 0.0, 0.0, 0.0, 0.0, 0.0, 0.0, 0.0, 0.0, 0.0, 0.0, 0.0, 0.0, 0.0, 0.0, 0.0, 0.0, 0.0, 0.0, 0.0, 0.0, 0.0, 0.0, 0.0, 0.0, 0.0, 0.0, 0.0, 0.0, 0.0, 0.0, 0.0, 0.0, 0.0, 0.0, 0.0, 0.0, 0.0, 0.0, 0.0, 0.0, 0.0, 0.0, 0.0, 0.0, 0.0, 0.0, 0.0, 0.0, 0.0, 0.0, 0.0, 0.0, 0.0, 0.0, 0.0, 0.0, 0.0, 0.0, 0.0, 0.0, 0.0, 0.0, 0.0, 0.0, 0.0, 0.0, 0.0, 0.0, 0.0, 3.1415927410125732, 3.1415927410125732, 3.1415927410125732, 3.1415927410125732, 3.1415927410125732, 3.1415927410125732, 3.1415927410125732, 3.1415927410125732, 0.0, 0.0, 0.0, 0.0, 0.0, 0.0, 0.0, 0.0, 0.0, 0.0, 0.0, 0.0, 0.0, 0.0, 0.0, 0.0, 0.0, 0.0, 0.0, 0.0, 0.0, 0.0, 0.0, 0.0, 3.1415927410125732, 3.1415927410125732, 3.1415927410125732, 3.1415927410125732, 3.1415927410125732, 3.1415927410125732, 3.1415927410125732, 3.1415927410125732, 0.0, 0.0, 0.0, 0.0, 0.0, 0.0, 0.0, 0.0, 0.0, 0.0, 0.0, 0.0, 0.0, 0.0, 0.0, 0.0, 0.0, 0.0, 0.0, 0.0, 0.0, 0.0, 0.0, 0.0, 3.1415927410125732, 3.1415927410125732, 3.1415927410125732, 3.1415927410125732, 3.1415927410125732, 3.1415927410125732, 3.1415927410125732, 3.1415927410125732, 0.0, 0.0, 0.0, 0.0, 0.0, 0.0, 0.0, 0.0, 0.0, 0.0, 0.0, 0.0, 0.0, 0.0, 0.0, 0.0, 0.0, 0.0, 0.0, 0.0, 0.0, 0.0, 0.0, 0.0, 3.1415927410125732, 3.1415927410125732, 3.1415927410125732, 3.1415927410125732, 3.1415927410125732, 3.1415927410125732, 3.1415927410125732, 3.1415927410125732, 0.0, 0.0, 0.0, 0.0, 0.0, 0.0, 0.0, 0.0, 0.0, 0.0, 0.0, 0.0, 0.0, 0.0, 0.0, 0.0, 0.0, 0.0, 0.0, 0.0, 0.0, 0.0, 0.0, 0.0, 3.1415927410125732, 3.1415927410125732, 3.1415927410125732, 3.1415927410125732, 3.1415927410125732, 3.1415927410125732, 3.1415927410125732, 3.1415927410125732, 0.0, 0.0, 0.0, 0.0, 0.0, 0.0, 0.0, 0.0, 0.0, 0.0, 0.0, 0.0, 0.0, 0.0, 0.0, 0.0, 0.0, 0.0, 0.0, 0.0, 0.0, 0.0, 0.0, 0.0, 3.1415927410125732, 3.1415927410125732, 3.1415927410125732, 3.1415927410125732, 3.1415927410125732, 3.1415927410125732, 3.1415927410125732, 3.1415927410125732, 0.0, 0.0, 0.0, 0.0, 0.0, 0.0, 0.0, 0.0, 0.0, 0.0, 0.0, 0.0, 0.0, 0.0, 0.0, 0.0, 0.0, 0.0, 0.0, 0.0, 0.0, 0.0, 0.0, 0.0, 3.1415927410125732, 3.1415927410125732, 3.1415927410125732, 3.1415927410125732, 3.1415927410125732, 3.1415927410125732, 3.1415927410125732, 3.1415927410125732, 0.0, 0.0, 0.0, 0.0, 0.0, 0.0, 0.0, 0.0, 0.0, 0.0, 0.0, 0.0, 0.0, 0.0, 0.0, 0.0, 0.0, 0.0, 0.0, 0.0, 0.0, 0.0, 0.0, 0.0, 3.1415927410125732, 3.1415927410125732, 3.1415927410125732, 3.1415927410125732, 3.1415927410125732, 3.1415927410125732, 3.1415927410125732, 3.1415927410125732, 0.0, 0.0, 0.0, 0.0, 0.0, 0.0, 0.0, 0.0, 0.0, 0.0, 0.0, 0.0, 0.0, 0.0, 0.0, 0.0]"
0.6088365,0.15223686,0.15219523,0.15220979,0.15219462,0.15220913,-9.53539467,-9.53664207,-9.53620815,-9.53666496,"[3.1415927410125732, 3.1415927410125732, 3.1415927410125732, 3.1415927410125732, 3.1415927410125732, 3.1415927410125732, 3.1415927410125732, 3.1415927410125732, 3.1415927410125732, 3.1415927410125732, 3.1415927410125732, 3.1415927410125732, 3.1415927410125732, 3.1415927410125732, 3.1415927410125732, 3.1415927410125732, 3.1415927410125732, 3.1415927410125732, 3.1415927410125732, 3.1415927410125732, 3.1415927410125732, 3.1415927410125732, 3.1415927410125732, 3.1415927410125732, 3.1415927410125732, 3.1415927410125732, 3.1415927410125732, 3.1415927410125732, 3.1415927410125732, 3.1415927410125732, 3.1415927410125732, 3.1415927410125732, 3.1415927410125732, 3.1415927410125732, 3.1415927410125732, 3.1415927410125732, 3.1415927410125732, 3.1415927410125732, 3.1415927410125732, 3.1415927410125732, 3.1415927410125732, 3.1415927410125732, 3.1415927410125732, 3.1415927410125732, 3.1415927410125732, 3.1415927410125732, 3.1415927410125732, 3.1415927410125732, 3.1415927410125732, 3.1415927410125732, 3.1415927410125732, 3.1415927410125732, 3.1415927410125732, 3.1415927410125732, 3.1415927410125732, 3.1415927410125732, 3.1415927410125732, 3.1415927410125732, 3.1415927410125732, 3.1415927410125732, 3.1415927410125732, 3.1415927410125732, 3.1415927410125732, 3.1415927410125732, 3.1415927410125732, 3.1415927410125732, 3.1415927410125732, 3.1415927410125732, 3.1415927410125732, 3.1415927410125732, 3.1415927410125732, 3.1415927410125732, 3.1415927410125732, 3.1415927410125732, 3.1415927410125732, 3.1415927410125732, 3.1415927410125732, 3.1415927410125732, 3.1415927410125732, 3.1415927410125732, 3.1415927410125732, 3.1415927410125732, 3.1415927410125732, 3.1415927410125732, 3.1415927410125732, 3.1415927410125732, 3.1415927410125732, 3.1415927410125732, 3.1415927410125732, 3.1415927410125732, 3.1415927410125732, 3.1415927410125732, 3.1415927410125732, 3.1415927410125732, 3.1415927410125732, 3.1415927410125732, 3.1415927410125732, 3.1415927410125732, 3.1415927410125732, 3.1415927410125732, 3.1415927410125732, 3.1415927410125732, 3.1415927410125732, 3.1415927410125732, 3.1415927410125732, 3.1415927410125732, 3.1415927410125732, 3.1415927410125732, 3.1415927410125732, 3.1415927410125732, 3.1415927410125732, 3.1415927410125732, 3.1415927410125732, 3.1415927410125732, 3.1415927410125732, 3.1415927410125732, 3.1415927410125732, 3.1415927410125732, 3.1415927410125732, 3.1415927410125732, 3.1415927410125732, 3.1415927410125732, 3.1415927410125732, 3.1415927410125732, 3.1415927410125732, 3.1415927410125732, 3.1415927410125732, 3.1415927410125732, 3.1415927410125732, 3.1415927410125732, 3.1415927410125732, 3.1415927410125732, 3.1415927410125732, 3.1415927410125732, 3.1415927410125732, 3.1415927410125732, 3.1415927410125732, 3.1415927410125732, 3.1415927410125732, 3.1415927410125732, 3.1415927410125732, 3.1415927410125732, 3.1415927410125732, 3.1415927410125732, 3.1415927410125732, 3.1415927410125732, 3.1415927410125732, 3.1415927410125732, 3.1415927410125732, 3.1415927410125732, 3.1415927410125732, 3.1415927410125732, 3.1415927410125732, 3.1415927410125732, 3.1415927410125732, 3.1415927410125732, 3.1415927410125732, 3.1415927410125732, 3.1415927410125732, 3.1415927410125732, 3.1415927410125732, 3.1415927410125732, 3.1415927410125732, 3.1415927410125732, 3.1415927410125732, 3.1415927410125732, 3.1415927410125732, 3.1415927410125732, 3.1415927410125732, 3.1415927410125732, 3.1415927410125732, 3.1415927410125732, 3.1415927410125732, 3.1415927410125732, 3.1415927410125732, 3.1415927410125732, 3.1415927410125732, 3.1415927410125732, 3.1415927410125732, 3.1415927410125732, 3.1415927410125732, 3.1415927410125732, 3.1415927410125732, 3.1415927410125732, 3.1415927410125732, 3.1415927410125732, 3.1415927410125732, 3.1415927410125732, 3.1415927410125732, 3.1415927410125732, 3.1415927410125732, 3.1415927410125732, 3.1415927410125732, 3.1415927410125732, 3.1415927410125732, 3.1415927410125732, 3.1415927410125732, 3.1415927410125732, 3.1415927410125732, 3.1415927410125732, 3.1415927410125732, 3.1415927410125732, 3.1415927410125732, 3.1415927410125732, 3.1415927410125732, 3.1415927410125732, 3.1415927410125732, 3.1415927410125732, 3.1415927410125732, 3.1415927410125732, 3.1415927410125732, 3.1415927410125732, 3.1415927410125732, 3.1415927410125732, 3.1415927410125732, 3.1415927410125732, 3.1415927410125732, 3.1415927410125732, 3.1415927410125732, 3.1415927410125732, 3.1415927410125732, 3.1415927410125732, 3.1415927410125732, 3.1415927410125732, 3.1415927410125732, 3.1415927410125732, 3.1415927410125732, 3.1415927410125732, 3.1415927410125732, 3.1415927410125732, 3.1415927410125732, 3.1415927410125732, 3.1415927410125732, 3.1415927410125732, 3.1415927410125732, 3.1415927410125732, 3.1415927410125732, 3.1415927410125732, 3.1415927410125732, 3.1415927410125732, 3.1415927410125732, 3.1415927410125732, 3.1415927410125732, 3.1415927410125732, 3.1415927410125732, 3.1415927410125732, 3.1415927410125732, 3.1415927410125732, 3.1415927410125732, 3.1415927410125732, 3.1415927410125732, 3.1415927410125732, 3.1415927410125732, 3.1415927410125732, 3.1415927410125732, 3.1415927410125732, 0.0, 0.0, 0.0, 0.0, 0.0, 0.0, 0.0, 0.0, 0.0, 0.0, 0.0, 0.0, 0.0, 0.0, 0.0, 0.0, 3.1415927410125732, 3.1415927410125732, 3.1415927410125732, 3.1415927410125732, 3.1415927410125732, 3.1415927410125732, 3.1415927410125732, 3.1415927410125732, 3.1415927410125732, 3.1415927410125732, 3.1415927410125732, 3.1415927410125732, 3.1415927410125732, 3.1415927410125732, 3.1415927410125732, 3.1415927410125732, 0.0, 0.0, 0.0, 0.0, 0.0, 0.0, 0.0, 0.0, 0.0, 0.0, 0.0, 0.0, 0.0, 0.0, 0.0, 0.0, 3.1415927410125732, 3.1415927410125732, 3.1415927410125732, 3.1415927410125732, 3.1415927410125732, 3.1415927410125732, 3.1415927410125732, 3.1415927410125732, 3.1415927410125732, 3.1415927410125732, 3.1415927410125732, 3.1415927410125732, 3.1415927410125732, 3.1415927410125732, 3.1415927410125732, 3.1415927410125732, 0.0, 0.0, 0.0, 0.0, 0.0, 0.0, 0.0, 0.0, 0.0, 0.0, 0.0, 0.0, 0.0, 0.0, 0.0, 0.0, 3.1415927410125732, 3.1415927410125732, 3.1415927410125732, 3.1415927410125732, 3.1415927410125732, 3.1415927410125732, 3.1415927410125732, 3.1415927410125732, 3.1415927410125732, 3.1415927410125732, 3.1415927410125732, 3.1415927410125732, 3.1415927410125732, 3.1415927410125732, 3.1415927410125732, 3.1415927410125732, 0.0, 0.0, 0.0, 0.0, 0.0, 0.0, 0.0, 0.0, 0.0, 0.0, 0.0, 0.0, 0.0, 0.0, 0.0, 0.0, 3.1415927410125732, 3.1415927410125732, 3.1415927410125732, 3.1415927410125732, 3.1415927410125732, 3.1415927410125732, 3.1415927410125732, 3.1415927410125732, 3.1415927410125732, 3.1415927410125732, 3.1415927410125732, 3.1415927410125732, 3.1415927410125732, 3.1415927410125732, 3.1415927410125732, 3.1415927410125732, 0.0, 0.0, 0.0, 0.0, 0.0, 0.0, 0.0, 0.0, 0.0, 0.0, 0.0, 0.0, 0.0, 0.0, 0.0, 0.0, 3.1415927410125732, 3.1415927410125732, 3.1415927410125732, 3.1415927410125732, 3.1415927410125732, 3.1415927410125732, 3.1415927410125732, 3.1415927410125732, 3.1415927410125732, 3.1415927410125732, 3.1415927410125732, 3.1415927410125732, 3.1415927410125732, 3.1415927410125732, 3.1415927410125732, 3.1415927410125732, 0.0, 0.0, 0.0, 0.0, 0.0, 0.0, 0.0, 0.0, 0.0, 0.0, 0.0, 0.0, 0.0, 0.0, 0.0, 0.0, 3.1415927410125732, 3.1415927410125732, 3.1415927410125732, 3.1415927410125732, 3.1415927410125732, 3.1415927410125732, 3.1415927410125732, 3.1415927410125732, 3.1415927410125732, 3.1415927410125732, 3.1415927410125732, 3.1415927410125732, 3.1415927410125732, 3.1415927410125732, 3.1415927410125732, 3.1415927410125732, 0.0, 0.0, 0.0, 0.0, 0.0, 0.0, 0.0, 0.0, 0.0, 0.0, 0.0, 0.0, 0.0, 0.0, 0.0, 0.0, 3.1415927410125732, 3.1415927410125732, 3.1415927410125732, 3.1415927410125732, 3.1415927410125732, 3.1415927410125732, 3.1415927410125732, 3.1415927410125732, 3.1415927410125732, 3.1415927410125732, 3.1415927410125732, 3.1415927410125732, 3.1415927410125732, 3.1415927410125732, 3.1415927410125732, 3.1415927410125732, 0.0, 0.0, 0.0, 0.0, 0.0, 0.0, 0.0, 0.0, 0.0, 0.0, 0.0, 0.0, 0.0, 0.0, 0.0, 0.0, 3.1415927410125732, 3.1415927410125732, 3.1415927410125732, 3.1415927410125732, 3.1415927410125732, 3.1415927410125732, 3.1415927410125732, 3.1415927410125732, 3.1415927410125732, 3.1415927410125732, 3.1415927410125732, 3.1415927410125732, 3.1415927410125732, 3.1415927410125732, 3.1415927410125732, 3.1415927410125732, 0.0, 0.0, 0.0, 0.0, 0.0, 0.0, 0.0, 0.0, 0.0, 0.0, 0.0, 0.0, 0.0, 0.0, 0.0, 0.0, 0.0, 0.0, 0.0, 0.0, 0.0, 0.0, 0.0, 0.0, 0.0, 0.0, 0.0, 0.0, 0.0, 0.0, 0.0, 0.0, 0.0, 0.0, 0.0, 0.0, 0.0, 0.0, 0.0, 0.0, 0.0, 0.0, 0.0, 0.0, 0.0, 0.0, 0.0, 0.0, 0.0, 0.0, 0.0, 0.0, 0.0, 0.0, 0.0, 0.0, 0.0, 0.0, 0.0, 0.0, 0.0, 0.0, 0.0, 0.0, 0.0, 0.0, 0.0, 0.0, 0.0, 0.0, 0.0, 0.0, 0.0, 0.0, 0.0, 0.0, 0.0, 0.0, 0.0, 0.0, 0.0, 0.0, 0.0, 0.0, 0.0, 0.0, 0.0, 0.0, 0.0, 0.0, 0.0, 0.0, 0.0, 0.0, 0.0, 0.0, 0.0, 0.0, 0.0, 0.0, 0.0, 0.0, 0.0, 0.0, 0.0, 0.0, 0.0, 0.0, 0.0, 0.0, 0.0, 0.0, 0.0, 0.0, 0.0, 0.0, 0.0, 0.0, 0.0, 0.0, 0.0, 0.0, 0.0, 0.0, 0.0, 0.0, 0.0, 0.0, 0.0, 0.0, 0.0, 0.0, 0.0, 0.0, 0.0, 0.0, 0.0, 0.0, 0.0, 0.0, 0.0, 0.0, 0.0, 0.0, 0.0, 0.0, 0.0, 0.0, 0.0, 0.0, 0.0, 0.0, 0.0, 0.0, 0.0, 0.0, 0.0, 0.0, 0.0, 0.0, 0.0, 0.0, 0.0, 0.0, 0.0, 0.0, 0.0, 0.0, 0.0, 0.0, 0.0, 0.0, 0.0, 0.0, 0.0, 0.0, 0.0, 0.0, 0.0, 0.0, 0.0, 0.0, 0.0, 0.0, 0.0, 0.0, 0.0, 0.0, 0.0, 0.0, 0.0, 0.0, 0.0, 0.0, 0.0, 0.0, 0.0, 0.0, 0.0, 0.0, 0.0, 0.0, 0.0, 0.0, 0.0, 0.0, 0.0, 0.0, 0.0, 0.0, 0.0, 0.0, 0.0, 0.0, 0.0, 0.0, 0.0, 0.0, 0.0, 0.0, 0.0, 0.0, 0.0, 0.0, 0.0, 0.0, 0.0, 0.0, 0.0, 0.0, 0.0, 0.0, 0.0, 0.0, 0.0, 0.0, 0.0, 0.0, 0.0, 0.0, 0.0, 0.0, 0.0, 0.0, 0.0, 0.0, 0.0, 0.0, 0.0, 0.0, 0.0, 0.0, 0.0, 0.0, 0.0, 0.0, 0.0, 0.0, 0.0, 0.0, 0.0, 0.0, 0.0, 0.0, 3.1415927410125732, 3.1415927410125732, 3.1415927410125732, 3.1415927410125732, 3.1415927410125732, 3.1415927410125732, 3.1415927410125732, 3.1415927410125732, 0.0, 0.0, 0.0, 0.0, 0.0, 0.0, 0.0, 0.0, 0.0, 0.0, 0.0, 0.0, 0.0, 0.0, 0.0, 0.0, 0.0, 0.0, 0.0, 0.0, 0.0, 0.0, 0.0, 0.0, 3.1415927410125732, 3.1415927410125732, 3.1415927410125732, 3.1415927410125732, 3.1415927410125732, 3.1415927410125732, 3.1415927410125732, 3.1415927410125732, 0.0, 0.0, 0.0, 0.0, 0.0, 0.0, 0.0, 0.0, 0.0, 0.0, 0.0, 0.0, 0.0, 0.0, 0.0, 0.0, 0.0, 0.0, 0.0, 0.0, 0.0, 0.0, 0.0, 0.0, 3.1415927410125732, 3.1415927410125732, 3.1415927410125732, 3.1415927410125732, 3.1415927410125732, 3.1415927410125732, 3.1415927410125732, 3.1415927410125732, 0.0, 0.0, 0.0, 0.0, 0.0, 0.0, 0.0, 0.0, 0.0, 0.0, 0.0, 0.0, 0.0, 0.0, 0.0, 0.0, 0.0, 0.0, 0.0, 0.0, 0.0, 0.0, 0.0, 0.0, 3.1415927410125732, 3.1415927410125732, 3.1415927410125732, 3.1415927410125732, 3.1415927410125732, 3.1415927410125732, 3.1415927410125732, 3.1415927410125732, 0.0, 0.0, 0.0, 0.0, 0.0, 0.0, 0.0, 0.0, 0.0, 0.0, 0.0, 0.0, 0.0, 0.0, 0.0, 0.0, 0.0, 0.0, 0.0, 0.0, 0.0, 0.0, 0.0, 0.0, 3.1415927410125732, 3.1415927410125732, 3.1415927410125732, 3.1415927410125732, 3.1415927410125732, 3.1415927410125732, 3.1415927410125732, 3.1415927410125732, 0.0, 0.0, 0.0, 0.0, 0.0, 0.0, 0.0, 0.0, 0.0, 0.0, 0.0, 0.0, 0.0, 0.0, 0.0, 0.0, 0.0, 0.0, 0.0, 0.0, 0.0, 0.0, 0.0, 0.0, 3.1415927410125732, 3.1415927410125732, 3.1415927410125732, 3.1415927410125732, 3.1415927410125732, 3.1415927410125732, 3.1415927410125732, 3.1415927410125732, 0.0, 0.0, 0.0, 0.0, 0.0, 0.0, 0.0, 0.0, 0.0, 0.0, 0.0, 0.0, 0.0, 0.0, 0.0, 0.0, 0.0, 0.0, 0.0, 0.0, 0.0, 0.0, 0.0, 0.0, 3.1415927410125732, 3.1415927410125732, 3.1415927410125732, 3.1415927410125732, 3.1415927410125732, 3.1415927410125732, 3.1415927410125732, 3.1415927410125732, 0.0, 0.0, 0.0, 0.0, 0.0, 0.0, 0.0, 0.0, 0.0, 0.0, 0.0, 0.0, 0.0, 0.0, 0.0, 0.0, 0.0, 0.0, 0.0, 0.0, 0.0, 0.0, 0.0, 0.0, 3.1415927410125732, 3.1415927410125732, 3.1415927410125732, 3.1415927410125732, 3.1415927410125732, 3.1415927410125732, 3.1415927410125732, 3.1415927410125732, 0.0, 0.0, 0.0, 0.0, 0.0, 0.0, 0.0, 0.0, 0.0, 0.0, 0.0, 0.0, 0.0, 0.0, 0.0, 0.0]"
0.6088365,0.15223686,0.15219523,0.15220979,0.15219462,0.15220913,-9.53539467,-9.53664207,-9.53620815,-9.53666496,"[3.1415927410125732, 3.1415927410125732, 3.1415927410125732, 3.1415927410125732, 3.1415927410125732, 3.1415927410125732, 3.1415927410125732, 3.1415927410125732, 3.1415927410125732, 3.1415927410125732, 3.1415927410125732, 3.1415927410125732, 3.1415927410125732, 3.1415927410125732, 3.1415927410125732, 3.1415927410125732, 3.1415927410125732, 3.1415927410125732, 3.1415927410125732, 3.1415927410125732, 3.1415927410125732, 3.1415927410125732, 3.1415927410125732, 3.1415927410125732, 3.1415927410125732, 3.1415927410125732, 3.1415927410125732, 3.1415927410125732, 3.1415927410125732, 3.1415927410125732, 3.1415927410125732, 3.1415927410125732, 3.1415927410125732, 3.1415927410125732, 3.1415927410125732, 3.1415927410125732, 3.1415927410125732, 3.1415927410125732, 3.1415927410125732, 3.1415927410125732, 3.1415927410125732, 3.1415927410125732, 3.1415927410125732, 3.1415927410125732, 3.1415927410125732, 3.1415927410125732, 3.1415927410125732, 3.1415927410125732, 3.1415927410125732, 3.1415927410125732, 3.1415927410125732, 3.1415927410125732, 3.1415927410125732, 3.1415927410125732, 3.1415927410125732, 3.1415927410125732, 3.1415927410125732, 3.1415927410125732, 3.1415927410125732, 3.1415927410125732, 3.1415927410125732, 3.1415927410125732, 3.1415927410125732, 3.1415927410125732, 3.1415927410125732, 3.1415927410125732, 3.1415927410125732, 3.1415927410125732, 3.1415927410125732, 3.1415927410125732, 3.1415927410125732, 3.1415927410125732, 3.1415927410125732, 3.1415927410125732, 3.1415927410125732, 3.1415927410125732, 3.1415927410125732, 3.1415927410125732, 3.1415927410125732, 3.1415927410125732, 3.1415927410125732, 3.1415927410125732, 3.1415927410125732, 3.1415927410125732, 3.1415927410125732, 3.1415927410125732, 3.1415927410125732, 3.1415927410125732, 3.1415927410125732, 3.1415927410125732, 3.1415927410125732, 3.1415927410125732, 3.1415927410125732, 3.1415927410125732, 3.1415927410125732, 3.1415927410125732, 3.1415927410125732, 3.1415927410125732, 3.1415927410125732, 3.1415927410125732, 3.1415927410125732, 3.1415927410125732, 3.1415927410125732, 3.1415927410125732, 3.1415927410125732, 3.1415927410125732, 3.1415927410125732, 3.1415927410125732, 3.1415927410125732, 3.1415927410125732, 3.1415927410125732, 3.1415927410125732, 3.1415927410125732, 3.1415927410125732, 3.1415927410125732, 3.1415927410125732, 3.1415927410125732, 3.1415927410125732, 3.1415927410125732, 3.1415927410125732, 3.1415927410125732, 3.1415927410125732, 3.1415927410125732, 3.1415927410125732, 3.1415927410125732, 3.1415927410125732, 3.1415927410125732, 3.1415927410125732, 3.1415927410125732, 3.1415927410125732, 3.1415927410125732, 3.1415927410125732, 3.1415927410125732, 3.1415927410125732, 3.1415927410125732, 3.1415927410125732, 3.1415927410125732, 3.1415927410125732, 3.1415927410125732, 3.1415927410125732, 3.1415927410125732, 3.1415927410125732, 3.1415927410125732, 3.1415927410125732, 3.1415927410125732, 3.1415927410125732, 3.1415927410125732, 3.1415927410125732, 3.1415927410125732, 3.1415927410125732, 3.1415927410125732, 3.1415927410125732, 3.1415927410125732, 3.1415927410125732, 3.1415927410125732, 3.1415927410125732, 3.1415927410125732, 3.1415927410125732, 3.1415927410125732, 3.1415927410125732, 3.1415927410125732, 3.1415927410125732, 3.1415927410125732, 3.1415927410125732, 3.1415927410125732, 3.1415927410125732, 3.1415927410125732, 3.1415927410125732, 3.1415927410125732, 3.1415927410125732, 3.1415927410125732, 3.1415927410125732, 3.1415927410125732, 3.1415927410125732, 3.1415927410125732, 3.1415927410125732, 3.1415927410125732, 3.1415927410125732, 3.1415927410125732, 3.1415927410125732, 3.1415927410125732, 3.1415927410125732, 3.1415927410125732, 3.1415927410125732, 3.1415927410125732, 3.1415927410125732, 3.1415927410125732, 3.1415927410125732, 3.1415927410125732, 3.1415927410125732, 3.1415927410125732, 3.1415927410125732, 3.1415927410125732, 3.1415927410125732, 3.1415927410125732, 3.1415927410125732, 3.1415927410125732, 3.1415927410125732, 3.1415927410125732, 3.1415927410125732, 3.1415927410125732, 3.1415927410125732, 3.1415927410125732, 3.1415927410125732, 3.1415927410125732, 3.1415927410125732, 3.1415927410125732, 3.1415927410125732, 3.1415927410125732, 3.1415927410125732, 3.1415927410125732, 3.1415927410125732, 3.1415927410125732, 3.1415927410125732, 3.1415927410125732, 3.1415927410125732, 3.1415927410125732, 3.1415927410125732, 3.1415927410125732, 3.1415927410125732, 3.1415927410125732, 3.1415927410125732, 3.1415927410125732, 3.1415927410125732, 3.1415927410125732, 3.1415927410125732, 3.1415927410125732, 3.1415927410125732, 3.1415927410125732, 3.1415927410125732, 3.1415927410125732, 3.1415927410125732, 3.1415927410125732, 3.1415927410125732, 3.1415927410125732, 3.1415927410125732, 3.1415927410125732, 3.1415927410125732, 3.1415927410125732, 3.1415927410125732, 3.1415927410125732, 3.1415927410125732, 3.1415927410125732, 3.1415927410125732, 3.1415927410125732, 3.1415927410125732, 3.1415927410125732, 3.1415927410125732, 3.1415927410125732, 3.1415927410125732, 3.1415927410125732, 3.1415927410125732, 3.1415927410125732, 3.1415927410125732, 3.1415927410125732, 3.1415927410125732, 0.0, 0.0, 0.0, 0.0, 0.0, 0.0, 0.0, 0.0, 0.0, 0.0, 0.0, 0.0, 0.0, 0.0, 0.0, 0.0, 3.1415927410125732, 3.1415927410125732, 3.1415927410125732, 3.1415927410125732, 3.1415927410125732, 3.1415927410125732, 3.1415927410125732, 3.1415927410125732, 3.1415927410125732, 3.1415927410125732, 3.1415927410125732, 3.1415927410125732, 3.1415927410125732, 3.1415927410125732, 3.1415927410125732, 3.1415927410125732, 0.0, 0.0, 0.0, 0.0, 0.0, 0.0, 0.0, 0.0, 0.0, 0.0, 0.0, 0.0, 0.0, 0.0, 0.0, 0.0, 3.1415927410125732, 3.1415927410125732, 3.1415927410125732, 3.1415927410125732, 3.1415927410125732, 3.1415927410125732, 3.1415927410125732, 3.1415927410125732, 3.1415927410125732, 3.1415927410125732, 3.1415927410125732, 3.1415927410125732, 3.1415927410125732, 3.1415927410125732, 3.1415927410125732, 3.1415927410125732, 0.0, 0.0, 0.0, 0.0, 0.0, 0.0, 0.0, 0.0, 0.0, 0.0, 0.0, 0.0, 0.0, 0.0, 0.0, 0.0, 3.1415927410125732, 3.1415927410125732, 3.1415927410125732, 3.1415927410125732, 3.1415927410125732, 3.1415927410125732, 3.1415927410125732, 3.1415927410125732, 3.1415927410125732, 3.1415927410125732, 3.1415927410125732, 3.1415927410125732, 3.1415927410125732, 3.1415927410125732, 3.1415927410125732, 3.1415927410125732, 0.0, 0.0, 0.0, 0.0, 0.0, 0.0, 0.0, 0.0, 0.0, 0.0, 0.0, 0.0, 0.0, 0.0, 0.0, 0.0, 3.1415927410125732, 3.1415927410125732, 3.1415927410125732, 3.1415927410125732, 3.1415927410125732, 3.1415927410125732, 3.1415927410125732, 3.1415927410125732, 3.1415927410125732, 3.1415927410125732, 3.1415927410125732, 3.1415927410125732, 3.1415927410125732, 3.1415927410125732, 3.1415927410125732, 3.1415927410125732, 0.0, 0.0, 0.0, 0.0, 0.0, 0.0, 0.0, 0.0, 0.0, 0.0, 0.0, 0.0, 0.0, 0.0, 0.0, 0.0, 3.1415927410125732, 3.1415927410125732, 3.1415927410125732, 3.1415927410125732, 3.1415927410125732, 3.1415927410125732, 3.1415927410125732, 3.1415927410125732, 3.1415927410125732, 3.1415927410125732, 3.1415927410125732, 3.1415927410125732, 3.1415927410125732, 3.1415927410125732, 3.1415927410125732, 3.1415927410125732, 0.0, 0.0, 0.0, 0.0, 0.0, 0.0, 0.0, 0.0, 0.0, 0.0, 0.0, 0.0, 0.0, 0.0, 0.0, 0.0, 3.1415927410125732, 3.1415927410125732, 3.1415927410125732, 3.1415927410125732, 3.1415927410125732, 3.1415927410125732, 3.1415927410125732, 3.1415927410125732, 3.1415927410125732, 3.1415927410125732, 3.1415927410125732, 3.1415927410125732, 3.1415927410125732, 3.1415927410125732, 3.1415927410125732, 3.1415927410125732, 0.0, 0.0, 0.0, 0.0, 0.0, 0.0, 0.0, 0.0, 0.0, 0.0, 0.0, 0.0, 0.0, 0.0, 0.0, 0.0, 3.1415927410125732, 3.1415927410125732, 3.1415927410125732, 3.1415927410125732, 3.1415927410125732, 3.1415927410125732, 3.1415927410125732, 3.1415927410125732, 3.1415927410125732, 3.1415927410125732, 3.1415927410125732, 3.1415927410125732, 3.1415927410125732, 3.1415927410125732, 3.1415927410125732, 3.1415927410125732, 0.0, 0.0, 0.0, 0.0, 0.0, 0.0, 0.0, 0.0, 0.0, 0.0, 0.0, 0.0, 0.0, 0.0, 0.0, 0.0, 3.1415927410125732, 3.1415927410125732, 3.1415927410125732, 3.1415927410125732, 3.1415927410125732, 3.1415927410125732, 3.1415927410125732, 3.1415927410125732, 3.1415927410125732, 3.1415927410125732, 3.1415927410125732, 3.1415927410125732, 3.1415927410125732, 3.1415927410125732, 3.1415927410125732, 3.1415927410125732, 0.0, 0.0, 0.0, 0.0, 0.0, 0.0, 0.0, 0.0, 0.0, 0.0, 0.0, 0.0, 0.0, 0.0, 0.0, 0.0, 0.0, 0.0, 0.0, 0.0, 0.0, 0.0, 0.0, 0.0, 0.0, 0.0, 0.0, 0.0, 0.0, 0.0, 0.0, 0.0, 0.0, 0.0, 0.0, 0.0, 0.0, 0.0, 0.0, 0.0, 0.0, 0.0, 0.0, 0.0, 0.0, 0.0, 0.0, 0.0, 0.0, 0.0, 0.0, 0.0, 0.0, 0.0, 0.0, 0.0, 0.0, 0.0, 0.0, 0.0, 0.0, 0.0, 0.0, 0.0, 0.0, 0.0, 0.0, 0.0, 0.0, 0.0, 0.0, 0.0, 0.0, 0.0, 0.0, 0.0, 0.0, 0.0, 0.0, 0.0, 0.0, 0.0, 0.0, 0.0, 0.0, 0.0, 0.0, 0.0, 0.0, 0.0, 0.0, 0.0, 0.0, 0.0, 0.0, 0.0, 0.0, 0.0, 0.0, 0.0, 0.0, 0.0, 0.0, 0.0, 0.0, 0.0, 0.0, 0.0, 0.0, 0.0, 0.0, 0.0, 0.0, 0.0, 0.0, 0.0, 0.0, 0.0, 0.0, 0.0, 0.0, 0.0, 0.0, 0.0, 0.0, 0.0, 0.0, 0.0, 0.0, 0.0, 0.0, 0.0, 0.0, 0.0, 0.0, 0.0, 0.0, 0.0, 0.0, 0.0, 0.0, 0.0, 0.0, 0.0, 0.0, 0.0, 0.0, 0.0, 0.0, 0.0, 0.0, 0.0, 0.0, 0.0, 0.0, 0.0, 0.0, 0.0, 0.0, 0.0, 0.0, 0.0, 0.0, 0.0, 0.0, 0.0, 0.0, 0.0, 0.0, 0.0, 0.0, 0.0, 0.0, 0.0, 0.0, 0.0, 0.0, 0.0, 0.0, 0.0, 0.0, 0.0, 0.0, 0.0, 0.0, 0.0, 0.0, 0.0, 0.0, 0.0, 0.0, 0.0, 0.0, 0.0, 0.0, 0.0, 0.0, 0.0, 0.0, 0.0, 0.0, 0.0, 0.0, 0.0, 0.0, 0.0, 0.0, 0.0, 0.0, 0.0, 0.0, 0.0, 0.0, 0.0, 0.0, 0.0, 0.0, 0.0, 0.0, 0.0, 0.0, 0.0, 0.0, 0.0, 0.0, 0.0, 0.0, 0.0, 0.0, 0.0, 0.0, 0.0, 0.0, 0.0, 0.0, 0.0, 0.0, 0.0, 0.0, 0.0, 0.0, 0.0, 0.0, 0.0, 0.0, 0.0, 0.0, 0.0, 0.0, 0.0, 0.0, 0.0, 0.0, 0.0, 0.0, 0.0, 0.0, 0.0, 0.0, 0.0, 0.0, 0.0, 0.0, 0.0, 3.1415927410125732, 3.1415927410125732, 3.1415927410125732, 3.1415927410125732, 3.1415927410125732, 3.1415927410125732, 3.1415927410125732, 3.1415927410125732, 0.0, 0.0, 0.0, 0.0, 0.0, 0.0, 0.0, 0.0, 0.0, 0.0, 0.0, 0.0, 0.0, 0.0, 0.0, 0.0, 0.0, 0.0, 0.0, 0.0, 0.0, 0.0, 0.0, 0.0, 3.1415927410125732, 3.1415927410125732, 3.1415927410125732, 3.1415927410125732, 3.1415927410125732, 3.1415927410125732, 3.1415927410125732, 3.1415927410125732, 0.0, 0.0, 0.0, 0.0, 0.0, 0.0, 0.0, 0.0, 0.0, 0.0, 0.0, 0.0, 0.0, 0.0, 0.0, 0.0, 0.0, 0.0, 0.0, 0.0, 0.0, 0.0, 0.0, 0.0, 3.1415927410125732, 3.1415927410125732, 3.1415927410125732, 3.1415927410125732, 3.1415927410125732, 3.1415927410125732, 3.1415927410125732, 3.1415927410125732, 0.0, 0.0, 0.0, 0.0, 0.0, 0.0, 0.0, 0.0, 0.0, 0.0, 0.0, 0.0, 0.0, 0.0, 0.0, 0.0, 0.0, 0.0, 0.0, 0.0, 0.0, 0.0, 0.0, 0.0, 3.1415927410125732, 3.1415927410125732, 3.1415927410125732, 3.1415927410125732, 3.1415927410125732, 3.1415927410125732, 3.1415927410125732, 3.1415927410125732, 0.0, 0.0, 0.0, 0.0, 0.0, 0.0, 0.0, 0.0, 0.0, 0.0, 0.0, 0.0, 0.0, 0.0, 0.0, 0.0, 0.0, 0.0, 0.0, 0.0, 0.0, 0.0, 0.0, 0.0, 3.1415927410125732, 3.1415927410125732, 3.1415927410125732, 3.1415927410125732, 3.1415927410125732, 3.1415927410125732, 3.1415927410125732, 3.1415927410125732, 0.0, 0.0, 0.0, 0.0, 0.0, 0.0, 0.0, 0.0, 0.0, 0.0, 0.0, 0.0, 0.0, 0.0, 0.0, 0.0, 0.0, 0.0, 0.0, 0.0, 0.0, 0.0, 0.0, 0.0, 3.1415927410125732, 3.1415927410125732, 3.1415927410125732, 3.1415927410125732, 3.1415927410125732, 3.1415927410125732, 3.1415927410125732, 3.1415927410125732, 0.0, 0.0, 0.0, 0.0, 0.0, 0.0, 0.0, 0.0, 0.0, 0.0, 0.0, 0.0, 0.0, 0.0, 0.0, 0.0, 0.0, 0.0, 0.0, 0.0, 0.0, 0.0, 0.0, 0.0, 3.1415927410125732, 3.1415927410125732, 3.1415927410125732, 3.1415927410125732, 3.1415927410125732, 3.1415927410125732, 3.1415927410125732, 3.1415927410125732, 0.0, 0.0, 0.0, 0.0, 0.0, 0.0, 0.0, 0.0, 0.0, 0.0, 0.0, 0.0, 0.0, 0.0, 0.0, 0.0, 0.0, 0.0, 0.0, 0.0, 0.0, 0.0, 0.0, 0.0, 3.1415927410125732, 3.1415927410125732, 3.1415927410125732, 3.1415927410125732, 3.1415927410125732, 3.1415927410125732, 3.1415927410125732, 3.1415927410125732, 0.0, 0.0, 0.0, 0.0, 0.0, 0.0, 0.0, 0.0, 0.0, 0.0, 0.0, 0.0, 0.0, 0.0, 0.0, 0.0]"
0.6088365,0.15223686,0.15219523,0.15220979,0.15219462,0.15220913,-9.53539467,-9.53664207,-9.53620815,-9.53666496,"[3.1415927410125732, 3.1415927410125732, 3.1415927410125732, 3.1415927410125732, 3.1415927410125732, 3.1415927410125732, 3.1415927410125732, 3.1415927410125732, 3.1415927410125732, 3.1415927410125732, 3.1415927410125732, 3.1415927410125732, 3.1415927410125732, 3.1415927410125732, 3.1415927410125732, 3.1415927410125732, 3.1415927410125732, 3.1415927410125732, 3.1415927410125732, 3.1415927410125732, 3.1415927410125732, 3.1415927410125732, 3.1415927410125732, 3.1415927410125732, 3.1415927410125732, 3.1415927410125732, 3.1415927410125732, 3.1415927410125732, 3.1415927410125732, 3.1415927410125732, 3.1415927410125732, 3.1415927410125732, 3.1415927410125732, 3.1415927410125732, 3.1415927410125732, 3.1415927410125732, 3.1415927410125732, 3.1415927410125732, 3.1415927410125732, 3.1415927410125732, 3.1415927410125732, 3.1415927410125732, 3.1415927410125732, 3.1415927410125732, 3.1415927410125732, 3.1415927410125732, 3.1415927410125732, 3.1415927410125732, 3.1415927410125732, 3.1415927410125732, 3.1415927410125732, 3.1415927410125732, 3.1415927410125732, 3.1415927410125732, 3.1415927410125732, 3.1415927410125732, 3.1415927410125732, 3.1415927410125732, 3.1415927410125732, 3.1415927410125732, 3.1415927410125732, 3.1415927410125732, 3.1415927410125732, 3.1415927410125732, 3.1415927410125732, 3.1415927410125732, 3.1415927410125732, 3.1415927410125732, 3.1415927410125732, 3.1415927410125732, 3.1415927410125732, 3.1415927410125732, 3.1415927410125732, 3.1415927410125732, 3.1415927410125732, 3.1415927410125732, 3.1415927410125732, 3.1415927410125732, 3.1415927410125732, 3.1415927410125732, 3.1415927410125732, 3.1415927410125732, 3.1415927410125732, 3.1415927410125732, 3.1415927410125732, 3.1415927410125732, 3.1415927410125732, 3.1415927410125732, 3.1415927410125732, 3.1415927410125732, 3.1415927410125732, 3.1415927410125732, 3.1415927410125732, 3.1415927410125732, 3.1415927410125732, 3.1415927410125732, 3.1415927410125732, 3.1415927410125732, 3.1415927410125732, 3.1415927410125732, 3.1415927410125732, 3.1415927410125732, 3.1415927410125732, 3.1415927410125732, 3.1415927410125732, 3.1415927410125732, 3.1415927410125732, 3.1415927410125732, 3.1415927410125732, 3.1415927410125732, 3.1415927410125732, 3.1415927410125732, 3.1415927410125732, 3.1415927410125732, 3.1415927410125732, 3.1415927410125732, 3.1415927410125732, 3.1415927410125732, 3.1415927410125732, 3.1415927410125732, 3.1415927410125732, 3.1415927410125732, 3.1415927410125732, 3.1415927410125732, 3.1415927410125732, 3.1415927410125732, 3.1415927410125732, 3.1415927410125732, 3.1415927410125732, 3.1415927410125732, 3.1415927410125732, 3.1415927410125732, 3.1415927410125732, 3.1415927410125732, 3.1415927410125732, 3.1415927410125732, 3.1415927410125732, 3.1415927410125732, 3.1415927410125732, 3.1415927410125732, 3.1415927410125732, 3.1415927410125732, 3.1415927410125732, 3.1415927410125732, 3.1415927410125732, 3.1415927410125732, 3.1415927410125732, 3.1415927410125732, 3.1415927410125732, 3.1415927410125732, 3.1415927410125732, 3.1415927410125732, 3.1415927410125732, 3.1415927410125732, 3.1415927410125732, 3.1415927410125732, 3.1415927410125732, 3.1415927410125732, 3.1415927410125732, 3.1415927410125732, 3.1415927410125732, 3.1415927410125732, 3.1415927410125732, 3.1415927410125732, 3.1415927410125732, 3.1415927410125732, 3.1415927410125732, 3.1415927410125732, 3.1415927410125732, 3.1415927410125732, 3.1415927410125732, 3.1415927410125732, 3.1415927410125732, 3.1415927410125732, 3.1415927410125732, 3.1415927410125732, 3.1415927410125732, 3.1415927410125732, 3.1415927410125732, 3.1415927410125732, 3.1415927410125732, 3.1415927410125732, 3.1415927410125732, 3.1415927410125732, 3.1415927410125732, 3.1415927410125732, 3.1415927410125732, 3.1415927410125732, 3.1415927410125732, 3.1415927410125732, 3.1415927410125732, 3.1415927410125732, 3.1415927410125732, 3.1415927410125732, 3.1415927410125732, 3.1415927410125732, 3.1415927410125732, 3.1415927410125732, 3.1415927410125732, 3.1415927410125732, 3.1415927410125732, 3.1415927410125732, 3.1415927410125732, 3.1415927410125732, 3.1415927410125732, 3.1415927410125732, 3.1415927410125732, 3.1415927410125732, 3.1415927410125732, 3.1415927410125732, 3.1415927410125732, 3.1415927410125732, 3.1415927410125732, 3.1415927410125732, 3.1415927410125732, 3.1415927410125732, 3.1415927410125732, 3.1415927410125732, 3.1415927410125732, 3.1415927410125732, 3.1415927410125732, 3.1415927410125732, 3.1415927410125732, 3.1415927410125732, 3.1415927410125732, 3.1415927410125732, 3.1415927410125732, 3.1415927410125732, 3.1415927410125732, 3.1415927410125732, 3.1415927410125732, 3.1415927410125732, 3.1415927410125732, 3.1415927410125732, 3.1415927410125732, 3.1415927410125732, 3.1415927410125732, 3.1415927410125732, 3.1415927410125732, 3.1415927410125732, 3.1415927410125732, 3.1415927410125732, 3.1415927410125732, 3.1415927410125732, 3.1415927410125732, 3.1415927410125732, 3.1415927410125732, 3.1415927410125732, 3.1415927410125732, 3.1415927410125732, 3.1415927410125732, 3.1415927410125732, 3.1415927410125732, 3.1415927410125732, 3.1415927410125732, 3.1415927410125732, 0.0, 0.0, 0.0, 0.0, 0.0, 0.0, 0.0, 0.0, 0.0, 0.0, 0.0, 0.0, 0.0, 0.0, 0.0, 0.0, 3.1415927410125732, 3.1415927410125732, 3.1415927410125732, 3.1415927410125732, 3.1415927410125732, 3.1415927410125732, 3.1415927410125732, 3.1415927410125732, 3.1415927410125732, 3.1415927410125732, 3.1415927410125732, 3.1415927410125732, 3.1415927410125732, 3.1415927410125732, 3.1415927410125732, 3.1415927410125732, 0.0, 0.0, 0.0, 0.0, 0.0, 0.0, 0.0, 0.0, 0.0, 0.0, 0.0, 0.0, 0.0, 0.0, 0.0, 0.0, 3.1415927410125732, 3.1415927410125732, 3.1415927410125732, 3.1415927410125732, 3.1415927410125732, 3.1415927410125732, 3.1415927410125732, 3.1415927410125732, 3.1415927410125732, 3.1415927410125732, 3.1415927410125732, 3.1415927410125732, 3.1415927410125732, 3.1415927410125732, 3.1415927410125732, 3.1415927410125732, 0.0, 0.0, 0.0, 0.0, 0.0, 0.0, 0.0, 0.0, 0.0, 0.0, 0.0, 0.0, 0.0, 0.0, 0.0, 0.0, 3.1415927410125732, 3.1415927410125732, 3.1415927410125732, 3.1415927410125732, 3.1415927410125732, 3.1415927410125732, 3.1415927410125732, 3.1415927410125732, 3.1415927410125732, 3.1415927410125732, 3.1415927410125732, 3.1415927410125732, 3.1415927410125732, 3.1415927410125732, 3.1415927410125732, 3.1415927410125732, 0.0, 0.0, 0.0, 0.0, 0.0, 0.0, 0.0, 0.0, 0.0, 0.0, 0.0, 0.0, 0.0, 0.0, 0.0, 0.0, 3.1415927410125732, 3.1415927410125732, 3.1415927410125732, 3.1415927410125732, 3.1415927410125732, 3.1415927410125732, 3.1415927410125732, 3.1415927410125732, 3.1415927410125732, 3.1415927410125732, 3.1415927410125732, 3.1415927410125732, 3.1415927410125732, 3.1415927410125732, 3.1415927410125732, 3.1415927410125732, 0.0, 0.0, 0.0, 0.0, 0.0, 0.0, 0.0, 0.0, 0.0, 0.0, 0.0, 0.0, 0.0, 0.0, 0.0, 0.0, 3.1415927410125732, 3.1415927410125732, 3.1415927410125732, 3.1415927410125732, 3.1415927410125732, 3.1415927410125732, 3.1415927410125732, 3.1415927410125732, 3.1415927410125732, 3.1415927410125732, 3.1415927410125732, 3.1415927410125732, 3.1415927410125732, 3.1415927410125732, 3.1415927410125732, 3.1415927410125732, 0.0, 0.0, 0.0, 0.0, 0.0, 0.0, 0.0, 0.0, 0.0, 0.0, 0.0, 0.0, 0.0, 0.0, 0.0, 0.0, 3.1415927410125732, 3.1415927410125732, 3.1415927410125732, 3.1415927410125732, 3.1415927410125732, 3.1415927410125732, 3.1415927410125732, 3.1415927410125732, 3.1415927410125732, 3.1415927410125732, 3.1415927410125732, 3.1415927410125732, 3.1415927410125732, 3.1415927410125732, 3.1415927410125732, 3.1415927410125732, 0.0, 0.0, 0.0, 0.0, 0.0, 0.0, 0.0, 0.0, 0.0, 0.0, 0.0, 0.0, 0.0, 0.0, 0.0, 0.0, 3.1415927410125732, 3.1415927410125732, 3.1415927410125732, 3.1415927410125732, 3.1415927410125732, 3.1415927410125732, 3.1415927410125732, 3.1415927410125732, 3.1415927410125732, 3.1415927410125732, 3.1415927410125732, 3.1415927410125732, 3.1415927410125732, 3.1415927410125732, 3.1415927410125732, 3.1415927410125732, 0.0, 0.0, 0.0, 0.0, 0.0, 0.0, 0.0, 0.0, 0.0, 0.0, 0.0, 0.0, 0.0, 0.0, 0.0, 0.0, 3.1415927410125732, 3.1415927410125732, 3.1415927410125732, 3.1415927410125732, 3.1415927410125732, 3.1415927410125732, 3.1415927410125732, 3.1415927410125732, 3.1415927410125732, 3.1415927410125732, 3.1415927410125732, 3.1415927410125732, 3.1415927410125732, 3.1415927410125732, 3.1415927410125732, 3.1415927410125732, 0.0, 0.0, 0.0, 0.0, 0.0, 0.0, 0.0, 0.0, 0.0, 0.0, 0.0, 0.0, 0.0, 0.0, 0.0, 0.0, 0.0, 0.0, 0.0, 0.0, 0.0, 0.0, 0.0, 0.0, 0.0, 0.0, 0.0, 0.0, 0.0, 0.0, 0.0, 0.0, 0.0, 0.0, 0.0, 0.0, 0.0, 0.0, 0.0, 0.0, 0.0, 0.0, 0.0, 0.0, 0.0, 0.0, 0.0, 0.0, 0.0, 0.0, 0.0, 0.0, 0.0, 0.0, 0.0, 0.0, 0.0, 0.0, 0.0, 0.0, 0.0, 0.0, 0.0, 0.0, 0.0, 0.0, 0.0, 0.0, 0.0, 0.0, 0.0, 0.0, 0.0, 0.0, 0.0, 0.0, 0.0, 0.0, 0.0, 0.0, 0.0, 0.0, 0.0, 0.0, 0.0, 0.0, 0.0, 0.0, 0.0, 0.0, 0.0, 0.0, 0.0, 0.0, 0.0, 0.0, 0.0, 0.0, 0.0, 0.0, 0.0, 0.0, 0.0, 0.0, 0.0, 0.0, 0.0, 0.0, 0.0, 0.0, 0.0, 0.0, 0.0, 0.0, 0.0, 0.0, 0.0, 0.0, 0.0, 0.0, 0.0, 0.0, 0.0, 0.0, 0.0, 0.0, 0.0, 0.0, 0.0, 0.0, 0.0, 0.0, 0.0, 0.0, 0.0, 0.0, 0.0, 0.0, 0.0, 0.0, 0.0, 0.0, 0.0, 0.0, 0.0, 0.0, 0.0, 0.0, 0.0, 0.0, 0.0, 0.0, 0.0, 0.0, 0.0, 0.0, 0.0, 0.0, 0.0, 0.0, 0.0, 0.0, 0.0, 0.0, 0.0, 0.0, 0.0, 0.0, 0.0, 0.0, 0.0, 0.0, 0.0, 0.0, 0.0, 0.0, 0.0, 0.0, 0.0, 0.0, 0.0, 0.0, 0.0, 0.0, 0.0, 0.0, 0.0, 0.0, 0.0, 0.0, 0.0, 0.0, 0.0, 0.0, 0.0, 0.0, 0.0, 0.0, 0.0, 0.0, 0.0, 0.0, 0.0, 0.0, 0.0, 0.0, 0.0, 0.0, 0.0, 0.0, 0.0, 0.0, 0.0, 0.0, 0.0, 0.0, 0.0, 0.0, 0.0, 0.0, 0.0, 0.0, 0.0, 0.0, 0.0, 0.0, 0.0, 0.0, 0.0, 0.0, 0.0, 0.0, 0.0, 0.0, 0.0, 0.0, 0.0, 0.0, 0.0, 0.0, 0.0, 0.0, 0.0, 0.0, 0.0, 0.0, 0.0, 0.0, 0.0, 0.0, 0.0, 0.0, 0.0, 0.0, 0.0, 0.0, 0.0, 0.0, 0.0, 0.0, 0.0, 0.0, 0.0, 0.0, 3.1415927410125732, 3.1415927410125732, 3.1415927410125732, 3.1415927410125732, 3.1415927410125732, 3.1415927410125732, 3.1415927410125732, 3.1415927410125732, 0.0, 0.0, 0.0, 0.0, 0.0, 0.0, 0.0, 0.0, 0.0, 0.0, 0.0, 0.0, 0.0, 0.0, 0.0, 0.0, 0.0, 0.0, 0.0, 0.0, 0.0, 0.0, 0.0, 0.0, 3.1415927410125732, 3.1415927410125732, 3.1415927410125732, 3.1415927410125732, 3.1415927410125732, 3.1415927410125732, 3.1415927410125732, 3.1415927410125732, 0.0, 0.0, 0.0, 0.0, 0.0, 0.0, 0.0, 0.0, 0.0, 0.0, 0.0, 0.0, 0.0, 0.0, 0.0, 0.0, 0.0, 0.0, 0.0, 0.0, 0.0, 0.0, 0.0, 0.0, 3.1415927410125732, 3.1415927410125732, 3.1415927410125732, 3.1415927410125732, 3.1415927410125732, 3.1415927410125732, 3.1415927410125732, 3.1415927410125732, 0.0, 0.0, 0.0, 0.0, 0.0, 0.0, 0.0, 0.0, 0.0, 0.0, 0.0, 0.0, 0.0, 0.0, 0.0, 0.0, 0.0, 0.0, 0.0, 0.0, 0.0, 0.0, 0.0, 0.0, 3.1415927410125732, 3.1415927410125732, 3.1415927410125732, 3.1415927410125732, 3.1415927410125732, 3.1415927410125732, 3.1415927410125732, 3.1415927410125732, 0.0, 0.0, 0.0, 0.0, 0.0, 0.0, 0.0, 0.0, 0.0, 0.0, 0.0, 0.0, 0.0, 0.0, 0.0, 0.0, 0.0, 0.0, 0.0, 0.0, 0.0, 0.0, 0.0, 0.0, 3.1415927410125732, 3.1415927410125732, 3.1415927410125732, 3.1415927410125732, 3.1415927410125732, 3.1415927410125732, 3.1415927410125732, 3.1415927410125732, 0.0, 0.0, 0.0, 0.0, 0.0, 0.0, 0.0, 0.0, 0.0, 0.0, 0.0, 0.0, 0.0, 0.0, 0.0, 0.0, 0.0, 0.0, 0.0, 0.0, 0.0, 0.0, 0.0, 0.0, 3.1415927410125732, 3.1415927410125732, 3.1415927410125732, 3.1415927410125732, 3.1415927410125732, 3.1415927410125732, 3.1415927410125732, 3.1415927410125732, 0.0, 0.0, 0.0, 0.0, 0.0, 0.0, 0.0, 0.0, 0.0, 0.0, 0.0, 0.0, 0.0, 0.0, 0.0, 0.0, 0.0, 0.0, 0.0, 0.0, 0.0, 0.0, 0.0, 0.0, 3.1415927410125732, 3.1415927410125732, 3.1415927410125732, 3.1415927410125732, 3.1415927410125732, 3.1415927410125732, 3.1415927410125732, 3.1415927410125732, 0.0, 0.0, 0.0, 0.0, 0.0, 0.0, 0.0, 0.0, 0.0, 0.0, 0.0, 0.0, 0.0, 0.0, 0.0, 0.0, 0.0, 0.0, 0.0, 0.0, 0.0, 0.0, 0.0, 0.0, 3.1415927410125732, 3.1415927410125732, 3.1415927410125732, 3.1415927410125732, 3.1415927410125732, 3.1415927410125732, 3.1415927410125732, 3.1415927410125732, 0.0, 0.0, 0.0, 0.0, 0.0, 0.0, 0.0, 0.0, 0.0, 0.0, 0.0, 0.0, 0.0, 0.0, 0.0, 0.0]"
0.6088365,0.15223686,0.15219523,0.15220979,0.15219462,0.15220913,-9.53539467,-9.53664207,-9.53620815,-9.53666496,"[3.1415927410125732, 3.1415927410125732, 3.1415927410125732, 3.1415927410125732, 3.1415927410125732, 3.1415927410125732, 3.1415927410125732, 3.1415927410125732, 3.1415927410125732, 3.1415927410125732, 3.1415927410125732, 3.1415927410125732, 3.1415927410125732, 3.1415927410125732, 3.1415927410125732, 3.1415927410125732, 3.1415927410125732, 3.1415927410125732, 3.1415927410125732, 3.1415927410125732, 3.1415927410125732, 3.1415927410125732, 3.1415927410125732, 3.1415927410125732, 3.1415927410125732, 3.1415927410125732, 3.1415927410125732, 3.1415927410125732, 3.1415927410125732, 3.1415927410125732, 3.1415927410125732, 3.1415927410125732, 3.1415927410125732, 3.1415927410125732, 3.1415927410125732, 3.1415927410125732, 3.1415927410125732, 3.1415927410125732, 3.1415927410125732, 3.1415927410125732, 3.1415927410125732, 3.1415927410125732, 3.1415927410125732, 3.1415927410125732, 3.1415927410125732, 3.1415927410125732, 3.1415927410125732, 3.1415927410125732, 3.1415927410125732, 3.1415927410125732, 3.1415927410125732, 3.1415927410125732, 3.1415927410125732, 3.1415927410125732, 3.1415927410125732, 3.1415927410125732, 3.1415927410125732, 3.1415927410125732, 3.1415927410125732, 3.1415927410125732, 3.1415927410125732, 3.1415927410125732, 3.1415927410125732, 3.1415927410125732, 3.1415927410125732, 3.1415927410125732, 3.1415927410125732, 3.1415927410125732, 3.1415927410125732, 3.1415927410125732, 3.1415927410125732, 3.1415927410125732, 3.1415927410125732, 3.1415927410125732, 3.1415927410125732, 3.1415927410125732, 3.1415927410125732, 3.1415927410125732, 3.1415927410125732, 3.1415927410125732, 3.1415927410125732, 3.1415927410125732, 3.1415927410125732, 3.1415927410125732, 3.1415927410125732, 3.1415927410125732, 3.1415927410125732, 3.1415927410125732, 3.1415927410125732, 3.1415927410125732, 3.1415927410125732, 3.1415927410125732, 3.1415927410125732, 3.1415927410125732, 3.1415927410125732, 3.1415927410125732, 3.1415927410125732, 3.1415927410125732, 3.1415927410125732, 3.1415927410125732, 3.1415927410125732, 3.1415927410125732, 3.1415927410125732, 3.1415927410125732, 3.1415927410125732, 3.1415927410125732, 3.1415927410125732, 3.1415927410125732, 3.1415927410125732, 3.1415927410125732, 3.1415927410125732, 3.1415927410125732, 3.1415927410125732, 3.1415927410125732, 3.1415927410125732, 3.1415927410125732, 3.1415927410125732, 3.1415927410125732, 3.1415927410125732, 3.1415927410125732, 3.1415927410125732, 3.1415927410125732, 3.1415927410125732, 3.1415927410125732, 3.1415927410125732, 3.1415927410125732, 3.1415927410125732, 3.1415927410125732, 3.1415927410125732, 3.1415927410125732, 3.1415927410125732, 3.1415927410125732, 3.1415927410125732, 3.1415927410125732, 3.1415927410125732, 3.1415927410125732, 3.1415927410125732, 3.1415927410125732, 3.1415927410125732, 3.1415927410125732, 3.1415927410125732, 3.1415927410125732, 3.1415927410125732, 3.1415927410125732, 3.1415927410125732, 3.1415927410125732, 3.1415927410125732, 3.1415927410125732, 3.1415927410125732, 3.1415927410125732, 3.1415927410125732, 3.1415927410125732, 3.1415927410125732, 3.1415927410125732, 3.1415927410125732, 3.1415927410125732, 3.1415927410125732, 3.1415927410125732, 3.1415927410125732, 3.1415927410125732, 3.1415927410125732, 3.1415927410125732, 3.1415927410125732, 3.1415927410125732, 3.1415927410125732, 3.1415927410125732, 3.1415927410125732, 3.1415927410125732, 3.1415927410125732, 3.1415927410125732, 3.1415927410125732, 3.1415927410125732, 3.1415927410125732, 3.1415927410125732, 3.1415927410125732, 3.1415927410125732, 3.1415927410125732, 3.1415927410125732, 3.1415927410125732, 3.1415927410125732, 3.1415927410125732, 3.1415927410125732, 3.1415927410125732, 3.1415927410125732, 3.1415927410125732, 3.1415927410125732, 3.1415927410125732, 3.1415927410125732, 3.1415927410125732, 3.1415927410125732, 3.1415927410125732, 3.1415927410125732, 3.1415927410125732, 3.1415927410125732, 3.1415927410125732, 3.1415927410125732, 3.1415927410125732, 3.1415927410125732, 3.1415927410125732, 3.1415927410125732, 3.1415927410125732, 3.1415927410125732, 3.1415927410125732, 3.1415927410125732, 3.1415927410125732, 3.1415927410125732, 3.1415927410125732, 3.1415927410125732, 3.1415927410125732, 3.1415927410125732, 3.1415927410125732, 3.1415927410125732, 3.1415927410125732, 3.1415927410125732, 3.1415927410125732, 3.1415927410125732, 3.1415927410125732, 3.1415927410125732, 3.1415927410125732, 3.1415927410125732, 3.1415927410125732, 3.1415927410125732, 3.1415927410125732, 3.1415927410125732, 3.1415927410125732, 3.1415927410125732, 3.1415927410125732, 3.1415927410125732, 3.1415927410125732, 3.1415927410125732, 3.1415927410125732, 3.1415927410125732, 3.1415927410125732, 3.1415927410125732, 3.1415927410125732, 3.1415927410125732, 3.1415927410125732, 3.1415927410125732, 3.1415927410125732, 3.1415927410125732, 3.1415927410125732, 3.1415927410125732, 3.1415927410125732, 3.1415927410125732, 3.1415927410125732, 3.1415927410125732, 3.1415927410125732, 3.1415927410125732, 3.1415927410125732, 3.1415927410125732, 3.1415927410125732, 3.1415927410125732, 3.1415927410125732, 3.1415927410125732, 3.1415927410125732, 3.1415927410125732, 0.0, 0.0, 0.0, 0.0, 0.0, 0.0, 0.0, 0.0, 0.0, 0.0, 0.0, 0.0, 0.0, 0.0, 0.0, 0.0, 3.1415927410125732, 3.1415927410125732, 3.1415927410125732, 3.1415927410125732, 3.1415927410125732, 3.1415927410125732, 3.1415927410125732, 3.1415927410125732, 3.1415927410125732, 3.1415927410125732, 3.1415927410125732, 3.1415927410125732, 3.1415927410125732, 3.1415927410125732, 3.1415927410125732, 3.1415927410125732, 0.0, 0.0, 0.0, 0.0, 0.0, 0.0, 0.0, 0.0, 0.0, 0.0, 0.0, 0.0, 0.0, 0.0, 0.0, 0.0, 3.1415927410125732, 3.1415927410125732, 3.1415927410125732, 3.1415927410125732, 3.1415927410125732, 3.1415927410125732, 3.1415927410125732, 3.1415927410125732, 3.1415927410125732, 3.1415927410125732, 3.1415927410125732, 3.1415927410125732, 3.1415927410125732, 3.1415927410125732, 3.1415927410125732, 3.1415927410125732, 0.0, 0.0, 0.0, 0.0, 0.0, 0.0, 0.0, 0.0, 0.0, 0.0, 0.0, 0.0, 0.0, 0.0, 0.0, 0.0, 3.1415927410125732, 3.1415927410125732, 3.1415927410125732, 3.1415927410125732, 3.1415927410125732, 3.1415927410125732, 3.1415927410125732, 3.1415927410125732, 3.1415927410125732, 3.1415927410125732, 3.1415927410125732, 3.1415927410125732, 3.1415927410125732, 3.1415927410125732, 3.1415927410125732, 3.1415927410125732, 0.0, 0.0, 0.0, 0.0, 0.0, 0.0, 0.0, 0.0, 0.0, 0.0, 0.0, 0.0, 0.0, 0.0, 0.0, 0.0, 3.1415927410125732, 3.1415927410125732, 3.1415927410125732, 3.1415927410125732, 3.1415927410125732, 3.1415927410125732, 3.1415927410125732, 3.1415927410125732, 3.1415927410125732, 3.1415927410125732, 3.1415927410125732, 3.1415927410125732, 3.1415927410125732, 3.1415927410125732, 3.1415927410125732, 3.1415927410125732, 0.0, 0.0, 0.0, 0.0, 0.0, 0.0, 0.0, 0.0, 0.0, 0.0, 0.0, 0.0, 0.0, 0.0, 0.0, 0.0, 3.1415927410125732, 3.1415927410125732, 3.1415927410125732, 3.1415927410125732, 3.1415927410125732, 3.1415927410125732, 3.1415927410125732, 3.1415927410125732, 3.1415927410125732, 3.1415927410125732, 3.1415927410125732, 3.1415927410125732, 3.1415927410125732, 3.1415927410125732, 3.1415927410125732, 3.1415927410125732, 0.0, 0.0, 0.0, 0.0, 0.0, 0.0, 0.0, 0.0, 0.0, 0.0, 0.0, 0.0, 0.0, 0.0, 0.0, 0.0, 3.1415927410125732, 3.1415927410125732, 3.1415927410125732, 3.1415927410125732, 3.1415927410125732, 3.1415927410125732, 3.1415927410125732, 3.1415927410125732, 3.1415927410125732, 3.1415927410125732, 3.1415927410125732, 3.1415927410125732, 3.1415927410125732, 3.1415927410125732, 3.1415927410125732, 3.1415927410125732, 0.0, 0.0, 0.0, 0.0, 0.0, 0.0, 0.0, 0.0, 0.0, 0.0, 0.0, 0.0, 0.0, 0.0, 0.0, 0.0, 3.1415927410125732, 3.1415927410125732, 3.1415927410125732, 3.1415927410125732, 3.1415927410125732, 3.1415927410125732, 3.1415927410125732, 3.1415927410125732, 3.1415927410125732, 3.1415927410125732, 3.1415927410125732, 3.1415927410125732, 3.1415927410125732, 3.1415927410125732, 3.1415927410125732, 3.1415927410125732, 0.0, 0.0, 0.0, 0.0, 0.0, 0.0, 0.0, 0.0, 0.0, 0.0, 0.0, 0.0, 0.0, 0.0, 0.0, 0.0, 3.1415927410125732, 3.1415927410125732, 3.1415927410125732, 3.1415927410125732, 3.1415927410125732, 3.1415927410125732, 3.1415927410125732, 3.1415927410125732, 3.1415927410125732, 3.1415927410125732, 3.1415927410125732, 3.1415927410125732, 3.1415927410125732, 3.1415927410125732, 3.1415927410125732, 3.1415927410125732, 0.0, 0.0, 0.0, 0.0, 0.0, 0.0, 0.0, 0.0, 0.0, 0.0, 0.0, 0.0, 0.0, 0.0, 0.0, 0.0, 0.0, 0.0, 0.0, 0.0, 0.0, 0.0, 0.0, 0.0, 0.0, 0.0, 0.0, 0.0, 0.0, 0.0, 0.0, 0.0, 0.0, 0.0, 0.0, 0.0, 0.0, 0.0, 0.0, 0.0, 0.0, 0.0, 0.0, 0.0, 0.0, 0.0, 0.0, 0.0, 0.0, 0.0, 0.0, 0.0, 0.0, 0.0, 0.0, 0.0, 0.0, 0.0, 0.0, 0.0, 0.0, 0.0, 0.0, 0.0, 0.0, 0.0, 0.0, 0.0, 0.0, 0.0, 0.0, 0.0, 0.0, 0.0, 0.0, 0.0, 0.0, 0.0, 0.0, 0.0, 0.0, 0.0, 0.0, 0.0, 0.0, 0.0, 0.0, 0.0, 0.0, 0.0, 0.0, 0.0, 0.0, 0.0, 0.0, 0.0, 0.0, 0.0, 0.0, 0.0, 0.0, 0.0, 0.0, 0.0, 0.0, 0.0, 0.0, 0.0, 0.0, 0.0, 0.0, 0.0, 0.0, 0.0, 0.0, 0.0, 0.0, 0.0, 0.0, 0.0, 0.0, 0.0, 0.0, 0.0, 0.0, 0.0, 0.0, 0.0, 0.0, 0.0, 0.0, 0.0, 0.0, 0.0, 0.0, 0.0, 0.0, 0.0, 0.0, 0.0, 0.0, 0.0, 0.0, 0.0, 0.0, 0.0, 0.0, 0.0, 0.0, 0.0, 0.0, 0.0, 0.0, 0.0, 0.0, 0.0, 0.0, 0.0, 0.0, 0.0, 0.0, 0.0, 0.0, 0.0, 0.0, 0.0, 0.0, 0.0, 0.0, 0.0, 0.0, 0.0, 0.0, 0.0, 0.0, 0.0, 0.0, 0.0, 0.0, 0.0, 0.0, 0.0, 0.0, 0.0, 0.0, 0.0, 0.0, 0.0, 0.0, 0.0, 0.0, 0.0, 0.0, 0.0, 0.0, 0.0, 0.0, 0.0, 0.0, 0.0, 0.0, 0.0, 0.0, 0.0, 0.0, 0.0, 0.0, 0.0, 0.0, 0.0, 0.0, 0.0, 0.0, 0.0, 0.0, 0.0, 0.0, 0.0, 0.0, 0.0, 0.0, 0.0, 0.0, 0.0, 0.0, 0.0, 0.0, 0.0, 0.0, 0.0, 0.0, 0.0, 0.0, 0.0, 0.0, 0.0, 0.0, 0.0, 0.0, 0.0, 0.0, 0.0, 0.0, 0.0, 0.0, 0.0, 0.0, 0.0, 0.0, 0.0, 0.0, 0.0, 0.0, 0.0, 0.0, 0.0, 0.0, 0.0, 0.0, 0.0, 0.0, 0.0, 0.0, 0.0, 3.1415927410125732, 3.1415927410125732, 3.1415927410125732, 3.1415927410125732, 3.1415927410125732, 3.1415927410125732, 3.1415927410125732, 3.1415927410125732, 0.0, 0.0, 0.0, 0.0, 0.0, 0.0, 0.0, 0.0, 0.0, 0.0, 0.0, 0.0, 0.0, 0.0, 0.0, 0.0, 0.0, 0.0, 0.0, 0.0, 0.0, 0.0, 0.0, 0.0, 3.1415927410125732, 3.1415927410125732, 3.1415927410125732, 3.1415927410125732, 3.1415927410125732, 3.1415927410125732, 3.1415927410125732, 3.1415927410125732, 0.0, 0.0, 0.0, 0.0, 0.0, 0.0, 0.0, 0.0, 0.0, 0.0, 0.0, 0.0, 0.0, 0.0, 0.0, 0.0, 0.0, 0.0, 0.0, 0.0, 0.0, 0.0, 0.0, 0.0, 3.1415927410125732, 3.1415927410125732, 3.1415927410125732, 3.1415927410125732, 3.1415927410125732, 3.1415927410125732, 3.1415927410125732, 3.1415927410125732, 0.0, 0.0, 0.0, 0.0, 0.0, 0.0, 0.0, 0.0, 0.0, 0.0, 0.0, 0.0, 0.0, 0.0, 0.0, 0.0, 0.0, 0.0, 0.0, 0.0, 0.0, 0.0, 0.0, 0.0, 3.1415927410125732, 3.1415927410125732, 3.1415927410125732, 3.1415927410125732, 3.1415927410125732, 3.1415927410125732, 3.1415927410125732, 3.1415927410125732, 0.0, 0.0, 0.0, 0.0, 0.0, 0.0, 0.0, 0.0, 0.0, 0.0, 0.0, 0.0, 0.0, 0.0, 0.0, 0.0, 0.0, 0.0, 0.0, 0.0, 0.0, 0.0, 0.0, 0.0, 3.1415927410125732, 3.1415927410125732, 3.1415927410125732, 3.1415927410125732, 3.1415927410125732, 3.1415927410125732, 3.1415927410125732, 3.1415927410125732, 0.0, 0.0, 0.0, 0.0, 0.0, 0.0, 0.0, 0.0, 0.0, 0.0, 0.0, 0.0, 0.0, 0.0, 0.0, 0.0, 0.0, 0.0, 0.0, 0.0, 0.0, 0.0, 0.0, 0.0, 3.1415927410125732, 3.1415927410125732, 3.1415927410125732, 3.1415927410125732, 3.1415927410125732, 3.1415927410125732, 3.1415927410125732, 3.1415927410125732, 0.0, 0.0, 0.0, 0.0, 0.0, 0.0, 0.0, 0.0, 0.0, 0.0, 0.0, 0.0, 0.0, 0.0, 0.0, 0.0, 0.0, 0.0, 0.0, 0.0, 0.0, 0.0, 0.0, 0.0, 3.1415927410125732, 3.1415927410125732, 3.1415927410125732, 3.1415927410125732, 3.1415927410125732, 3.1415927410125732, 3.1415927410125732, 3.1415927410125732, 0.0, 0.0, 0.0, 0.0, 0.0, 0.0, 0.0, 0.0, 0.0, 0.0, 0.0, 0.0, 0.0, 0.0, 0.0, 0.0, 0.0, 0.0, 0.0, 0.0, 0.0, 0.0, 0.0, 0.0, 3.1415927410125732, 3.1415927410125732, 3.1415927410125732, 3.1415927410125732, 3.1415927410125732, 3.1415927410125732, 3.1415927410125732, 3.1415927410125732, 0.0, 0.0, 0.0, 0.0, 0.0, 0.0, 0.0, 0.0, 0.0, 0.0, 0.0, 0.0, 0.0, 0.0, 0.0, 0.0]"
0.6088365,0.15223686,0.15219523,0.15220979,0.15219462,0.15220913,-9.53539467,-9.53664207,-9.53620815,-9.53666496,"[3.1415927410125732, 3.1415927410125732, 3.1415927410125732, 3.1415927410125732, 3.1415927410125732, 3.1415927410125732, 3.1415927410125732, 3.1415927410125732, 3.1415927410125732, 3.1415927410125732, 3.1415927410125732, 3.1415927410125732, 3.1415927410125732, 3.1415927410125732, 3.1415927410125732, 3.1415927410125732, 3.1415927410125732, 3.1415927410125732, 3.1415927410125732, 3.1415927410125732, 3.1415927410125732, 3.1415927410125732, 3.1415927410125732, 3.1415927410125732, 3.1415927410125732, 3.1415927410125732, 3.1415927410125732, 3.1415927410125732, 3.1415927410125732, 3.1415927410125732, 3.1415927410125732, 3.1415927410125732, 3.1415927410125732, 3.1415927410125732, 3.1415927410125732, 3.1415927410125732, 3.1415927410125732, 3.1415927410125732, 3.1415927410125732, 3.1415927410125732, 3.1415927410125732, 3.1415927410125732, 3.1415927410125732, 3.1415927410125732, 3.1415927410125732, 3.1415927410125732, 3.1415927410125732, 3.1415927410125732, 3.1415927410125732, 3.1415927410125732, 3.1415927410125732, 3.1415927410125732, 3.1415927410125732, 3.1415927410125732, 3.1415927410125732, 3.1415927410125732, 3.1415927410125732, 3.1415927410125732, 3.1415927410125732, 3.1415927410125732, 3.1415927410125732, 3.1415927410125732, 3.1415927410125732, 3.1415927410125732, 3.1415927410125732, 3.1415927410125732, 3.1415927410125732, 3.1415927410125732, 3.1415927410125732, 3.1415927410125732, 3.1415927410125732, 3.1415927410125732, 3.1415927410125732, 3.1415927410125732, 3.1415927410125732, 3.1415927410125732, 3.1415927410125732, 3.1415927410125732, 3.1415927410125732, 3.1415927410125732, 3.1415927410125732, 3.1415927410125732, 3.1415927410125732, 3.1415927410125732, 3.1415927410125732, 3.1415927410125732, 3.1415927410125732, 3.1415927410125732, 3.1415927410125732, 3.1415927410125732, 3.1415927410125732, 3.1415927410125732, 3.1415927410125732, 3.1415927410125732, 3.1415927410125732, 3.1415927410125732, 3.1415927410125732, 3.1415927410125732, 3.1415927410125732, 3.1415927410125732, 3.1415927410125732, 3.1415927410125732, 3.1415927410125732, 3.1415927410125732, 3.1415927410125732, 3.1415927410125732, 3.1415927410125732, 3.1415927410125732, 3.1415927410125732, 3.1415927410125732, 3.1415927410125732, 3.1415927410125732, 3.1415927410125732, 3.1415927410125732, 3.1415927410125732, 3.1415927410125732, 3.1415927410125732, 3.1415927410125732, 3.1415927410125732, 3.1415927410125732, 3.1415927410125732, 3.1415927410125732, 3.1415927410125732, 3.1415927410125732, 3.1415927410125732, 3.1415927410125732, 3.1415927410125732, 3.1415927410125732, 3.1415927410125732, 3.1415927410125732, 3.1415927410125732, 3.1415927410125732, 3.1415927410125732, 3.1415927410125732, 3.1415927410125732, 3.1415927410125732, 3.1415927410125732, 3.1415927410125732, 3.1415927410125732, 3.1415927410125732, 3.1415927410125732, 3.1415927410125732, 3.1415927410125732, 3.1415927410125732, 3.1415927410125732, 3.1415927410125732, 3.1415927410125732, 3.1415927410125732, 3.1415927410125732, 3.1415927410125732, 3.1415927410125732, 3.1415927410125732, 3.1415927410125732, 3.1415927410125732, 3.1415927410125732, 3.1415927410125732, 3.1415927410125732, 3.1415927410125732, 3.1415927410125732, 3.1415927410125732, 3.1415927410125732, 3.1415927410125732, 3.1415927410125732, 3.1415927410125732, 3.1415927410125732, 3.1415927410125732, 3.1415927410125732, 3.1415927410125732, 3.1415927410125732, 3.1415927410125732, 3.1415927410125732, 3.1415927410125732, 3.1415927410125732, 3.1415927410125732, 3.1415927410125732, 3.1415927410125732, 3.1415927410125732, 3.1415927410125732, 3.1415927410125732, 3.1415927410125732, 3.1415927410125732, 3.1415927410125732, 3.1415927410125732, 3.1415927410125732, 3.1415927410125732, 3.1415927410125732, 3.1415927410125732, 3.1415927410125732, 3.1415927410125732, 3.1415927410125732, 3.1415927410125732, 3.1415927410125732, 3.1415927410125732, 3.1415927410125732, 3.1415927410125732, 3.1415927410125732, 3.1415927410125732, 3.1415927410125732, 3.1415927410125732, 3.1415927410125732, 3.1415927410125732, 3.1415927410125732, 3.1415927410125732, 3.1415927410125732, 3.1415927410125732, 3.1415927410125732, 3.1415927410125732, 3.1415927410125732, 3.1415927410125732, 3.1415927410125732, 3.1415927410125732, 3.1415927410125732, 3.1415927410125732, 3.1415927410125732, 3.1415927410125732, 3.1415927410125732, 3.1415927410125732, 3.1415927410125732, 3.1415927410125732, 3.1415927410125732, 3.1415927410125732, 3.1415927410125732, 3.1415927410125732, 3.1415927410125732, 3.1415927410125732, 3.1415927410125732, 3.1415927410125732, 3.1415927410125732, 3.1415927410125732, 3.1415927410125732, 3.1415927410125732, 3.1415927410125732, 3.1415927410125732, 3.1415927410125732, 3.1415927410125732, 3.1415927410125732, 3.1415927410125732, 3.1415927410125732, 3.1415927410125732, 3.1415927410125732, 3.1415927410125732, 3.1415927410125732, 3.1415927410125732, 3.1415927410125732, 3.1415927410125732, 3.1415927410125732, 3.1415927410125732, 3.1415927410125732, 3.1415927410125732, 3.1415927410125732, 3.1415927410125732, 3.1415927410125732, 3.1415927410125732, 3.1415927410125732, 3.1415927410125732, 3.1415927410125732, 0.0, 0.0, 0.0, 0.0, 0.0, 0.0, 0.0, 0.0, 0.0, 0.0, 0.0, 0.0, 0.0, 0.0, 0.0, 0.0, 3.1415927410125732, 3.1415927410125732, 3.1415927410125732, 3.1415927410125732, 3.1415927410125732, 3.1415927410125732, 3.1415927410125732, 3.1415927410125732, 3.1415927410125732, 3.1415927410125732, 3.1415927410125732, 3.1415927410125732, 3.1415927410125732, 3.1415927410125732, 3.1415927410125732, 3.1415927410125732, 0.0, 0.0, 0.0, 0.0, 0.0, 0.0, 0.0, 0.0, 0.0, 0.0, 0.0, 0.0, 0.0, 0.0, 0.0, 0.0, 3.1415927410125732, 3.1415927410125732, 3.1415927410125732, 3.1415927410125732, 3.1415927410125732, 3.1415927410125732, 3.1415927410125732, 3.1415927410125732, 3.1415927410125732, 3.1415927410125732, 3.1415927410125732, 3.1415927410125732, 3.1415927410125732, 3.1415927410125732, 3.1415927410125732, 3.1415927410125732, 0.0, 0.0, 0.0, 0.0, 0.0, 0.0, 0.0, 0.0, 0.0, 0.0, 0.0, 0.0, 0.0, 0.0, 0.0, 0.0, 3.1415927410125732, 3.1415927410125732, 3.1415927410125732, 3.1415927410125732, 3.1415927410125732, 3.1415927410125732, 3.1415927410125732, 3.1415927410125732, 3.1415927410125732, 3.1415927410125732, 3.1415927410125732, 3.1415927410125732, 3.1415927410125732, 3.1415927410125732, 3.1415927410125732, 3.1415927410125732, 0.0, 0.0, 0.0, 0.0, 0.0, 0.0, 0.0, 0.0, 0.0, 0.0, 0.0, 0.0, 0.0, 0.0, 0.0, 0.0, 3.1415927410125732, 3.1415927410125732, 3.1415927410125732, 3.1415927410125732, 3.1415927410125732, 3.1415927410125732, 3.1415927410125732, 3.1415927410125732, 3.1415927410125732, 3.1415927410125732, 3.1415927410125732, 3.1415927410125732, 3.1415927410125732, 3.1415927410125732, 3.1415927410125732, 3.1415927410125732, 0.0, 0.0, 0.0, 0.0, 0.0, 0.0, 0.0, 0.0, 0.0, 0.0, 0.0, 0.0, 0.0, 0.0, 0.0, 0.0, 3.1415927410125732, 3.1415927410125732, 3.1415927410125732, 3.1415927410125732, 3.1415927410125732, 3.1415927410125732, 3.1415927410125732, 3.1415927410125732, 3.1415927410125732, 3.1415927410125732, 3.1415927410125732, 3.1415927410125732, 3.1415927410125732, 3.1415927410125732, 3.1415927410125732, 3.1415927410125732, 0.0, 0.0, 0.0, 0.0, 0.0, 0.0, 0.0, 0.0, 0.0, 0.0, 0.0, 0.0, 0.0, 0.0, 0.0, 0.0, 3.1415927410125732, 3.1415927410125732, 3.1415927410125732, 3.1415927410125732, 3.1415927410125732, 3.1415927410125732, 3.1415927410125732, 3.1415927410125732, 3.1415927410125732, 3.1415927410125732, 3.1415927410125732, 3.1415927410125732, 3.1415927410125732, 3.1415927410125732, 3.1415927410125732, 3.1415927410125732, 0.0, 0.0, 0.0, 0.0, 0.0, 0.0, 0.0, 0.0, 0.0, 0.0, 0.0, 0.0, 0.0, 0.0, 0.0, 0.0, 3.1415927410125732, 3.1415927410125732, 3.1415927410125732, 3.1415927410125732, 3.1415927410125732, 3.1415927410125732, 3.1415927410125732, 3.1415927410125732, 3.1415927410125732, 3.1415927410125732, 3.1415927410125732, 3.1415927410125732, 3.1415927410125732, 3.1415927410125732, 3.1415927410125732, 3.1415927410125732, 0.0, 0.0, 0.0, 0.0, 0.0, 0.0, 0.0, 0.0, 0.0, 0.0, 0.0, 0.0, 0.0, 0.0, 0.0, 0.0, 3.1415927410125732, 3.1415927410125732, 3.1415927410125732, 3.1415927410125732, 3.1415927410125732, 3.1415927410125732, 3.1415927410125732, 3.1415927410125732, 3.1415927410125732, 3.1415927410125732, 3.1415927410125732, 3.1415927410125732, 3.1415927410125732, 3.1415927410125732, 3.1415927410125732, 3.1415927410125732, 0.0, 0.0, 0.0, 0.0, 0.0, 0.0, 0.0, 0.0, 0.0, 0.0, 0.0, 0.0, 0.0, 0.0, 0.0, 0.0, 0.0, 0.0, 0.0, 0.0, 0.0, 0.0, 0.0, 0.0, 0.0, 0.0, 0.0, 0.0, 0.0, 0.0, 0.0, 0.0, 0.0, 0.0, 0.0, 0.0, 0.0, 0.0, 0.0, 0.0, 0.0, 0.0, 0.0, 0.0, 0.0, 0.0, 0.0, 0.0, 0.0, 0.0, 0.0, 0.0, 0.0, 0.0, 0.0, 0.0, 0.0, 0.0, 0.0, 0.0, 0.0, 0.0, 0.0, 0.0, 0.0, 0.0, 0.0, 0.0, 0.0, 0.0, 0.0, 0.0, 0.0, 0.0, 0.0, 0.0, 0.0, 0.0, 0.0, 0.0, 0.0, 0.0, 0.0, 0.0, 0.0, 0.0, 0.0, 0.0, 0.0, 0.0, 0.0, 0.0, 0.0, 0.0, 0.0, 0.0, 0.0, 0.0, 0.0, 0.0, 0.0, 0.0, 0.0, 0.0, 0.0, 0.0, 0.0, 0.0, 0.0, 0.0, 0.0, 0.0, 0.0, 0.0, 0.0, 0.0, 0.0, 0.0, 0.0, 0.0, 0.0, 0.0, 0.0, 0.0, 0.0, 0.0, 0.0, 0.0, 0.0, 0.0, 0.0, 0.0, 0.0, 0.0, 0.0, 0.0, 0.0, 0.0, 0.0, 0.0, 0.0, 0.0, 0.0, 0.0, 0.0, 0.0, 0.0, 0.0, 0.0, 0.0, 0.0, 0.0, 0.0, 0.0, 0.0, 0.0, 0.0, 0.0, 0.0, 0.0, 0.0, 0.0, 0.0, 0.0, 0.0, 0.0, 0.0, 0.0, 0.0, 0.0, 0.0, 0.0, 0.0, 0.0, 0.0, 0.0, 0.0, 0.0, 0.0, 0.0, 0.0, 0.0, 0.0, 0.0, 0.0, 0.0, 0.0, 0.0, 0.0, 0.0, 0.0, 0.0, 0.0, 0.0, 0.0, 0.0, 0.0, 0.0, 0.0, 0.0, 0.0, 0.0, 0.0, 0.0, 0.0, 0.0, 0.0, 0.0, 0.0, 0.0, 0.0, 0.0, 0.0, 0.0, 0.0, 0.0, 0.0, 0.0, 0.0, 0.0, 0.0, 0.0, 0.0, 0.0, 0.0, 0.0, 0.0, 0.0, 0.0, 0.0, 0.0, 0.0, 0.0, 0.0, 0.0, 0.0, 0.0, 0.0, 0.0, 0.0, 0.0, 0.0, 0.0, 0.0, 0.0, 0.0, 0.0, 0.0, 0.0, 0.0, 0.0, 0.0, 0.0, 0.0, 0.0, 0.0, 0.0, 0.0, 0.0, 0.0, 0.0, 0.0, 0.0, 0.0, 3.1415927410125732, 3.1415927410125732, 3.1415927410125732, 3.1415927410125732, 3.1415927410125732, 3.1415927410125732, 3.1415927410125732, 3.1415927410125732, 0.0, 0.0, 0.0, 0.0, 0.0, 0.0, 0.0, 0.0, 0.0, 0.0, 0.0, 0.0, 0.0, 0.0, 0.0, 0.0, 0.0, 0.0, 0.0, 0.0, 0.0, 0.0, 0.0, 0.0, 3.1415927410125732, 3.1415927410125732, 3.1415927410125732, 3.1415927410125732, 3.1415927410125732, 3.1415927410125732, 3.1415927410125732, 3.1415927410125732, 0.0, 0.0, 0.0, 0.0, 0.0, 0.0, 0.0, 0.0, 0.0, 0.0, 0.0, 0.0, 0.0, 0.0, 0.0, 0.0, 0.0, 0.0, 0.0, 0.0, 0.0, 0.0, 0.0, 0.0, 3.1415927410125732, 3.1415927410125732, 3.1415927410125732, 3.1415927410125732, 3.1415927410125732, 3.1415927410125732, 3.1415927410125732, 3.1415927410125732, 0.0, 0.0, 0.0, 0.0, 0.0, 0.0, 0.0, 0.0, 0.0, 0.0, 0.0, 0.0, 0.0, 0.0, 0.0, 0.0, 0.0, 0.0, 0.0, 0.0, 0.0, 0.0, 0.0, 0.0, 3.1415927410125732, 3.1415927410125732, 3.1415927410125732, 3.1415927410125732, 3.1415927410125732, 3.1415927410125732, 3.1415927410125732, 3.1415927410125732, 0.0, 0.0, 0.0, 0.0, 0.0, 0.0, 0.0, 0.0, 0.0, 0.0, 0.0, 0.0, 0.0, 0.0, 0.0, 0.0, 0.0, 0.0, 0.0, 0.0, 0.0, 0.0, 0.0, 0.0, 3.1415927410125732, 3.1415927410125732, 3.1415927410125732, 3.1415927410125732, 3.1415927410125732, 3.1415927410125732, 3.1415927410125732, 3.1415927410125732, 0.0, 0.0, 0.0, 0.0, 0.0, 0.0, 0.0, 0.0, 0.0, 0.0, 0.0, 0.0, 0.0, 0.0, 0.0, 0.0, 0.0, 0.0, 0.0, 0.0, 0.0, 0.0, 0.0, 0.0, 3.1415927410125732, 3.1415927410125732, 3.1415927410125732, 3.1415927410125732, 3.1415927410125732, 3.1415927410125732, 3.1415927410125732, 3.1415927410125732, 0.0, 0.0, 0.0, 0.0, 0.0, 0.0, 0.0, 0.0, 0.0, 0.0, 0.0, 0.0, 0.0, 0.0, 0.0, 0.0, 0.0, 0.0, 0.0, 0.0, 0.0, 0.0, 0.0, 0.0, 3.1415927410125732, 3.1415927410125732, 3.1415927410125732, 3.1415927410125732, 3.1415927410125732, 3.1415927410125732, 3.1415927410125732, 3.1415927410125732, 0.0, 0.0, 0.0, 0.0, 0.0, 0.0, 0.0, 0.0, 0.0, 0.0, 0.0, 0.0, 0.0, 0.0, 0.0, 0.0, 0.0, 0.0, 0.0, 0.0, 0.0, 0.0, 0.0, 0.0, 3.1415927410125732, 3.1415927410125732, 3.1415927410125732, 3.1415927410125732, 3.1415927410125732, 3.1415927410125732, 3.1415927410125732, 3.1415927410125732, 0.0, 0.0, 0.0, 0.0, 0.0, 0.0, 0.0, 0.0, 0.0, 0.0, 0.0, 0.0, 0.0, 0.0, 0.0, 0.0]"
0.6088365,0.15223686,0.15219523,0.15220979,0.15219462,0.15220913,-9.53539467,-9.53664207,-9.53620815,-9.53666496,"[3.1415927410125732, 3.1415927410125732, 3.1415927410125732, 3.1415927410125732, 3.1415927410125732, 3.1415927410125732, 3.1415927410125732, 3.1415927410125732, 3.1415927410125732, 3.1415927410125732, 3.1415927410125732, 3.1415927410125732, 3.1415927410125732, 3.1415927410125732, 3.1415927410125732, 3.1415927410125732, 3.1415927410125732, 3.1415927410125732, 3.1415927410125732, 3.1415927410125732, 3.1415927410125732, 3.1415927410125732, 3.1415927410125732, 3.1415927410125732, 3.1415927410125732, 3.1415927410125732, 3.1415927410125732, 3.1415927410125732, 3.1415927410125732, 3.1415927410125732, 3.1415927410125732, 3.1415927410125732, 3.1415927410125732, 3.1415927410125732, 3.1415927410125732, 3.1415927410125732, 3.1415927410125732, 3.1415927410125732, 3.1415927410125732, 3.1415927410125732, 3.1415927410125732, 3.1415927410125732, 3.1415927410125732, 3.1415927410125732, 3.1415927410125732, 3.1415927410125732, 3.1415927410125732, 3.1415927410125732, 3.1415927410125732, 3.1415927410125732, 3.1415927410125732, 3.1415927410125732, 3.1415927410125732, 3.1415927410125732, 3.1415927410125732, 3.1415927410125732, 3.1415927410125732, 3.1415927410125732, 3.1415927410125732, 3.1415927410125732, 3.1415927410125732, 3.1415927410125732, 3.1415927410125732, 3.1415927410125732, 3.1415927410125732, 3.1415927410125732, 3.1415927410125732, 3.1415927410125732, 3.1415927410125732, 3.1415927410125732, 3.1415927410125732, 3.1415927410125732, 3.1415927410125732, 3.1415927410125732, 3.1415927410125732, 3.1415927410125732, 3.1415927410125732, 3.1415927410125732, 3.1415927410125732, 3.1415927410125732, 3.1415927410125732, 3.1415927410125732, 3.1415927410125732, 3.1415927410125732, 3.1415927410125732, 3.1415927410125732, 3.1415927410125732, 3.1415927410125732, 3.1415927410125732, 3.1415927410125732, 3.1415927410125732, 3.1415927410125732, 3.1415927410125732, 3.1415927410125732, 3.1415927410125732, 3.1415927410125732, 3.1415927410125732, 3.1415927410125732, 3.1415927410125732, 3.1415927410125732, 3.1415927410125732, 3.1415927410125732, 3.1415927410125732, 3.1415927410125732, 3.1415927410125732, 3.1415927410125732, 3.1415927410125732, 3.1415927410125732, 3.1415927410125732, 3.1415927410125732, 3.1415927410125732, 3.1415927410125732, 3.1415927410125732, 3.1415927410125732, 3.1415927410125732, 3.1415927410125732, 3.1415927410125732, 3.1415927410125732, 3.1415927410125732, 3.1415927410125732, 3.1415927410125732, 3.1415927410125732, 3.1415927410125732, 3.1415927410125732, 3.1415927410125732, 3.1415927410125732, 3.1415927410125732, 3.1415927410125732, 3.1415927410125732, 3.1415927410125732, 3.1415927410125732, 3.1415927410125732, 3.1415927410125732, 3.1415927410125732, 3.1415927410125732, 3.1415927410125732, 3.1415927410125732, 3.1415927410125732, 3.1415927410125732, 3.1415927410125732, 3.1415927410125732, 3.1415927410125732, 3.1415927410125732, 3.1415927410125732, 3.1415927410125732, 3.1415927410125732, 3.1415927410125732, 3.1415927410125732, 3.1415927410125732, 3.1415927410125732, 3.1415927410125732, 3.1415927410125732, 3.1415927410125732, 3.1415927410125732, 3.1415927410125732, 3.1415927410125732, 3.1415927410125732, 3.1415927410125732, 3.1415927410125732, 3.1415927410125732, 3.1415927410125732, 3.1415927410125732, 3.1415927410125732, 3.1415927410125732, 3.1415927410125732, 3.1415927410125732, 3.1415927410125732, 3.1415927410125732, 3.1415927410125732, 3.1415927410125732, 3.1415927410125732, 3.1415927410125732, 3.1415927410125732, 3.1415927410125732, 3.1415927410125732, 3.1415927410125732, 3.1415927410125732, 3.1415927410125732, 3.1415927410125732, 3.1415927410125732, 3.1415927410125732, 3.1415927410125732, 3.1415927410125732, 3.1415927410125732, 3.1415927410125732, 3.1415927410125732, 3.1415927410125732, 3.1415927410125732, 3.1415927410125732, 3.1415927410125732, 3.1415927410125732, 3.1415927410125732, 3.1415927410125732, 3.1415927410125732, 3.1415927410125732, 3.1415927410125732, 3.1415927410125732, 3.1415927410125732, 3.1415927410125732, 3.1415927410125732, 3.1415927410125732, 3.1415927410125732, 3.1415927410125732, 3.1415927410125732, 3.1415927410125732, 3.1415927410125732, 3.1415927410125732, 3.1415927410125732, 3.1415927410125732, 3.1415927410125732, 3.1415927410125732, 3.1415927410125732, 3.1415927410125732, 3.1415927410125732, 3.1415927410125732, 3.1415927410125732, 3.1415927410125732, 3.1415927410125732, 3.1415927410125732, 3.1415927410125732, 3.1415927410125732, 3.1415927410125732, 3.1415927410125732, 3.1415927410125732, 3.1415927410125732, 3.1415927410125732, 3.1415927410125732, 3.1415927410125732, 3.1415927410125732, 3.1415927410125732, 3.1415927410125732, 3.1415927410125732, 3.1415927410125732, 3.1415927410125732, 3.1415927410125732, 3.1415927410125732, 3.1415927410125732, 3.1415927410125732, 3.1415927410125732, 3.1415927410125732, 3.1415927410125732, 3.1415927410125732, 3.1415927410125732, 3.1415927410125732, 3.1415927410125732, 3.1415927410125732, 3.1415927410125732, 3.1415927410125732, 3.1415927410125732, 3.1415927410125732, 3.1415927410125732, 3.1415927410125732, 3.1415927410125732, 3.1415927410125732, 3.1415927410125732, 3.1415927410125732, 0.0, 0.0, 0.0, 0.0, 0.0, 0.0, 0.0, 0.0, 0.0, 0.0, 0.0, 0.0, 0.0, 0.0, 0.0, 0.0, 3.1415927410125732, 3.1415927410125732, 3.1415927410125732, 3.1415927410125732, 3.1415927410125732, 3.1415927410125732, 3.1415927410125732, 3.1415927410125732, 3.1415927410125732, 3.1415927410125732, 3.1415927410125732, 3.1415927410125732, 3.1415927410125732, 3.1415927410125732, 3.1415927410125732, 3.1415927410125732, 0.0, 0.0, 0.0, 0.0, 0.0, 0.0, 0.0, 0.0, 0.0, 0.0, 0.0, 0.0, 0.0, 0.0, 0.0, 0.0, 3.1415927410125732, 3.1415927410125732, 3.1415927410125732, 3.1415927410125732, 3.1415927410125732, 3.1415927410125732, 3.1415927410125732, 3.1415927410125732, 3.1415927410125732, 3.1415927410125732, 3.1415927410125732, 3.1415927410125732, 3.1415927410125732, 3.1415927410125732, 3.1415927410125732, 3.1415927410125732, 0.0, 0.0, 0.0, 0.0, 0.0, 0.0, 0.0, 0.0, 0.0, 0.0, 0.0, 0.0, 0.0, 0.0, 0.0, 0.0, 3.1415927410125732, 3.1415927410125732, 3.1415927410125732, 3.1415927410125732, 3.1415927410125732, 3.1415927410125732, 3.1415927410125732, 3.1415927410125732, 3.1415927410125732, 3.1415927410125732, 3.1415927410125732, 3.1415927410125732, 3.1415927410125732, 3.1415927410125732, 3.1415927410125732, 3.1415927410125732, 0.0, 0.0, 0.0, 0.0, 0.0, 0.0, 0.0, 0.0, 0.0, 0.0, 0.0, 0.0, 0.0, 0.0, 0.0, 0.0, 3.1415927410125732, 3.1415927410125732, 3.1415927410125732, 3.1415927410125732, 3.1415927410125732, 3.1415927410125732, 3.1415927410125732, 3.1415927410125732, 3.1415927410125732, 3.1415927410125732, 3.1415927410125732, 3.1415927410125732, 3.1415927410125732, 3.1415927410125732, 3.1415927410125732, 3.1415927410125732, 0.0, 0.0, 0.0, 0.0, 0.0, 0.0, 0.0, 0.0, 0.0, 0.0, 0.0, 0.0, 0.0, 0.0, 0.0, 0.0, 3.1415927410125732, 3.1415927410125732, 3.1415927410125732, 3.1415927410125732, 3.1415927410125732, 3.1415927410125732, 3.1415927410125732, 3.1415927410125732, 3.1415927410125732, 3.1415927410125732, 3.1415927410125732, 3.1415927410125732, 3.1415927410125732, 3.1415927410125732, 3.1415927410125732, 3.1415927410125732, 0.0, 0.0, 0.0, 0.0, 0.0, 0.0, 0.0, 0.0, 0.0, 0.0, 0.0, 0.0, 0.0, 0.0, 0.0, 0.0, 3.1415927410125732, 3.1415927410125732, 3.1415927410125732, 3.1415927410125732, 3.1415927410125732, 3.1415927410125732, 3.1415927410125732, 3.1415927410125732, 3.1415927410125732, 3.1415927410125732, 3.1415927410125732, 3.1415927410125732, 3.1415927410125732, 3.1415927410125732, 3.1415927410125732, 3.1415927410125732, 0.0, 0.0, 0.0, 0.0, 0.0, 0.0, 0.0, 0.0, 0.0, 0.0, 0.0, 0.0, 0.0, 0.0, 0.0, 0.0, 3.1415927410125732, 3.1415927410125732, 3.1415927410125732, 3.1415927410125732, 3.1415927410125732, 3.1415927410125732, 3.1415927410125732, 3.1415927410125732, 3.1415927410125732, 3.1415927410125732, 3.1415927410125732, 3.1415927410125732, 3.1415927410125732, 3.1415927410125732, 3.1415927410125732, 3.1415927410125732, 0.0, 0.0, 0.0, 0.0, 0.0, 0.0, 0.0, 0.0, 0.0, 0.0, 0.0, 0.0, 0.0, 0.0, 0.0, 0.0, 3.1415927410125732, 3.1415927410125732, 3.1415927410125732, 3.1415927410125732, 3.1415927410125732, 3.1415927410125732, 3.1415927410125732, 3.1415927410125732, 3.1415927410125732, 3.1415927410125732, 3.1415927410125732, 3.1415927410125732, 3.1415927410125732, 3.1415927410125732, 3.1415927410125732, 3.1415927410125732, 0.0, 0.0, 0.0, 0.0, 0.0, 0.0, 0.0, 0.0, 0.0, 0.0, 0.0, 0.0, 0.0, 0.0, 0.0, 0.0, 0.0, 0.0, 0.0, 0.0, 0.0, 0.0, 0.0, 0.0, 0.0, 0.0, 0.0, 0.0, 0.0, 0.0, 0.0, 0.0, 0.0, 0.0, 0.0, 0.0, 0.0, 0.0, 0.0, 0.0, 0.0, 0.0, 0.0, 0.0, 0.0, 0.0, 0.0, 0.0, 0.0, 0.0, 0.0, 0.0, 0.0, 0.0, 0.0, 0.0, 0.0, 0.0, 0.0, 0.0, 0.0, 0.0, 0.0, 0.0, 0.0, 0.0, 0.0, 0.0, 0.0, 0.0, 0.0, 0.0, 0.0, 0.0, 0.0, 0.0, 0.0, 0.0, 0.0, 0.0, 0.0, 0.0, 0.0, 0.0, 0.0, 0.0, 0.0, 0.0, 0.0, 0.0, 0.0, 0.0, 0.0, 0.0, 0.0, 0.0, 0.0, 0.0, 0.0, 0.0, 0.0, 0.0, 0.0, 0.0, 0.0, 0.0, 0.0, 0.0, 0.0, 0.0, 0.0, 0.0, 0.0, 0.0, 0.0, 0.0, 0.0, 0.0, 0.0, 0.0, 0.0, 0.0, 0.0, 0.0, 0.0, 0.0, 0.0, 0.0, 0.0, 0.0, 0.0, 0.0, 0.0, 0.0, 0.0, 0.0, 0.0, 0.0, 0.0, 0.0, 0.0, 0.0, 0.0, 0.0, 0.0, 0.0, 0.0, 0.0, 0.0, 0.0, 0.0, 0.0, 0.0, 0.0, 0.0, 0.0, 0.0, 0.0, 0.0, 0.0, 0.0, 0.0, 0.0, 0.0, 0.0, 0.0, 0.0, 0.0, 0.0, 0.0, 0.0, 0.0, 0.0, 0.0, 0.0, 0.0, 0.0, 0.0, 0.0, 0.0, 0.0, 0.0, 0.0, 0.0, 0.0, 0.0, 0.0, 0.0, 0.0, 0.0, 0.0, 0.0, 0.0, 0.0, 0.0, 0.0, 0.0, 0.0, 0.0, 0.0, 0.0, 0.0, 0.0, 0.0, 0.0, 0.0, 0.0, 0.0, 0.0, 0.0, 0.0, 0.0, 0.0, 0.0, 0.0, 0.0, 0.0, 0.0, 0.0, 0.0, 0.0, 0.0, 0.0, 0.0, 0.0, 0.0, 0.0, 0.0, 0.0, 0.0, 0.0, 0.0, 0.0, 0.0, 0.0, 0.0, 0.0, 0.0, 0.0, 0.0, 0.0, 0.0, 0.0, 0.0, 0.0, 0.0, 0.0, 0.0, 0.0, 0.0, 0.0, 0.0, 0.0, 0.0, 0.0, 0.0, 0.0, 0.0, 0.0, 0.0, 0.0, 0.0, 0.0, 0.0, 3.1415927410125732, 3.1415927410125732, 3.1415927410125732, 3.1415927410125732, 3.1415927410125732, 3.1415927410125732, 3.1415927410125732, 3.1415927410125732, 0.0, 0.0, 0.0, 0.0, 0.0, 0.0, 0.0, 0.0, 0.0, 0.0, 0.0, 0.0, 0.0, 0.0, 0.0, 0.0, 0.0, 0.0, 0.0, 0.0, 0.0, 0.0, 0.0, 0.0, 3.1415927410125732, 3.1415927410125732, 3.1415927410125732, 3.1415927410125732, 3.1415927410125732, 3.1415927410125732, 3.1415927410125732, 3.1415927410125732, 0.0, 0.0, 0.0, 0.0, 0.0, 0.0, 0.0, 0.0, 0.0, 0.0, 0.0, 0.0, 0.0, 0.0, 0.0, 0.0, 0.0, 0.0, 0.0, 0.0, 0.0, 0.0, 0.0, 0.0, 3.1415927410125732, 3.1415927410125732, 3.1415927410125732, 3.1415927410125732, 3.1415927410125732, 3.1415927410125732, 3.1415927410125732, 3.1415927410125732, 0.0, 0.0, 0.0, 0.0, 0.0, 0.0, 0.0, 0.0, 0.0, 0.0, 0.0, 0.0, 0.0, 0.0, 0.0, 0.0, 0.0, 0.0, 0.0, 0.0, 0.0, 0.0, 0.0, 0.0, 3.1415927410125732, 3.1415927410125732, 3.1415927410125732, 3.1415927410125732, 3.1415927410125732, 3.1415927410125732, 3.1415927410125732, 3.1415927410125732, 0.0, 0.0, 0.0, 0.0, 0.0, 0.0, 0.0, 0.0, 0.0, 0.0, 0.0, 0.0, 0.0, 0.0, 0.0, 0.0, 0.0, 0.0, 0.0, 0.0, 0.0, 0.0, 0.0, 0.0, 3.1415927410125732, 3.1415927410125732, 3.1415927410125732, 3.1415927410125732, 3.1415927410125732, 3.1415927410125732, 3.1415927410125732, 3.1415927410125732, 0.0, 0.0, 0.0, 0.0, 0.0, 0.0, 0.0, 0.0, 0.0, 0.0, 0.0, 0.0, 0.0, 0.0, 0.0, 0.0, 0.0, 0.0, 0.0, 0.0, 0.0, 0.0, 0.0, 0.0, 3.1415927410125732, 3.1415927410125732, 3.1415927410125732, 3.1415927410125732, 3.1415927410125732, 3.1415927410125732, 3.1415927410125732, 3.1415927410125732, 0.0, 0.0, 0.0, 0.0, 0.0, 0.0, 0.0, 0.0, 0.0, 0.0, 0.0, 0.0, 0.0, 0.0, 0.0, 0.0, 0.0, 0.0, 0.0, 0.0, 0.0, 0.0, 0.0, 0.0, 3.1415927410125732, 3.1415927410125732, 3.1415927410125732, 3.1415927410125732, 3.1415927410125732, 3.1415927410125732, 3.1415927410125732, 3.1415927410125732, 0.0, 0.0, 0.0, 0.0, 0.0, 0.0, 0.0, 0.0, 0.0, 0.0, 0.0, 0.0, 0.0, 0.0, 0.0, 0.0, 0.0, 0.0, 0.0, 0.0, 0.0, 0.0, 0.0, 0.0, 3.1415927410125732, 3.1415927410125732, 3.1415927410125732, 3.1415927410125732, 3.1415927410125732, 3.1415927410125732, 3.1415927410125732, 3.1415927410125732, 0.0, 0.0, 0.0, 0.0, 0.0, 0.0, 0.0, 0.0, 0.0, 0.0, 0.0, 0.0, 0.0, 0.0, 0.0, 0.0]"
0.6088365,0.15223686,0.15219523,0.15220979,0.15219462,0.15220913,-9.53539467,-9.53664207,-9.53620815,-9.53666496,"[3.1415927410125732, 3.1415927410125732, 3.1415927410125732, 3.1415927410125732, 3.1415927410125732, 3.1415927410125732, 3.1415927410125732, 3.1415927410125732, 3.1415927410125732, 3.1415927410125732, 3.1415927410125732, 3.1415927410125732, 3.1415927410125732, 3.1415927410125732, 3.1415927410125732, 3.1415927410125732, 3.1415927410125732, 3.1415927410125732, 3.1415927410125732, 3.1415927410125732, 3.1415927410125732, 3.1415927410125732, 3.1415927410125732, 3.1415927410125732, 3.1415927410125732, 3.1415927410125732, 3.1415927410125732, 3.1415927410125732, 3.1415927410125732, 3.1415927410125732, 3.1415927410125732, 3.1415927410125732, 3.1415927410125732, 3.1415927410125732, 3.1415927410125732, 3.1415927410125732, 3.1415927410125732, 3.1415927410125732, 3.1415927410125732, 3.1415927410125732, 3.1415927410125732, 3.1415927410125732, 3.1415927410125732, 3.1415927410125732, 3.1415927410125732, 3.1415927410125732, 3.1415927410125732, 3.1415927410125732, 3.1415927410125732, 3.1415927410125732, 3.1415927410125732, 3.1415927410125732, 3.1415927410125732, 3.1415927410125732, 3.1415927410125732, 3.1415927410125732, 3.1415927410125732, 3.1415927410125732, 3.1415927410125732, 3.1415927410125732, 3.1415927410125732, 3.1415927410125732, 3.1415927410125732, 3.1415927410125732, 3.1415927410125732, 3.1415927410125732, 3.1415927410125732, 3.1415927410125732, 3.1415927410125732, 3.1415927410125732, 3.1415927410125732, 3.1415927410125732, 3.1415927410125732, 3.1415927410125732, 3.1415927410125732, 3.1415927410125732, 3.1415927410125732, 3.1415927410125732, 3.1415927410125732, 3.1415927410125732, 3.1415927410125732, 3.1415927410125732, 3.1415927410125732, 3.1415927410125732, 3.1415927410125732, 3.1415927410125732, 3.1415927410125732, 3.1415927410125732, 3.1415927410125732, 3.1415927410125732, 3.1415927410125732, 3.1415927410125732, 3.1415927410125732, 3.1415927410125732, 3.1415927410125732, 3.1415927410125732, 3.1415927410125732, 3.1415927410125732, 3.1415927410125732, 3.1415927410125732, 3.1415927410125732, 3.1415927410125732, 3.1415927410125732, 3.1415927410125732, 3.1415927410125732, 3.1415927410125732, 3.1415927410125732, 3.1415927410125732, 3.1415927410125732, 3.1415927410125732, 3.1415927410125732, 3.1415927410125732, 3.1415927410125732, 3.1415927410125732, 3.1415927410125732, 3.1415927410125732, 3.1415927410125732, 3.1415927410125732, 3.1415927410125732, 3.1415927410125732, 3.1415927410125732, 3.1415927410125732, 3.1415927410125732, 3.1415927410125732, 3.1415927410125732, 3.1415927410125732, 3.1415927410125732, 3.1415927410125732, 3.1415927410125732, 3.1415927410125732, 3.1415927410125732, 3.1415927410125732, 3.1415927410125732, 3.1415927410125732, 3.1415927410125732, 3.1415927410125732, 3.1415927410125732, 3.1415927410125732, 3.1415927410125732, 3.1415927410125732, 3.1415927410125732, 3.1415927410125732, 3.1415927410125732, 3.1415927410125732, 3.1415927410125732, 3.1415927410125732, 3.1415927410125732, 3.1415927410125732, 3.1415927410125732, 3.1415927410125732, 3.1415927410125732, 3.1415927410125732, 3.1415927410125732, 3.1415927410125732, 3.1415927410125732, 3.1415927410125732, 3.1415927410125732, 3.1415927410125732, 3.1415927410125732, 3.1415927410125732, 3.1415927410125732, 3.1415927410125732, 3.1415927410125732, 3.1415927410125732, 3.1415927410125732, 3.1415927410125732, 3.1415927410125732, 3.1415927410125732, 3.1415927410125732, 3.1415927410125732, 3.1415927410125732, 3.1415927410125732, 3.1415927410125732, 3.1415927410125732, 3.1415927410125732, 3.1415927410125732, 3.1415927410125732, 3.1415927410125732, 3.1415927410125732, 3.1415927410125732, 3.1415927410125732, 3.1415927410125732, 3.1415927410125732, 3.1415927410125732, 3.1415927410125732, 3.1415927410125732, 3.1415927410125732, 3.1415927410125732, 3.1415927410125732, 3.1415927410125732, 3.1415927410125732, 3.1415927410125732, 3.1415927410125732, 3.1415927410125732, 3.1415927410125732, 3.1415927410125732, 3.1415927410125732, 3.1415927410125732, 3.1415927410125732, 3.1415927410125732, 3.1415927410125732, 3.1415927410125732, 3.1415927410125732, 3.1415927410125732, 3.1415927410125732, 3.1415927410125732, 3.1415927410125732, 3.1415927410125732, 3.1415927410125732, 3.1415927410125732, 3.1415927410125732, 3.1415927410125732, 3.1415927410125732, 3.1415927410125732, 3.1415927410125732, 3.1415927410125732, 3.1415927410125732, 3.1415927410125732, 3.1415927410125732, 3.1415927410125732, 3.1415927410125732, 3.1415927410125732, 3.1415927410125732, 3.1415927410125732, 3.1415927410125732, 3.1415927410125732, 3.1415927410125732, 3.1415927410125732, 3.1415927410125732, 3.1415927410125732, 3.1415927410125732, 3.1415927410125732, 3.1415927410125732, 3.1415927410125732, 3.1415927410125732, 3.1415927410125732, 3.1415927410125732, 3.1415927410125732, 3.1415927410125732, 3.1415927410125732, 3.1415927410125732, 3.1415927410125732, 3.1415927410125732, 3.1415927410125732, 3.1415927410125732, 3.1415927410125732, 3.1415927410125732, 3.1415927410125732, 3.1415927410125732, 3.1415927410125732, 3.1415927410125732, 3.1415927410125732, 3.1415927410125732, 3.1415927410125732, 3.1415927410125732, 3.1415927410125732, 0.0, 0.0, 0.0, 0.0, 0.0, 0.0, 0.0, 0.0, 0.0, 0.0, 0.0, 0.0, 0.0, 0.0, 0.0, 0.0, 3.1415927410125732, 3.1415927410125732, 3.1415927410125732, 3.1415927410125732, 3.1415927410125732, 3.1415927410125732, 3.1415927410125732, 3.1415927410125732, 3.1415927410125732, 3.1415927410125732, 3.1415927410125732, 3.1415927410125732, 3.1415927410125732, 3.1415927410125732, 3.1415927410125732, 3.1415927410125732, 0.0, 0.0, 0.0, 0.0, 0.0, 0.0, 0.0, 0.0, 0.0, 0.0, 0.0, 0.0, 0.0, 0.0, 0.0, 0.0, 3.1415927410125732, 3.1415927410125732, 3.1415927410125732, 3.1415927410125732, 3.1415927410125732, 3.1415927410125732, 3.1415927410125732, 3.1415927410125732, 3.1415927410125732, 3.1415927410125732, 3.1415927410125732, 3.1415927410125732, 3.1415927410125732, 3.1415927410125732, 3.1415927410125732, 3.1415927410125732, 0.0, 0.0, 0.0, 0.0, 0.0, 0.0, 0.0, 0.0, 0.0, 0.0, 0.0, 0.0, 0.0, 0.0, 0.0, 0.0, 3.1415927410125732, 3.1415927410125732, 3.1415927410125732, 3.1415927410125732, 3.1415927410125732, 3.1415927410125732, 3.1415927410125732, 3.1415927410125732, 3.1415927410125732, 3.1415927410125732, 3.1415927410125732, 3.1415927410125732, 3.1415927410125732, 3.1415927410125732, 3.1415927410125732, 3.1415927410125732, 0.0, 0.0, 0.0, 0.0, 0.0, 0.0, 0.0, 0.0, 0.0, 0.0, 0.0, 0.0, 0.0, 0.0, 0.0, 0.0, 3.1415927410125732, 3.1415927410125732, 3.1415927410125732, 3.1415927410125732, 3.1415927410125732, 3.1415927410125732, 3.1415927410125732, 3.1415927410125732, 3.1415927410125732, 3.1415927410125732, 3.1415927410125732, 3.1415927410125732, 3.1415927410125732, 3.1415927410125732, 3.1415927410125732, 3.1415927410125732, 0.0, 0.0, 0.0, 0.0, 0.0, 0.0, 0.0, 0.0, 0.0, 0.0, 0.0, 0.0, 0.0, 0.0, 0.0, 0.0, 3.1415927410125732, 3.1415927410125732, 3.1415927410125732, 3.1415927410125732, 3.1415927410125732, 3.1415927410125732, 3.1415927410125732, 3.1415927410125732, 3.1415927410125732, 3.1415927410125732, 3.1415927410125732, 3.1415927410125732, 3.1415927410125732, 3.1415927410125732, 3.1415927410125732, 3.1415927410125732, 0.0, 0.0, 0.0, 0.0, 0.0, 0.0, 0.0, 0.0, 0.0, 0.0, 0.0, 0.0, 0.0, 0.0, 0.0, 0.0, 3.1415927410125732, 3.1415927410125732, 3.1415927410125732, 3.1415927410125732, 3.1415927410125732, 3.1415927410125732, 3.1415927410125732, 3.1415927410125732, 3.1415927410125732, 3.1415927410125732, 3.1415927410125732, 3.1415927410125732, 3.1415927410125732, 3.1415927410125732, 3.1415927410125732, 3.1415927410125732, 0.0, 0.0, 0.0, 0.0, 0.0, 0.0, 0.0, 0.0, 0.0, 0.0, 0.0, 0.0, 0.0, 0.0, 0.0, 0.0, 3.1415927410125732, 3.1415927410125732, 3.1415927410125732, 3.1415927410125732, 3.1415927410125732, 3.1415927410125732, 3.1415927410125732, 3.1415927410125732, 3.1415927410125732, 3.1415927410125732, 3.1415927410125732, 3.1415927410125732, 3.1415927410125732, 3.1415927410125732, 3.1415927410125732, 3.1415927410125732, 0.0, 0.0, 0.0, 0.0, 0.0, 0.0, 0.0, 0.0, 0.0, 0.0, 0.0, 0.0, 0.0, 0.0, 0.0, 0.0, 3.1415927410125732, 3.1415927410125732, 3.1415927410125732, 3.1415927410125732, 3.1415927410125732, 3.1415927410125732, 3.1415927410125732, 3.1415927410125732, 3.1415927410125732, 3.1415927410125732, 3.1415927410125732, 3.1415927410125732, 3.1415927410125732, 3.1415927410125732, 3.1415927410125732, 3.1415927410125732, 0.0, 0.0, 0.0, 0.0, 0.0, 0.0, 0.0, 0.0, 0.0, 0.0, 0.0, 0.0, 0.0, 0.0, 0.0, 0.0, 0.0, 0.0, 0.0, 0.0, 0.0, 0.0, 0.0, 0.0, 0.0, 0.0, 0.0, 0.0, 0.0, 0.0, 0.0, 0.0, 0.0, 0.0, 0.0, 0.0, 0.0, 0.0, 0.0, 0.0, 0.0, 0.0, 0.0, 0.0, 0.0, 0.0, 0.0, 0.0, 0.0, 0.0, 0.0, 0.0, 0.0, 0.0, 0.0, 0.0, 0.0, 0.0, 0.0, 0.0, 0.0, 0.0, 0.0, 0.0, 0.0, 0.0, 0.0, 0.0, 0.0, 0.0, 0.0, 0.0, 0.0, 0.0, 0.0, 0.0, 0.0, 0.0, 0.0, 0.0, 0.0, 0.0, 0.0, 0.0, 0.0, 0.0, 0.0, 0.0, 0.0, 0.0, 0.0, 0.0, 0.0, 0.0, 0.0, 0.0, 0.0, 0.0, 0.0, 0.0, 0.0, 0.0, 0.0, 0.0, 0.0, 0.0, 0.0, 0.0, 0.0, 0.0, 0.0, 0.0, 0.0, 0.0, 0.0, 0.0, 0.0, 0.0, 0.0, 0.0, 0.0, 0.0, 0.0, 0.0, 0.0, 0.0, 0.0, 0.0, 0.0, 0.0, 0.0, 0.0, 0.0, 0.0, 0.0, 0.0, 0.0, 0.0, 0.0, 0.0, 0.0, 0.0, 0.0, 0.0, 0.0, 0.0, 0.0, 0.0, 0.0, 0.0, 0.0, 0.0, 0.0, 0.0, 0.0, 0.0, 0.0, 0.0, 0.0, 0.0, 0.0, 0.0, 0.0, 0.0, 0.0, 0.0, 0.0, 0.0, 0.0, 0.0, 0.0, 0.0, 0.0, 0.0, 0.0, 0.0, 0.0, 0.0, 0.0, 0.0, 0.0, 0.0, 0.0, 0.0, 0.0, 0.0, 0.0, 0.0, 0.0, 0.0, 0.0, 0.0, 0.0, 0.0, 0.0, 0.0, 0.0, 0.0, 0.0, 0.0, 0.0, 0.0, 0.0, 0.0, 0.0, 0.0, 0.0, 0.0, 0.0, 0.0, 0.0, 0.0, 0.0, 0.0, 0.0, 0.0, 0.0, 0.0, 0.0, 0.0, 0.0, 0.0, 0.0, 0.0, 0.0, 0.0, 0.0, 0.0, 0.0, 0.0, 0.0, 0.0, 0.0, 0.0, 0.0, 0.0, 0.0, 0.0, 0.0, 0.0, 0.0, 0.0, 0.0, 0.0, 0.0, 0.0, 0.0, 0.0, 0.0, 0.0, 0.0, 0.0, 0.0, 0.0, 0.0, 0.0, 0.0, 0.0, 0.0, 0.0, 0.0, 0.0, 0.0, 0.0, 3.1415927410125732, 3.1415927410125732, 3.1415927410125732, 3.1415927410125732, 3.1415927410125732, 3.1415927410125732, 3.1415927410125732, 3.1415927410125732, 0.0, 0.0, 0.0, 0.0, 0.0, 0.0, 0.0, 0.0, 0.0, 0.0, 0.0, 0.0, 0.0, 0.0, 0.0, 0.0, 0.0, 0.0, 0.0, 0.0, 0.0, 0.0, 0.0, 0.0, 3.1415927410125732, 3.1415927410125732, 3.1415927410125732, 3.1415927410125732, 3.1415927410125732, 3.1415927410125732, 3.1415927410125732, 3.1415927410125732, 0.0, 0.0, 0.0, 0.0, 0.0, 0.0, 0.0, 0.0, 0.0, 0.0, 0.0, 0.0, 0.0, 0.0, 0.0, 0.0, 0.0, 0.0, 0.0, 0.0, 0.0, 0.0, 0.0, 0.0, 3.1415927410125732, 3.1415927410125732, 3.1415927410125732, 3.1415927410125732, 3.1415927410125732, 3.1415927410125732, 3.1415927410125732, 3.1415927410125732, 0.0, 0.0, 0.0, 0.0, 0.0, 0.0, 0.0, 0.0, 0.0, 0.0, 0.0, 0.0, 0.0, 0.0, 0.0, 0.0, 0.0, 0.0, 0.0, 0.0, 0.0, 0.0, 0.0, 0.0, 3.1415927410125732, 3.1415927410125732, 3.1415927410125732, 3.1415927410125732, 3.1415927410125732, 3.1415927410125732, 3.1415927410125732, 3.1415927410125732, 0.0, 0.0, 0.0, 0.0, 0.0, 0.0, 0.0, 0.0, 0.0, 0.0, 0.0, 0.0, 0.0, 0.0, 0.0, 0.0, 0.0, 0.0, 0.0, 0.0, 0.0, 0.0, 0.0, 0.0, 3.1415927410125732, 3.1415927410125732, 3.1415927410125732, 3.1415927410125732, 3.1415927410125732, 3.1415927410125732, 3.1415927410125732, 3.1415927410125732, 0.0, 0.0, 0.0, 0.0, 0.0, 0.0, 0.0, 0.0, 0.0, 0.0, 0.0, 0.0, 0.0, 0.0, 0.0, 0.0, 0.0, 0.0, 0.0, 0.0, 0.0, 0.0, 0.0, 0.0, 3.1415927410125732, 3.1415927410125732, 3.1415927410125732, 3.1415927410125732, 3.1415927410125732, 3.1415927410125732, 3.1415927410125732, 3.1415927410125732, 0.0, 0.0, 0.0, 0.0, 0.0, 0.0, 0.0, 0.0, 0.0, 0.0, 0.0, 0.0, 0.0, 0.0, 0.0, 0.0, 0.0, 0.0, 0.0, 0.0, 0.0, 0.0, 0.0, 0.0, 3.1415927410125732, 3.1415927410125732, 3.1415927410125732, 3.1415927410125732, 3.1415927410125732, 3.1415927410125732, 3.1415927410125732, 3.1415927410125732, 0.0, 0.0, 0.0, 0.0, 0.0, 0.0, 0.0, 0.0, 0.0, 0.0, 0.0, 0.0, 0.0, 0.0, 0.0, 0.0, 0.0, 0.0, 0.0, 0.0, 0.0, 0.0, 0.0, 0.0, 3.1415927410125732, 3.1415927410125732, 3.1415927410125732, 3.1415927410125732, 3.1415927410125732, 3.1415927410125732, 3.1415927410125732, 3.1415927410125732, 0.0, 0.0, 0.0, 0.0, 0.0, 0.0, 0.0, 0.0, 0.0, 0.0, 0.0, 0.0, 0.0, 0.0, 0.0, 0.0]"
0.6088365,0.15223686,0.15219523,0.15220979,0.15219462,0.15220913,-9.53539467,-9.53664207,-9.53620815,-9.53666496,"[3.1415927410125732, 3.1415927410125732, 3.1415927410125732, 3.1415927410125732, 3.1415927410125732, 3.1415927410125732, 3.1415927410125732, 3.1415927410125732, 3.1415927410125732, 3.1415927410125732, 3.1415927410125732, 3.1415927410125732, 3.1415927410125732, 3.1415927410125732, 3.1415927410125732, 3.1415927410125732, 3.1415927410125732, 3.1415927410125732, 3.1415927410125732, 3.1415927410125732, 3.1415927410125732, 3.1415927410125732, 3.1415927410125732, 3.1415927410125732, 3.1415927410125732, 3.1415927410125732, 3.1415927410125732, 3.1415927410125732, 3.1415927410125732, 3.1415927410125732, 3.1415927410125732, 3.1415927410125732, 3.1415927410125732, 3.1415927410125732, 3.1415927410125732, 3.1415927410125732, 3.1415927410125732, 3.1415927410125732, 3.1415927410125732, 3.1415927410125732, 3.1415927410125732, 3.1415927410125732, 3.1415927410125732, 3.1415927410125732, 3.1415927410125732, 3.1415927410125732, 3.1415927410125732, 3.1415927410125732, 3.1415927410125732, 3.1415927410125732, 3.1415927410125732, 3.1415927410125732, 3.1415927410125732, 3.1415927410125732, 3.1415927410125732, 3.1415927410125732, 3.1415927410125732, 3.1415927410125732, 3.1415927410125732, 3.1415927410125732, 3.1415927410125732, 3.1415927410125732, 3.1415927410125732, 3.1415927410125732, 3.1415927410125732, 3.1415927410125732, 3.1415927410125732, 3.1415927410125732, 3.1415927410125732, 3.1415927410125732, 3.1415927410125732, 3.1415927410125732, 3.1415927410125732, 3.1415927410125732, 3.1415927410125732, 3.1415927410125732, 3.1415927410125732, 3.1415927410125732, 3.1415927410125732, 3.1415927410125732, 3.1415927410125732, 3.1415927410125732, 3.1415927410125732, 3.1415927410125732, 3.1415927410125732, 3.1415927410125732, 3.1415927410125732, 3.1415927410125732, 3.1415927410125732, 3.1415927410125732, 3.1415927410125732, 3.1415927410125732, 3.1415927410125732, 3.1415927410125732, 3.1415927410125732, 3.1415927410125732, 3.1415927410125732, 3.1415927410125732, 3.1415927410125732, 3.1415927410125732, 3.1415927410125732, 3.1415927410125732, 3.1415927410125732, 3.1415927410125732, 3.1415927410125732, 3.1415927410125732, 3.1415927410125732, 3.1415927410125732, 3.1415927410125732, 3.1415927410125732, 3.1415927410125732, 3.1415927410125732, 3.1415927410125732, 3.1415927410125732, 3.1415927410125732, 3.1415927410125732, 3.1415927410125732, 3.1415927410125732, 3.1415927410125732, 3.1415927410125732, 3.1415927410125732, 3.1415927410125732, 3.1415927410125732, 3.1415927410125732, 3.1415927410125732, 3.1415927410125732, 3.1415927410125732, 3.1415927410125732, 3.1415927410125732, 3.1415927410125732, 3.1415927410125732, 3.1415927410125732, 3.1415927410125732, 3.1415927410125732, 3.1415927410125732, 3.1415927410125732, 3.1415927410125732, 3.1415927410125732, 3.1415927410125732, 3.1415927410125732, 3.1415927410125732, 3.1415927410125732, 3.1415927410125732, 3.1415927410125732, 3.1415927410125732, 3.1415927410125732, 3.1415927410125732, 3.1415927410125732, 3.1415927410125732, 3.1415927410125732, 3.1415927410125732, 3.1415927410125732, 3.1415927410125732, 3.1415927410125732, 3.1415927410125732, 3.1415927410125732, 3.1415927410125732, 3.1415927410125732, 3.1415927410125732, 3.1415927410125732, 3.1415927410125732, 3.1415927410125732, 3.1415927410125732, 3.1415927410125732, 3.1415927410125732, 3.1415927410125732, 3.1415927410125732, 3.1415927410125732, 3.1415927410125732, 3.1415927410125732, 3.1415927410125732, 3.1415927410125732, 3.1415927410125732, 3.1415927410125732, 3.1415927410125732, 3.1415927410125732, 3.1415927410125732, 3.1415927410125732, 3.1415927410125732, 3.1415927410125732, 3.1415927410125732, 3.1415927410125732, 3.1415927410125732, 3.1415927410125732, 3.1415927410125732, 3.1415927410125732, 3.1415927410125732, 3.1415927410125732, 3.1415927410125732, 3.1415927410125732, 3.1415927410125732, 3.1415927410125732, 3.1415927410125732, 3.1415927410125732, 3.1415927410125732, 3.1415927410125732, 3.1415927410125732, 3.1415927410125732, 3.1415927410125732, 3.1415927410125732, 3.1415927410125732, 3.1415927410125732, 3.1415927410125732, 3.1415927410125732, 3.1415927410125732, 3.1415927410125732, 3.1415927410125732, 3.1415927410125732, 3.1415927410125732, 3.1415927410125732, 3.1415927410125732, 3.1415927410125732, 3.1415927410125732, 3.1415927410125732, 3.1415927410125732, 3.1415927410125732, 3.1415927410125732, 3.1415927410125732, 3.1415927410125732, 3.1415927410125732, 3.1415927410125732, 3.1415927410125732, 3.1415927410125732, 3.1415927410125732, 3.1415927410125732, 3.1415927410125732, 3.1415927410125732, 3.1415927410125732, 3.1415927410125732, 3.1415927410125732, 3.1415927410125732, 3.1415927410125732, 3.1415927410125732, 3.1415927410125732, 3.1415927410125732, 3.1415927410125732, 3.1415927410125732, 3.1415927410125732, 3.1415927410125732, 3.1415927410125732, 3.1415927410125732, 3.1415927410125732, 3.1415927410125732, 3.1415927410125732, 3.1415927410125732, 3.1415927410125732, 3.1415927410125732, 3.1415927410125732, 3.1415927410125732, 3.1415927410125732, 3.1415927410125732, 3.1415927410125732, 3.1415927410125732, 3.1415927410125732, 3.1415927410125732, 3.1415927410125732, 0.0, 0.0, 0.0, 0.0, 0.0, 0.0, 0.0, 0.0, 0.0, 0.0, 0.0, 0.0, 0.0, 0.0, 0.0, 0.0, 3.1415927410125732, 3.1415927410125732, 3.1415927410125732, 3.1415927410125732, 3.1415927410125732, 3.1415927410125732, 3.1415927410125732, 3.1415927410125732, 3.1415927410125732, 3.1415927410125732, 3.1415927410125732, 3.1415927410125732, 3.1415927410125732, 3.1415927410125732, 3.1415927410125732, 3.1415927410125732, 0.0, 0.0, 0.0, 0.0, 0.0, 0.0, 0.0, 0.0, 0.0, 0.0, 0.0, 0.0, 0.0, 0.0, 0.0, 0.0, 3.1415927410125732, 3.1415927410125732, 3.1415927410125732, 3.1415927410125732, 3.1415927410125732, 3.1415927410125732, 3.1415927410125732, 3.1415927410125732, 3.1415927410125732, 3.1415927410125732, 3.1415927410125732, 3.1415927410125732, 3.1415927410125732, 3.1415927410125732, 3.1415927410125732, 3.1415927410125732, 0.0, 0.0, 0.0, 0.0, 0.0, 0.0, 0.0, 0.0, 0.0, 0.0, 0.0, 0.0, 0.0, 0.0, 0.0, 0.0, 3.1415927410125732, 3.1415927410125732, 3.1415927410125732, 3.1415927410125732, 3.1415927410125732, 3.1415927410125732, 3.1415927410125732, 3.1415927410125732, 3.1415927410125732, 3.1415927410125732, 3.1415927410125732, 3.1415927410125732, 3.1415927410125732, 3.1415927410125732, 3.1415927410125732, 3.1415927410125732, 0.0, 0.0, 0.0, 0.0, 0.0, 0.0, 0.0, 0.0, 0.0, 0.0, 0.0, 0.0, 0.0, 0.0, 0.0, 0.0, 3.1415927410125732, 3.1415927410125732, 3.1415927410125732, 3.1415927410125732, 3.1415927410125732, 3.1415927410125732, 3.1415927410125732, 3.1415927410125732, 3.1415927410125732, 3.1415927410125732, 3.1415927410125732, 3.1415927410125732, 3.1415927410125732, 3.1415927410125732, 3.1415927410125732, 3.1415927410125732, 0.0, 0.0, 0.0, 0.0, 0.0, 0.0, 0.0, 0.0, 0.0, 0.0, 0.0, 0.0, 0.0, 0.0, 0.0, 0.0, 3.1415927410125732, 3.1415927410125732, 3.1415927410125732, 3.1415927410125732, 3.1415927410125732, 3.1415927410125732, 3.1415927410125732, 3.1415927410125732, 3.1415927410125732, 3.1415927410125732, 3.1415927410125732, 3.1415927410125732, 3.1415927410125732, 3.1415927410125732, 3.1415927410125732, 3.1415927410125732, 0.0, 0.0, 0.0, 0.0, 0.0, 0.0, 0.0, 0.0, 0.0, 0.0, 0.0, 0.0, 0.0, 0.0, 0.0, 0.0, 3.1415927410125732, 3.1415927410125732, 3.1415927410125732, 3.1415927410125732, 3.1415927410125732, 3.1415927410125732, 3.1415927410125732, 3.1415927410125732, 3.1415927410125732, 3.1415927410125732, 3.1415927410125732, 3.1415927410125732, 3.1415927410125732, 3.1415927410125732, 3.1415927410125732, 3.1415927410125732, 0.0, 0.0, 0.0, 0.0, 0.0, 0.0, 0.0, 0.0, 0.0, 0.0, 0.0, 0.0, 0.0, 0.0, 0.0, 0.0, 3.1415927410125732, 3.1415927410125732, 3.1415927410125732, 3.1415927410125732, 3.1415927410125732, 3.1415927410125732, 3.1415927410125732, 3.1415927410125732, 3.1415927410125732, 3.1415927410125732, 3.1415927410125732, 3.1415927410125732, 3.1415927410125732, 3.1415927410125732, 3.1415927410125732, 3.1415927410125732, 0.0, 0.0, 0.0, 0.0, 0.0, 0.0, 0.0, 0.0, 0.0, 0.0, 0.0, 0.0, 0.0, 0.0, 0.0, 0.0, 3.1415927410125732, 3.1415927410125732, 3.1415927410125732, 3.1415927410125732, 3.1415927410125732, 3.1415927410125732, 3.1415927410125732, 3.1415927410125732, 3.1415927410125732, 3.1415927410125732, 3.1415927410125732, 3.1415927410125732, 3.1415927410125732, 3.1415927410125732, 3.1415927410125732, 3.1415927410125732, 0.0, 0.0, 0.0, 0.0, 0.0, 0.0, 0.0, 0.0, 0.0, 0.0, 0.0, 0.0, 0.0, 0.0, 0.0, 0.0, 0.0, 0.0, 0.0, 0.0, 0.0, 0.0, 0.0, 0.0, 0.0, 0.0, 0.0, 0.0, 0.0, 0.0, 0.0, 0.0, 0.0, 0.0, 0.0, 0.0, 0.0, 0.0, 0.0, 0.0, 0.0, 0.0, 0.0, 0.0, 0.0, 0.0, 0.0, 0.0, 0.0, 0.0, 0.0, 0.0, 0.0, 0.0, 0.0, 0.0, 0.0, 0.0, 0.0, 0.0, 0.0, 0.0, 0.0, 0.0, 0.0, 0.0, 0.0, 0.0, 0.0, 0.0, 0.0, 0.0, 0.0, 0.0, 0.0, 0.0, 0.0, 0.0, 0.0, 0.0, 0.0, 0.0, 0.0, 0.0, 0.0, 0.0, 0.0, 0.0, 0.0, 0.0, 0.0, 0.0, 0.0, 0.0, 0.0, 0.0, 0.0, 0.0, 0.0, 0.0, 0.0, 0.0, 0.0, 0.0, 0.0, 0.0, 0.0, 0.0, 0.0, 0.0, 0.0, 0.0, 0.0, 0.0, 0.0, 0.0, 0.0, 0.0, 0.0, 0.0, 0.0, 0.0, 0.0, 0.0, 0.0, 0.0, 0.0, 0.0, 0.0, 0.0, 0.0, 0.0, 0.0, 0.0, 0.0, 0.0, 0.0, 0.0, 0.0, 0.0, 0.0, 0.0, 0.0, 0.0, 0.0, 0.0, 0.0, 0.0, 0.0, 0.0, 0.0, 0.0, 0.0, 0.0, 0.0, 0.0, 0.0, 0.0, 0.0, 0.0, 0.0, 0.0, 0.0, 0.0, 0.0, 0.0, 0.0, 0.0, 0.0, 0.0, 0.0, 0.0, 0.0, 0.0, 0.0, 0.0, 0.0, 0.0, 0.0, 0.0, 0.0, 0.0, 0.0, 0.0, 0.0, 0.0, 0.0, 0.0, 0.0, 0.0, 0.0, 0.0, 0.0, 0.0, 0.0, 0.0, 0.0, 0.0, 0.0, 0.0, 0.0, 0.0, 0.0, 0.0, 0.0, 0.0, 0.0, 0.0, 0.0, 0.0, 0.0, 0.0, 0.0, 0.0, 0.0, 0.0, 0.0, 0.0, 0.0, 0.0, 0.0, 0.0, 0.0, 0.0, 0.0, 0.0, 0.0, 0.0, 0.0, 0.0, 0.0, 0.0, 0.0, 0.0, 0.0, 0.0, 0.0, 0.0, 0.0, 0.0, 0.0, 0.0, 0.0, 0.0, 0.0, 0.0, 0.0, 0.0, 0.0, 0.0, 0.0, 0.0, 0.0, 0.0, 0.0, 0.0, 0.0, 0.0, 0.0, 0.0, 0.0, 0.0, 0.0, 0.0, 3.1415927410125732, 3.1415927410125732, 3.1415927410125732, 3.1415927410125732, 3.1415927410125732, 3.1415927410125732, 3.1415927410125732, 3.1415927410125732, 0.0, 0.0, 0.0, 0.0, 0.0, 0.0, 0.0, 0.0, 0.0, 0.0, 0.0, 0.0, 0.0, 0.0, 0.0, 0.0, 0.0, 0.0, 0.0, 0.0, 0.0, 0.0, 0.0, 0.0, 3.1415927410125732, 3.1415927410125732, 3.1415927410125732, 3.1415927410125732, 3.1415927410125732, 3.1415927410125732, 3.1415927410125732, 3.1415927410125732, 0.0, 0.0, 0.0, 0.0, 0.0, 0.0, 0.0, 0.0, 0.0, 0.0, 0.0, 0.0, 0.0, 0.0, 0.0, 0.0, 0.0, 0.0, 0.0, 0.0, 0.0, 0.0, 0.0, 0.0, 3.1415927410125732, 3.1415927410125732, 3.1415927410125732, 3.1415927410125732, 3.1415927410125732, 3.1415927410125732, 3.1415927410125732, 3.1415927410125732, 0.0, 0.0, 0.0, 0.0, 0.0, 0.0, 0.0, 0.0, 0.0, 0.0, 0.0, 0.0, 0.0, 0.0, 0.0, 0.0, 0.0, 0.0, 0.0, 0.0, 0.0, 0.0, 0.0, 0.0, 3.1415927410125732, 3.1415927410125732, 3.1415927410125732, 3.1415927410125732, 3.1415927410125732, 3.1415927410125732, 3.1415927410125732, 3.1415927410125732, 0.0, 0.0, 0.0, 0.0, 0.0, 0.0, 0.0, 0.0, 0.0, 0.0, 0.0, 0.0, 0.0, 0.0, 0.0, 0.0, 0.0, 0.0, 0.0, 0.0, 0.0, 0.0, 0.0, 0.0, 3.1415927410125732, 3.1415927410125732, 3.1415927410125732, 3.1415927410125732, 3.1415927410125732, 3.1415927410125732, 3.1415927410125732, 3.1415927410125732, 0.0, 0.0, 0.0, 0.0, 0.0, 0.0, 0.0, 0.0, 0.0, 0.0, 0.0, 0.0, 0.0, 0.0, 0.0, 0.0, 0.0, 0.0, 0.0, 0.0, 0.0, 0.0, 0.0, 0.0, 3.1415927410125732, 3.1415927410125732, 3.1415927410125732, 3.1415927410125732, 3.1415927410125732, 3.1415927410125732, 3.1415927410125732, 3.1415927410125732, 0.0, 0.0, 0.0, 0.0, 0.0, 0.0, 0.0, 0.0, 0.0, 0.0, 0.0, 0.0, 0.0, 0.0, 0.0, 0.0, 0.0, 0.0, 0.0, 0.0, 0.0, 0.0, 0.0, 0.0, 3.1415927410125732, 3.1415927410125732, 3.1415927410125732, 3.1415927410125732, 3.1415927410125732, 3.1415927410125732, 3.1415927410125732, 3.1415927410125732, 0.0, 0.0, 0.0, 0.0, 0.0, 0.0, 0.0, 0.0, 0.0, 0.0, 0.0, 0.0, 0.0, 0.0, 0.0, 0.0, 0.0, 0.0, 0.0, 0.0, 0.0, 0.0, 0.0, 0.0, 3.1415927410125732, 3.1415927410125732, 3.1415927410125732, 3.1415927410125732, 3.1415927410125732, 3.1415927410125732, 3.1415927410125732, 3.1415927410125732, 0.0, 0.0, 0.0, 0.0, 0.0, 0.0, 0.0, 0.0, 0.0, 0.0, 0.0, 0.0, 0.0, 0.0, 0.0, 0.0]"
0.6088365,0.15223686,0.15219523,0.15220979,0.15219462,0.15220913,-9.53539467,-9.53664207,-9.53620815,-9.53666496,"[3.1415927410125732, 3.1415927410125732, 3.1415927410125732, 3.1415927410125732, 3.1415927410125732, 3.1415927410125732, 3.1415927410125732, 3.1415927410125732, 3.1415927410125732, 3.1415927410125732, 3.1415927410125732, 3.1415927410125732, 3.1415927410125732, 3.1415927410125732, 3.1415927410125732, 3.1415927410125732, 3.1415927410125732, 3.1415927410125732, 3.1415927410125732, 3.1415927410125732, 3.1415927410125732, 3.1415927410125732, 3.1415927410125732, 3.1415927410125732, 3.1415927410125732, 3.1415927410125732, 3.1415927410125732, 3.1415927410125732, 3.1415927410125732, 3.1415927410125732, 3.1415927410125732, 3.1415927410125732, 3.1415927410125732, 3.1415927410125732, 3.1415927410125732, 3.1415927410125732, 3.1415927410125732, 3.1415927410125732, 3.1415927410125732, 3.1415927410125732, 3.1415927410125732, 3.1415927410125732, 3.1415927410125732, 3.1415927410125732, 3.1415927410125732, 3.1415927410125732, 3.1415927410125732, 3.1415927410125732, 3.1415927410125732, 3.1415927410125732, 3.1415927410125732, 3.1415927410125732, 3.1415927410125732, 3.1415927410125732, 3.1415927410125732, 3.1415927410125732, 3.1415927410125732, 3.1415927410125732, 3.1415927410125732, 3.1415927410125732, 3.1415927410125732, 3.1415927410125732, 3.1415927410125732, 3.1415927410125732, 3.1415927410125732, 3.1415927410125732, 3.1415927410125732, 3.1415927410125732, 3.1415927410125732, 3.1415927410125732, 3.1415927410125732, 3.1415927410125732, 3.1415927410125732, 3.1415927410125732, 3.1415927410125732, 3.1415927410125732, 3.1415927410125732, 3.1415927410125732, 3.1415927410125732, 3.1415927410125732, 3.1415927410125732, 3.1415927410125732, 3.1415927410125732, 3.1415927410125732, 3.1415927410125732, 3.1415927410125732, 3.1415927410125732, 3.1415927410125732, 3.1415927410125732, 3.1415927410125732, 3.1415927410125732, 3.1415927410125732, 3.1415927410125732, 3.1415927410125732, 3.1415927410125732, 3.1415927410125732, 3.1415927410125732, 3.1415927410125732, 3.1415927410125732, 3.1415927410125732, 3.1415927410125732, 3.1415927410125732, 3.1415927410125732, 3.1415927410125732, 3.1415927410125732, 3.1415927410125732, 3.1415927410125732, 3.1415927410125732, 3.1415927410125732, 3.1415927410125732, 3.1415927410125732, 3.1415927410125732, 3.1415927410125732, 3.1415927410125732, 3.1415927410125732, 3.1415927410125732, 3.1415927410125732, 3.1415927410125732, 3.1415927410125732, 3.1415927410125732, 3.1415927410125732, 3.1415927410125732, 3.1415927410125732, 3.1415927410125732, 3.1415927410125732, 3.1415927410125732, 3.1415927410125732, 3.1415927410125732, 3.1415927410125732, 3.1415927410125732, 3.1415927410125732, 3.1415927410125732, 3.1415927410125732, 3.1415927410125732, 3.1415927410125732, 3.1415927410125732, 3.1415927410125732, 3.1415927410125732, 3.1415927410125732, 3.1415927410125732, 3.1415927410125732, 3.1415927410125732, 3.1415927410125732, 3.1415927410125732, 3.1415927410125732, 3.1415927410125732, 3.1415927410125732, 3.1415927410125732, 3.1415927410125732, 3.1415927410125732, 3.1415927410125732, 3.1415927410125732, 3.1415927410125732, 3.1415927410125732, 3.1415927410125732, 3.1415927410125732, 3.1415927410125732, 3.1415927410125732, 3.1415927410125732, 3.1415927410125732, 3.1415927410125732, 3.1415927410125732, 3.1415927410125732, 3.1415927410125732, 3.1415927410125732, 3.1415927410125732, 3.1415927410125732, 3.1415927410125732, 3.1415927410125732, 3.1415927410125732, 3.1415927410125732, 3.1415927410125732, 3.1415927410125732, 3.1415927410125732, 3.1415927410125732, 3.1415927410125732, 3.1415927410125732, 3.1415927410125732, 3.1415927410125732, 3.1415927410125732, 3.1415927410125732, 3.1415927410125732, 3.1415927410125732, 3.1415927410125732, 3.1415927410125732, 3.1415927410125732, 3.1415927410125732, 3.1415927410125732, 3.1415927410125732, 3.1415927410125732, 3.1415927410125732, 3.1415927410125732, 3.1415927410125732, 3.1415927410125732, 3.1415927410125732, 3.1415927410125732, 3.1415927410125732, 3.1415927410125732, 3.1415927410125732, 3.1415927410125732, 3.1415927410125732, 3.1415927410125732, 3.1415927410125732, 3.1415927410125732, 3.1415927410125732, 3.1415927410125732, 3.1415927410125732, 3.1415927410125732, 3.1415927410125732, 3.1415927410125732, 3.1415927410125732, 3.1415927410125732, 3.1415927410125732, 3.1415927410125732, 3.1415927410125732, 3.1415927410125732, 3.1415927410125732, 3.1415927410125732, 3.1415927410125732, 3.1415927410125732, 3.1415927410125732, 3.1415927410125732, 3.1415927410125732, 3.1415927410125732, 3.1415927410125732, 3.1415927410125732, 3.1415927410125732, 3.1415927410125732, 3.1415927410125732, 3.1415927410125732, 3.1415927410125732, 3.1415927410125732, 3.1415927410125732, 3.1415927410125732, 3.1415927410125732, 3.1415927410125732, 3.1415927410125732, 3.1415927410125732, 3.1415927410125732, 3.1415927410125732, 3.1415927410125732, 3.1415927410125732, 3.1415927410125732, 3.1415927410125732, 3.1415927410125732, 3.1415927410125732, 3.1415927410125732, 3.1415927410125732, 3.1415927410125732, 3.1415927410125732, 3.1415927410125732, 3.1415927410125732, 3.1415927410125732, 3.1415927410125732, 3.1415927410125732, 3.1415927410125732, 0.0, 0.0, 0.0, 0.0, 0.0, 0.0, 0.0, 0.0, 0.0, 0.0, 0.0, 0.0, 0.0, 0.0, 0.0, 0.0, 3.1415927410125732, 3.1415927410125732, 3.1415927410125732, 3.1415927410125732, 3.1415927410125732, 3.1415927410125732, 3.1415927410125732, 3.1415927410125732, 3.1415927410125732, 3.1415927410125732, 3.1415927410125732, 3.1415927410125732, 3.1415927410125732, 3.1415927410125732, 3.1415927410125732, 3.1415927410125732, 0.0, 0.0, 0.0, 0.0, 0.0, 0.0, 0.0, 0.0, 0.0, 0.0, 0.0, 0.0, 0.0, 0.0, 0.0, 0.0, 3.1415927410125732, 3.1415927410125732, 3.1415927410125732, 3.1415927410125732, 3.1415927410125732, 3.1415927410125732, 3.1415927410125732, 3.1415927410125732, 3.1415927410125732, 3.1415927410125732, 3.1415927410125732, 3.1415927410125732, 3.1415927410125732, 3.1415927410125732, 3.1415927410125732, 3.1415927410125732, 0.0, 0.0, 0.0, 0.0, 0.0, 0.0, 0.0, 0.0, 0.0, 0.0, 0.0, 0.0, 0.0, 0.0, 0.0, 0.0, 3.1415927410125732, 3.1415927410125732, 3.1415927410125732, 3.1415927410125732, 3.1415927410125732, 3.1415927410125732, 3.1415927410125732, 3.1415927410125732, 3.1415927410125732, 3.1415927410125732, 3.1415927410125732, 3.1415927410125732, 3.1415927410125732, 3.1415927410125732, 3.1415927410125732, 3.1415927410125732, 0.0, 0.0, 0.0, 0.0, 0.0, 0.0, 0.0, 0.0, 0.0, 0.0, 0.0, 0.0, 0.0, 0.0, 0.0, 0.0, 3.1415927410125732, 3.1415927410125732, 3.1415927410125732, 3.1415927410125732, 3.1415927410125732, 3.1415927410125732, 3.1415927410125732, 3.1415927410125732, 3.1415927410125732, 3.1415927410125732, 3.1415927410125732, 3.1415927410125732, 3.1415927410125732, 3.1415927410125732, 3.1415927410125732, 3.1415927410125732, 0.0, 0.0, 0.0, 0.0, 0.0, 0.0, 0.0, 0.0, 0.0, 0.0, 0.0, 0.0, 0.0, 0.0, 0.0, 0.0, 3.1415927410125732, 3.1415927410125732, 3.1415927410125732, 3.1415927410125732, 3.1415927410125732, 3.1415927410125732, 3.1415927410125732, 3.1415927410125732, 3.1415927410125732, 3.1415927410125732, 3.1415927410125732, 3.1415927410125732, 3.1415927410125732, 3.1415927410125732, 3.1415927410125732, 3.1415927410125732, 0.0, 0.0, 0.0, 0.0, 0.0, 0.0, 0.0, 0.0, 0.0, 0.0, 0.0, 0.0, 0.0, 0.0, 0.0, 0.0, 3.1415927410125732, 3.1415927410125732, 3.1415927410125732, 3.1415927410125732, 3.1415927410125732, 3.1415927410125732, 3.1415927410125732, 3.1415927410125732, 3.1415927410125732, 3.1415927410125732, 3.1415927410125732, 3.1415927410125732, 3.1415927410125732, 3.1415927410125732, 3.1415927410125732, 3.1415927410125732, 0.0, 0.0, 0.0, 0.0, 0.0, 0.0, 0.0, 0.0, 0.0, 0.0, 0.0, 0.0, 0.0, 0.0, 0.0, 0.0, 3.1415927410125732, 3.1415927410125732, 3.1415927410125732, 3.1415927410125732, 3.1415927410125732, 3.1415927410125732, 3.1415927410125732, 3.1415927410125732, 3.1415927410125732, 3.1415927410125732, 3.1415927410125732, 3.1415927410125732, 3.1415927410125732, 3.1415927410125732, 3.1415927410125732, 3.1415927410125732, 0.0, 0.0, 0.0, 0.0, 0.0, 0.0, 0.0, 0.0, 0.0, 0.0, 0.0, 0.0, 0.0, 0.0, 0.0, 0.0, 3.1415927410125732, 3.1415927410125732, 3.1415927410125732, 3.1415927410125732, 3.1415927410125732, 3.1415927410125732, 3.1415927410125732, 3.1415927410125732, 3.1415927410125732, 3.1415927410125732, 3.1415927410125732, 3.1415927410125732, 3.1415927410125732, 3.1415927410125732, 3.1415927410125732, 3.1415927410125732, 0.0, 0.0, 0.0, 0.0, 0.0, 0.0, 0.0, 0.0, 0.0, 0.0, 0.0, 0.0, 0.0, 0.0, 0.0, 0.0, 0.0, 0.0, 0.0, 0.0, 0.0, 0.0, 0.0, 0.0, 0.0, 0.0, 0.0, 0.0, 0.0, 0.0, 0.0, 0.0, 0.0, 0.0, 0.0, 0.0, 0.0, 0.0, 0.0, 0.0, 0.0, 0.0, 0.0, 0.0, 0.0, 0.0, 0.0, 0.0, 0.0, 0.0, 0.0, 0.0, 0.0, 0.0, 0.0, 0.0, 0.0, 0.0, 0.0, 0.0, 0.0, 0.0, 0.0, 0.0, 0.0, 0.0, 0.0, 0.0, 0.0, 0.0, 0.0, 0.0, 0.0, 0.0, 0.0, 0.0, 0.0, 0.0, 0.0, 0.0, 0.0, 0.0, 0.0, 0.0, 0.0, 0.0, 0.0, 0.0, 0.0, 0.0, 0.0, 0.0, 0.0, 0.0, 0.0, 0.0, 0.0, 0.0, 0.0, 0.0, 0.0, 0.0, 0.0, 0.0, 0.0, 0.0, 0.0, 0.0, 0.0, 0.0, 0.0, 0.0, 0.0, 0.0, 0.0, 0.0, 0.0, 0.0, 0.0, 0.0, 0.0, 0.0, 0.0, 0.0, 0.0, 0.0, 0.0, 0.0, 0.0, 0.0, 0.0, 0.0, 0.0, 0.0, 0.0, 0.0, 0.0, 0.0, 0.0, 0.0, 0.0, 0.0, 0.0, 0.0, 0.0, 0.0, 0.0, 0.0, 0.0, 0.0, 0.0, 0.0, 0.0, 0.0, 0.0, 0.0, 0.0, 0.0, 0.0, 0.0, 0.0, 0.0, 0.0, 0.0, 0.0, 0.0, 0.0, 0.0, 0.0, 0.0, 0.0, 0.0, 0.0, 0.0, 0.0, 0.0, 0.0, 0.0, 0.0, 0.0, 0.0, 0.0, 0.0, 0.0, 0.0, 0.0, 0.0, 0.0, 0.0, 0.0, 0.0, 0.0, 0.0, 0.0, 0.0, 0.0, 0.0, 0.0, 0.0, 0.0, 0.0, 0.0, 0.0, 0.0, 0.0, 0.0, 0.0, 0.0, 0.0, 0.0, 0.0, 0.0, 0.0, 0.0, 0.0, 0.0, 0.0, 0.0, 0.0, 0.0, 0.0, 0.0, 0.0, 0.0, 0.0, 0.0, 0.0, 0.0, 0.0, 0.0, 0.0, 0.0, 0.0, 0.0, 0.0, 0.0, 0.0, 0.0, 0.0, 0.0, 0.0, 0.0, 0.0, 0.0, 0.0, 0.0, 0.0, 0.0, 0.0, 0.0, 0.0, 0.0, 0.0, 0.0, 0.0, 0.0, 0.0, 0.0, 0.0, 0.0, 0.0, 0.0, 0.0, 0.0, 3.1415927410125732, 3.1415927410125732, 3.1415927410125732, 3.1415927410125732, 3.1415927410125732, 3.1415927410125732, 3.1415927410125732, 3.1415927410125732, 0.0, 0.0, 0.0, 0.0, 0.0, 0.0, 0.0, 0.0, 0.0, 0.0, 0.0, 0.0, 0.0, 0.0, 0.0, 0.0, 0.0, 0.0, 0.0, 0.0, 0.0, 0.0, 0.0, 0.0, 3.1415927410125732, 3.1415927410125732, 3.1415927410125732, 3.1415927410125732, 3.1415927410125732, 3.1415927410125732, 3.1415927410125732, 3.1415927410125732, 0.0, 0.0, 0.0, 0.0, 0.0, 0.0, 0.0, 0.0, 0.0, 0.0, 0.0, 0.0, 0.0, 0.0, 0.0, 0.0, 0.0, 0.0, 0.0, 0.0, 0.0, 0.0, 0.0, 0.0, 3.1415927410125732, 3.1415927410125732, 3.1415927410125732, 3.1415927410125732, 3.1415927410125732, 3.1415927410125732, 3.1415927410125732, 3.1415927410125732, 0.0, 0.0, 0.0, 0.0, 0.0, 0.0, 0.0, 0.0, 0.0, 0.0, 0.0, 0.0, 0.0, 0.0, 0.0, 0.0, 0.0, 0.0, 0.0, 0.0, 0.0, 0.0, 0.0, 0.0, 3.1415927410125732, 3.1415927410125732, 3.1415927410125732, 3.1415927410125732, 3.1415927410125732, 3.1415927410125732, 3.1415927410125732, 3.1415927410125732, 0.0, 0.0, 0.0, 0.0, 0.0, 0.0, 0.0, 0.0, 0.0, 0.0, 0.0, 0.0, 0.0, 0.0, 0.0, 0.0, 0.0, 0.0, 0.0, 0.0, 0.0, 0.0, 0.0, 0.0, 3.1415927410125732, 3.1415927410125732, 3.1415927410125732, 3.1415927410125732, 3.1415927410125732, 3.1415927410125732, 3.1415927410125732, 3.1415927410125732, 0.0, 0.0, 0.0, 0.0, 0.0, 0.0, 0.0, 0.0, 0.0, 0.0, 0.0, 0.0, 0.0, 0.0, 0.0, 0.0, 0.0, 0.0, 0.0, 0.0, 0.0, 0.0, 0.0, 0.0, 3.1415927410125732, 3.1415927410125732, 3.1415927410125732, 3.1415927410125732, 3.1415927410125732, 3.1415927410125732, 3.1415927410125732, 3.1415927410125732, 0.0, 0.0, 0.0, 0.0, 0.0, 0.0, 0.0, 0.0, 0.0, 0.0, 0.0, 0.0, 0.0, 0.0, 0.0, 0.0, 0.0, 0.0, 0.0, 0.0, 0.0, 0.0, 0.0, 0.0, 3.1415927410125732, 3.1415927410125732, 3.1415927410125732, 3.1415927410125732, 3.1415927410125732, 3.1415927410125732, 3.1415927410125732, 3.1415927410125732, 0.0, 0.0, 0.0, 0.0, 0.0, 0.0, 0.0, 0.0, 0.0, 0.0, 0.0, 0.0, 0.0, 0.0, 0.0, 0.0, 0.0, 0.0, 0.0, 0.0, 0.0, 0.0, 0.0, 0.0, 3.1415927410125732, 3.1415927410125732, 3.1415927410125732, 3.1415927410125732, 3.1415927410125732, 3.1415927410125732, 3.1415927410125732, 3.1415927410125732, 0.0, 0.0, 0.0, 0.0, 0.0, 0.0, 0.0, 0.0, 0.0, 0.0, 0.0, 0.0, 0.0, 0.0, 0.0, 0.0]"
0.6088365,0.15223686,0.15219523,0.15220979,0.15219462,0.15220913,-9.53539467,-9.53664207,-9.53620815,-9.53666496,"[3.1415927410125732, 3.1415927410125732, 3.1415927410125732, 3.1415927410125732, 3.1415927410125732, 3.1415927410125732, 3.1415927410125732, 3.1415927410125732, 3.1415927410125732, 3.1415927410125732, 3.1415927410125732, 3.1415927410125732, 3.1415927410125732, 3.1415927410125732, 3.1415927410125732, 3.1415927410125732, 3.1415927410125732, 3.1415927410125732, 3.1415927410125732, 3.1415927410125732, 3.1415927410125732, 3.1415927410125732, 3.1415927410125732, 3.1415927410125732, 3.1415927410125732, 3.1415927410125732, 3.1415927410125732, 3.1415927410125732, 3.1415927410125732, 3.1415927410125732, 3.1415927410125732, 3.1415927410125732, 3.1415927410125732, 3.1415927410125732, 3.1415927410125732, 3.1415927410125732, 3.1415927410125732, 3.1415927410125732, 3.1415927410125732, 3.1415927410125732, 3.1415927410125732, 3.1415927410125732, 3.1415927410125732, 3.1415927410125732, 3.1415927410125732, 3.1415927410125732, 3.1415927410125732, 3.1415927410125732, 3.1415927410125732, 3.1415927410125732, 3.1415927410125732, 3.1415927410125732, 3.1415927410125732, 3.1415927410125732, 3.1415927410125732, 3.1415927410125732, 3.1415927410125732, 3.1415927410125732, 3.1415927410125732, 3.1415927410125732, 3.1415927410125732, 3.1415927410125732, 3.1415927410125732, 3.1415927410125732, 3.1415927410125732, 3.1415927410125732, 3.1415927410125732, 3.1415927410125732, 3.1415927410125732, 3.1415927410125732, 3.1415927410125732, 3.1415927410125732, 3.1415927410125732, 3.1415927410125732, 3.1415927410125732, 3.1415927410125732, 3.1415927410125732, 3.1415927410125732, 3.1415927410125732, 3.1415927410125732, 3.1415927410125732, 3.1415927410125732, 3.1415927410125732, 3.1415927410125732, 3.1415927410125732, 3.1415927410125732, 3.1415927410125732, 3.1415927410125732, 3.1415927410125732, 3.1415927410125732, 3.1415927410125732, 3.1415927410125732, 3.1415927410125732, 3.1415927410125732, 3.1415927410125732, 3.1415927410125732, 3.1415927410125732, 3.1415927410125732, 3.1415927410125732, 3.1415927410125732, 3.1415927410125732, 3.1415927410125732, 3.1415927410125732, 3.1415927410125732, 3.1415927410125732, 3.1415927410125732, 3.1415927410125732, 3.1415927410125732, 3.1415927410125732, 3.1415927410125732, 3.1415927410125732, 3.1415927410125732, 3.1415927410125732, 3.1415927410125732, 3.1415927410125732, 3.1415927410125732, 3.1415927410125732, 3.1415927410125732, 3.1415927410125732, 3.1415927410125732, 3.1415927410125732, 3.1415927410125732, 3.1415927410125732, 3.1415927410125732, 3.1415927410125732, 3.1415927410125732, 3.1415927410125732, 3.1415927410125732, 3.1415927410125732, 3.1415927410125732, 3.1415927410125732, 3.1415927410125732, 3.1415927410125732, 3.1415927410125732, 3.1415927410125732, 3.1415927410125732, 3.1415927410125732, 3.1415927410125732, 3.1415927410125732, 3.1415927410125732, 3.1415927410125732, 3.1415927410125732, 3.1415927410125732, 3.1415927410125732, 3.1415927410125732, 3.1415927410125732, 3.1415927410125732, 3.1415927410125732, 3.1415927410125732, 3.1415927410125732, 3.1415927410125732, 3.1415927410125732, 3.1415927410125732, 3.1415927410125732, 3.1415927410125732, 3.1415927410125732, 3.1415927410125732, 3.1415927410125732, 3.1415927410125732, 3.1415927410125732, 3.1415927410125732, 3.1415927410125732, 3.1415927410125732, 3.1415927410125732, 3.1415927410125732, 3.1415927410125732, 3.1415927410125732, 3.1415927410125732, 3.1415927410125732, 3.1415927410125732, 3.1415927410125732, 3.1415927410125732, 3.1415927410125732, 3.1415927410125732, 3.1415927410125732, 3.1415927410125732, 3.1415927410125732, 3.1415927410125732, 3.1415927410125732, 3.1415927410125732, 3.1415927410125732, 3.1415927410125732, 3.1415927410125732, 3.1415927410125732, 3.1415927410125732, 3.1415927410125732, 3.1415927410125732, 3.1415927410125732, 3.1415927410125732, 3.1415927410125732, 3.1415927410125732, 3.1415927410125732, 3.1415927410125732, 3.1415927410125732, 3.1415927410125732, 3.1415927410125732, 3.1415927410125732, 3.1415927410125732, 3.1415927410125732, 3.1415927410125732, 3.1415927410125732, 3.1415927410125732, 3.1415927410125732, 3.1415927410125732, 3.1415927410125732, 3.1415927410125732, 3.1415927410125732, 3.1415927410125732, 3.1415927410125732, 3.1415927410125732, 3.1415927410125732, 3.1415927410125732, 3.1415927410125732, 3.1415927410125732, 3.1415927410125732, 3.1415927410125732, 3.1415927410125732, 3.1415927410125732, 3.1415927410125732, 3.1415927410125732, 3.1415927410125732, 3.1415927410125732, 3.1415927410125732, 3.1415927410125732, 3.1415927410125732, 3.1415927410125732, 3.1415927410125732, 3.1415927410125732, 3.1415927410125732, 3.1415927410125732, 3.1415927410125732, 3.1415927410125732, 3.1415927410125732, 3.1415927410125732, 3.1415927410125732, 3.1415927410125732, 3.1415927410125732, 3.1415927410125732, 3.1415927410125732, 3.1415927410125732, 3.1415927410125732, 3.1415927410125732, 3.1415927410125732, 3.1415927410125732, 3.1415927410125732, 3.1415927410125732, 3.1415927410125732, 3.1415927410125732, 3.1415927410125732, 3.1415927410125732, 3.1415927410125732, 3.1415927410125732, 3.1415927410125732, 3.1415927410125732, 3.1415927410125732, 3.1415927410125732, 0.0, 0.0, 0.0, 0.0, 0.0, 0.0, 0.0, 0.0, 0.0, 0.0, 0.0, 0.0, 0.0, 0.0, 0.0, 0.0, 3.1415927410125732, 3.1415927410125732, 3.1415927410125732, 3.1415927410125732, 3.1415927410125732, 3.1415927410125732, 3.1415927410125732, 3.1415927410125732, 3.1415927410125732, 3.1415927410125732, 3.1415927410125732, 3.1415927410125732, 3.1415927410125732, 3.1415927410125732, 3.1415927410125732, 3.1415927410125732, 0.0, 0.0, 0.0, 0.0, 0.0, 0.0, 0.0, 0.0, 0.0, 0.0, 0.0, 0.0, 0.0, 0.0, 0.0, 0.0, 3.1415927410125732, 3.1415927410125732, 3.1415927410125732, 3.1415927410125732, 3.1415927410125732, 3.1415927410125732, 3.1415927410125732, 3.1415927410125732, 3.1415927410125732, 3.1415927410125732, 3.1415927410125732, 3.1415927410125732, 3.1415927410125732, 3.1415927410125732, 3.1415927410125732, 3.1415927410125732, 0.0, 0.0, 0.0, 0.0, 0.0, 0.0, 0.0, 0.0, 0.0, 0.0, 0.0, 0.0, 0.0, 0.0, 0.0, 0.0, 3.1415927410125732, 3.1415927410125732, 3.1415927410125732, 3.1415927410125732, 3.1415927410125732, 3.1415927410125732, 3.1415927410125732, 3.1415927410125732, 3.1415927410125732, 3.1415927410125732, 3.1415927410125732, 3.1415927410125732, 3.1415927410125732, 3.1415927410125732, 3.1415927410125732, 3.1415927410125732, 0.0, 0.0, 0.0, 0.0, 0.0, 0.0, 0.0, 0.0, 0.0, 0.0, 0.0, 0.0, 0.0, 0.0, 0.0, 0.0, 3.1415927410125732, 3.1415927410125732, 3.1415927410125732, 3.1415927410125732, 3.1415927410125732, 3.1415927410125732, 3.1415927410125732, 3.1415927410125732, 3.1415927410125732, 3.1415927410125732, 3.1415927410125732, 3.1415927410125732, 3.1415927410125732, 3.1415927410125732, 3.1415927410125732, 3.1415927410125732, 0.0, 0.0, 0.0, 0.0, 0.0, 0.0, 0.0, 0.0, 0.0, 0.0, 0.0, 0.0, 0.0, 0.0, 0.0, 0.0, 3.1415927410125732, 3.1415927410125732, 3.1415927410125732, 3.1415927410125732, 3.1415927410125732, 3.1415927410125732, 3.1415927410125732, 3.1415927410125732, 3.1415927410125732, 3.1415927410125732, 3.1415927410125732, 3.1415927410125732, 3.1415927410125732, 3.1415927410125732, 3.1415927410125732, 3.1415927410125732, 0.0, 0.0, 0.0, 0.0, 0.0, 0.0, 0.0, 0.0, 0.0, 0.0, 0.0, 0.0, 0.0, 0.0, 0.0, 0.0, 3.1415927410125732, 3.1415927410125732, 3.1415927410125732, 3.1415927410125732, 3.1415927410125732, 3.1415927410125732, 3.1415927410125732, 3.1415927410125732, 3.1415927410125732, 3.1415927410125732, 3.1415927410125732, 3.1415927410125732, 3.1415927410125732, 3.1415927410125732, 3.1415927410125732, 3.1415927410125732, 0.0, 0.0, 0.0, 0.0, 0.0, 0.0, 0.0, 0.0, 0.0, 0.0, 0.0, 0.0, 0.0, 0.0, 0.0, 0.0, 3.1415927410125732, 3.1415927410125732, 3.1415927410125732, 3.1415927410125732, 3.1415927410125732, 3.1415927410125732, 3.1415927410125732, 3.1415927410125732, 3.1415927410125732, 3.1415927410125732, 3.1415927410125732, 3.1415927410125732, 3.1415927410125732, 3.1415927410125732, 3.1415927410125732, 3.1415927410125732, 0.0, 0.0, 0.0, 0.0, 0.0, 0.0, 0.0, 0.0, 0.0, 0.0, 0.0, 0.0, 0.0, 0.0, 0.0, 0.0, 3.1415927410125732, 3.1415927410125732, 3.1415927410125732, 3.1415927410125732, 3.1415927410125732, 3.1415927410125732, 3.1415927410125732, 3.1415927410125732, 3.1415927410125732, 3.1415927410125732, 3.1415927410125732, 3.1415927410125732, 3.1415927410125732, 3.1415927410125732, 3.1415927410125732, 3.1415927410125732, 0.0, 0.0, 0.0, 0.0, 0.0, 0.0, 0.0, 0.0, 0.0, 0.0, 0.0, 0.0, 0.0, 0.0, 0.0, 0.0, 0.0, 0.0, 0.0, 0.0, 0.0, 0.0, 0.0, 0.0, 0.0, 0.0, 0.0, 0.0, 0.0, 0.0, 0.0, 0.0, 0.0, 0.0, 0.0, 0.0, 0.0, 0.0, 0.0, 0.0, 0.0, 0.0, 0.0, 0.0, 0.0, 0.0, 0.0, 0.0, 0.0, 0.0, 0.0, 0.0, 0.0, 0.0, 0.0, 0.0, 0.0, 0.0, 0.0, 0.0, 0.0, 0.0, 0.0, 0.0, 0.0, 0.0, 0.0, 0.0, 0.0, 0.0, 0.0, 0.0, 0.0, 0.0, 0.0, 0.0, 0.0, 0.0, 0.0, 0.0, 0.0, 0.0, 0.0, 0.0, 0.0, 0.0, 0.0, 0.0, 0.0, 0.0, 0.0, 0.0, 0.0, 0.0, 0.0, 0.0, 0.0, 0.0, 0.0, 0.0, 0.0, 0.0, 0.0, 0.0, 0.0, 0.0, 0.0, 0.0, 0.0, 0.0, 0.0, 0.0, 0.0, 0.0, 0.0, 0.0, 0.0, 0.0, 0.0, 0.0, 0.0, 0.0, 0.0, 0.0, 0.0, 0.0, 0.0, 0.0, 0.0, 0.0, 0.0, 0.0, 0.0, 0.0, 0.0, 0.0, 0.0, 0.0, 0.0, 0.0, 0.0, 0.0, 0.0, 0.0, 0.0, 0.0, 0.0, 0.0, 0.0, 0.0, 0.0, 0.0, 0.0, 0.0, 0.0, 0.0, 0.0, 0.0, 0.0, 0.0, 0.0, 0.0, 0.0, 0.0, 0.0, 0.0, 0.0, 0.0, 0.0, 0.0, 0.0, 0.0, 0.0, 0.0, 0.0, 0.0, 0.0, 0.0, 0.0, 0.0, 0.0, 0.0, 0.0, 0.0, 0.0, 0.0, 0.0, 0.0, 0.0, 0.0, 0.0, 0.0, 0.0, 0.0, 0.0, 0.0, 0.0, 0.0, 0.0, 0.0, 0.0, 0.0, 0.0, 0.0, 0.0, 0.0, 0.0, 0.0, 0.0, 0.0, 0.0, 0.0, 0.0, 0.0, 0.0, 0.0, 0.0, 0.0, 0.0, 0.0, 0.0, 0.0, 0.0, 0.0, 0.0, 0.0, 0.0, 0.0, 0.0, 0.0, 0.0, 0.0, 0.0, 0.0, 0.0, 0.0, 0.0, 0.0, 0.0, 0.0, 0.0, 0.0, 0.0, 0.0, 0.0, 0.0, 0.0, 0.0, 0.0, 0.0, 0.0, 0.0, 0.0, 0.0, 0.0, 0.0, 0.0, 0.0, 0.0, 0.0, 0.0, 0.0, 0.0, 0.0, 3.1415927410125732, 3.1415927410125732, 3.1415927410125732, 3.1415927410125732, 3.1415927410125732, 3.1415927410125732, 3.1415927410125732, 3.1415927410125732, 0.0, 0.0, 0.0, 0.0, 0.0, 0.0, 0.0, 0.0, 0.0, 0.0, 0.0, 0.0, 0.0, 0.0, 0.0, 0.0, 0.0, 0.0, 0.0, 0.0, 0.0, 0.0, 0.0, 0.0, 3.1415927410125732, 3.1415927410125732, 3.1415927410125732, 3.1415927410125732, 3.1415927410125732, 3.1415927410125732, 3.1415927410125732, 3.1415927410125732, 0.0, 0.0, 0.0, 0.0, 0.0, 0.0, 0.0, 0.0, 0.0, 0.0, 0.0, 0.0, 0.0, 0.0, 0.0, 0.0, 0.0, 0.0, 0.0, 0.0, 0.0, 0.0, 0.0, 0.0, 3.1415927410125732, 3.1415927410125732, 3.1415927410125732, 3.1415927410125732, 3.1415927410125732, 3.1415927410125732, 3.1415927410125732, 3.1415927410125732, 0.0, 0.0, 0.0, 0.0, 0.0, 0.0, 0.0, 0.0, 0.0, 0.0, 0.0, 0.0, 0.0, 0.0, 0.0, 0.0, 0.0, 0.0, 0.0, 0.0, 0.0, 0.0, 0.0, 0.0, 3.1415927410125732, 3.1415927410125732, 3.1415927410125732, 3.1415927410125732, 3.1415927410125732, 3.1415927410125732, 3.1415927410125732, 3.1415927410125732, 0.0, 0.0, 0.0, 0.0, 0.0, 0.0, 0.0, 0.0, 0.0, 0.0, 0.0, 0.0, 0.0, 0.0, 0.0, 0.0, 0.0, 0.0, 0.0, 0.0, 0.0, 0.0, 0.0, 0.0, 3.1415927410125732, 3.1415927410125732, 3.1415927410125732, 3.1415927410125732, 3.1415927410125732, 3.1415927410125732, 3.1415927410125732, 3.1415927410125732, 0.0, 0.0, 0.0, 0.0, 0.0, 0.0, 0.0, 0.0, 0.0, 0.0, 0.0, 0.0, 0.0, 0.0, 0.0, 0.0, 0.0, 0.0, 0.0, 0.0, 0.0, 0.0, 0.0, 0.0, 3.1415927410125732, 3.1415927410125732, 3.1415927410125732, 3.1415927410125732, 3.1415927410125732, 3.1415927410125732, 3.1415927410125732, 3.1415927410125732, 0.0, 0.0, 0.0, 0.0, 0.0, 0.0, 0.0, 0.0, 0.0, 0.0, 0.0, 0.0, 0.0, 0.0, 0.0, 0.0, 0.0, 0.0, 0.0, 0.0, 0.0, 0.0, 0.0, 0.0, 3.1415927410125732, 3.1415927410125732, 3.1415927410125732, 3.1415927410125732, 3.1415927410125732, 3.1415927410125732, 3.1415927410125732, 3.1415927410125732, 0.0, 0.0, 0.0, 0.0, 0.0, 0.0, 0.0, 0.0, 0.0, 0.0, 0.0, 0.0, 0.0, 0.0, 0.0, 0.0, 0.0, 0.0, 0.0, 0.0, 0.0, 0.0, 0.0, 0.0, 3.1415927410125732, 3.1415927410125732, 3.1415927410125732, 3.1415927410125732, 3.1415927410125732, 3.1415927410125732, 3.1415927410125732, 3.1415927410125732, 0.0, 0.0, 0.0, 0.0, 0.0, 0.0, 0.0, 0.0, 0.0, 0.0, 0.0, 0.0, 0.0, 0.0, 0.0, 0.0]"
0.6088365,0.15223686,0.15219523,0.15220979,0.15219462,0.15220913,-9.53539467,-9.53664207,-9.53620815,-9.53666496,"[3.1415927410125732, 3.1415927410125732, 3.1415927410125732, 3.1415927410125732, 3.1415927410125732, 3.1415927410125732, 3.1415927410125732, 3.1415927410125732, 3.1415927410125732, 3.1415927410125732, 3.1415927410125732, 3.1415927410125732, 3.1415927410125732, 3.1415927410125732, 3.1415927410125732, 3.1415927410125732, 3.1415927410125732, 3.1415927410125732, 3.1415927410125732, 3.1415927410125732, 3.1415927410125732, 3.1415927410125732, 3.1415927410125732, 3.1415927410125732, 3.1415927410125732, 3.1415927410125732, 3.1415927410125732, 3.1415927410125732, 3.1415927410125732, 3.1415927410125732, 3.1415927410125732, 3.1415927410125732, 3.1415927410125732, 3.1415927410125732, 3.1415927410125732, 3.1415927410125732, 3.1415927410125732, 3.1415927410125732, 3.1415927410125732, 3.1415927410125732, 3.1415927410125732, 3.1415927410125732, 3.1415927410125732, 3.1415927410125732, 3.1415927410125732, 3.1415927410125732, 3.1415927410125732, 3.1415927410125732, 3.1415927410125732, 3.1415927410125732, 3.1415927410125732, 3.1415927410125732, 3.1415927410125732, 3.1415927410125732, 3.1415927410125732, 3.1415927410125732, 3.1415927410125732, 3.1415927410125732, 3.1415927410125732, 3.1415927410125732, 3.1415927410125732, 3.1415927410125732, 3.1415927410125732, 3.1415927410125732, 3.1415927410125732, 3.1415927410125732, 3.1415927410125732, 3.1415927410125732, 3.1415927410125732, 3.1415927410125732, 3.1415927410125732, 3.1415927410125732, 3.1415927410125732, 3.1415927410125732, 3.1415927410125732, 3.1415927410125732, 3.1415927410125732, 3.1415927410125732, 3.1415927410125732, 3.1415927410125732, 3.1415927410125732, 3.1415927410125732, 3.1415927410125732, 3.1415927410125732, 3.1415927410125732, 3.1415927410125732, 3.1415927410125732, 3.1415927410125732, 3.1415927410125732, 3.1415927410125732, 3.1415927410125732, 3.1415927410125732, 3.1415927410125732, 3.1415927410125732, 3.1415927410125732, 3.1415927410125732, 3.1415927410125732, 3.1415927410125732, 3.1415927410125732, 3.1415927410125732, 3.1415927410125732, 3.1415927410125732, 3.1415927410125732, 3.1415927410125732, 3.1415927410125732, 3.1415927410125732, 3.1415927410125732, 3.1415927410125732, 3.1415927410125732, 3.1415927410125732, 3.1415927410125732, 3.1415927410125732, 3.1415927410125732, 3.1415927410125732, 3.1415927410125732, 3.1415927410125732, 3.1415927410125732, 3.1415927410125732, 3.1415927410125732, 3.1415927410125732, 3.1415927410125732, 3.1415927410125732, 3.1415927410125732, 3.1415927410125732, 3.1415927410125732, 3.1415927410125732, 3.1415927410125732, 3.1415927410125732, 3.1415927410125732, 3.1415927410125732, 3.1415927410125732, 3.1415927410125732, 3.1415927410125732, 3.1415927410125732, 3.1415927410125732, 3.1415927410125732, 3.1415927410125732, 3.1415927410125732, 3.1415927410125732, 3.1415927410125732, 3.1415927410125732, 3.1415927410125732, 3.1415927410125732, 3.1415927410125732, 3.1415927410125732, 3.1415927410125732, 3.1415927410125732, 3.1415927410125732, 3.1415927410125732, 3.1415927410125732, 3.1415927410125732, 3.1415927410125732, 3.1415927410125732, 3.1415927410125732, 3.1415927410125732, 3.1415927410125732, 3.1415927410125732, 3.1415927410125732, 3.1415927410125732, 3.1415927410125732, 3.1415927410125732, 3.1415927410125732, 3.1415927410125732, 3.1415927410125732, 3.1415927410125732, 3.1415927410125732, 3.1415927410125732, 3.1415927410125732, 3.1415927410125732, 3.1415927410125732, 3.1415927410125732, 3.1415927410125732, 3.1415927410125732, 3.1415927410125732, 3.1415927410125732, 3.1415927410125732, 3.1415927410125732, 3.1415927410125732, 3.1415927410125732, 3.1415927410125732, 3.1415927410125732, 3.1415927410125732, 3.1415927410125732, 3.1415927410125732, 3.1415927410125732, 3.1415927410125732, 3.1415927410125732, 3.1415927410125732, 3.1415927410125732, 3.1415927410125732, 3.1415927410125732, 3.1415927410125732, 3.1415927410125732, 3.1415927410125732, 3.1415927410125732, 3.1415927410125732, 3.1415927410125732, 3.1415927410125732, 3.1415927410125732, 3.1415927410125732, 3.1415927410125732, 3.1415927410125732, 3.1415927410125732, 3.1415927410125732, 3.1415927410125732, 3.1415927410125732, 3.1415927410125732, 3.1415927410125732, 3.1415927410125732, 3.1415927410125732, 3.1415927410125732, 3.1415927410125732, 3.1415927410125732, 3.1415927410125732, 3.1415927410125732, 3.1415927410125732, 3.1415927410125732, 3.1415927410125732, 3.1415927410125732, 3.1415927410125732, 3.1415927410125732, 3.1415927410125732, 3.1415927410125732, 3.1415927410125732, 3.1415927410125732, 3.1415927410125732, 3.1415927410125732, 3.1415927410125732, 3.1415927410125732, 3.1415927410125732, 3.1415927410125732, 3.1415927410125732, 3.1415927410125732, 3.1415927410125732, 3.1415927410125732, 3.1415927410125732, 3.1415927410125732, 3.1415927410125732, 3.1415927410125732, 3.1415927410125732, 3.1415927410125732, 3.1415927410125732, 3.1415927410125732, 3.1415927410125732, 3.1415927410125732, 3.1415927410125732, 3.1415927410125732, 3.1415927410125732, 3.1415927410125732, 3.1415927410125732, 3.1415927410125732, 3.1415927410125732, 3.1415927410125732, 3.1415927410125732, 3.1415927410125732, 3.1415927410125732, 0.0, 0.0, 0.0, 0.0, 0.0, 0.0, 0.0, 0.0, 0.0, 0.0, 0.0, 0.0, 0.0, 0.0, 0.0, 0.0, 3.1415927410125732, 3.1415927410125732, 3.1415927410125732, 3.1415927410125732, 3.1415927410125732, 3.1415927410125732, 3.1415927410125732, 3.1415927410125732, 3.1415927410125732, 3.1415927410125732, 3.1415927410125732, 3.1415927410125732, 3.1415927410125732, 3.1415927410125732, 3.1415927410125732, 3.1415927410125732, 0.0, 0.0, 0.0, 0.0, 0.0, 0.0, 0.0, 0.0, 0.0, 0.0, 0.0, 0.0, 0.0, 0.0, 0.0, 0.0, 3.1415927410125732, 3.1415927410125732, 3.1415927410125732, 3.1415927410125732, 3.1415927410125732, 3.1415927410125732, 3.1415927410125732, 3.1415927410125732, 3.1415927410125732, 3.1415927410125732, 3.1415927410125732, 3.1415927410125732, 3.1415927410125732, 3.1415927410125732, 3.1415927410125732, 3.1415927410125732, 0.0, 0.0, 0.0, 0.0, 0.0, 0.0, 0.0, 0.0, 0.0, 0.0, 0.0, 0.0, 0.0, 0.0, 0.0, 0.0, 3.1415927410125732, 3.1415927410125732, 3.1415927410125732, 3.1415927410125732, 3.1415927410125732, 3.1415927410125732, 3.1415927410125732, 3.1415927410125732, 3.1415927410125732, 3.1415927410125732, 3.1415927410125732, 3.1415927410125732, 3.1415927410125732, 3.1415927410125732, 3.1415927410125732, 3.1415927410125732, 0.0, 0.0, 0.0, 0.0, 0.0, 0.0, 0.0, 0.0, 0.0, 0.0, 0.0, 0.0, 0.0, 0.0, 0.0, 0.0, 3.1415927410125732, 3.1415927410125732, 3.1415927410125732, 3.1415927410125732, 3.1415927410125732, 3.1415927410125732, 3.1415927410125732, 3.1415927410125732, 3.1415927410125732, 3.1415927410125732, 3.1415927410125732, 3.1415927410125732, 3.1415927410125732, 3.1415927410125732, 3.1415927410125732, 3.1415927410125732, 0.0, 0.0, 0.0, 0.0, 0.0, 0.0, 0.0, 0.0, 0.0, 0.0, 0.0, 0.0, 0.0, 0.0, 0.0, 0.0, 3.1415927410125732, 3.1415927410125732, 3.1415927410125732, 3.1415927410125732, 3.1415927410125732, 3.1415927410125732, 3.1415927410125732, 3.1415927410125732, 3.1415927410125732, 3.1415927410125732, 3.1415927410125732, 3.1415927410125732, 3.1415927410125732, 3.1415927410125732, 3.1415927410125732, 3.1415927410125732, 0.0, 0.0, 0.0, 0.0, 0.0, 0.0, 0.0, 0.0, 0.0, 0.0, 0.0, 0.0, 0.0, 0.0, 0.0, 0.0, 3.1415927410125732, 3.1415927410125732, 3.1415927410125732, 3.1415927410125732, 3.1415927410125732, 3.1415927410125732, 3.1415927410125732, 3.1415927410125732, 3.1415927410125732, 3.1415927410125732, 3.1415927410125732, 3.1415927410125732, 3.1415927410125732, 3.1415927410125732, 3.1415927410125732, 3.1415927410125732, 0.0, 0.0, 0.0, 0.0, 0.0, 0.0, 0.0, 0.0, 0.0, 0.0, 0.0, 0.0, 0.0, 0.0, 0.0, 0.0, 3.1415927410125732, 3.1415927410125732, 3.1415927410125732, 3.1415927410125732, 3.1415927410125732, 3.1415927410125732, 3.1415927410125732, 3.1415927410125732, 3.1415927410125732, 3.1415927410125732, 3.1415927410125732, 3.1415927410125732, 3.1415927410125732, 3.1415927410125732, 3.1415927410125732, 3.1415927410125732, 0.0, 0.0, 0.0, 0.0, 0.0, 0.0, 0.0, 0.0, 0.0, 0.0, 0.0, 0.0, 0.0, 0.0, 0.0, 0.0, 3.1415927410125732, 3.1415927410125732, 3.1415927410125732, 3.1415927410125732, 3.1415927410125732, 3.1415927410125732, 3.1415927410125732, 3.1415927410125732, 3.1415927410125732, 3.1415927410125732, 3.1415927410125732, 3.1415927410125732, 3.1415927410125732, 3.1415927410125732, 3.1415927410125732, 3.1415927410125732, 0.0, 0.0, 0.0, 0.0, 0.0, 0.0, 0.0, 0.0, 0.0, 0.0, 0.0, 0.0, 0.0, 0.0, 0.0, 0.0, 0.0, 0.0, 0.0, 0.0, 0.0, 0.0, 0.0, 0.0, 0.0, 0.0, 0.0, 0.0, 0.0, 0.0, 0.0, 0.0, 0.0, 0.0, 0.0, 0.0, 0.0, 0.0, 0.0, 0.0, 0.0, 0.0, 0.0, 0.0, 0.0, 0.0, 0.0, 0.0, 0.0, 0.0, 0.0, 0.0, 0.0, 0.0, 0.0, 0.0, 0.0, 0.0, 0.0, 0.0, 0.0, 0.0, 0.0, 0.0, 0.0, 0.0, 0.0, 0.0, 0.0, 0.0, 0.0, 0.0, 0.0, 0.0, 0.0, 0.0, 0.0, 0.0, 0.0, 0.0, 0.0, 0.0, 0.0, 0.0, 0.0, 0.0, 0.0, 0.0, 0.0, 0.0, 0.0, 0.0, 0.0, 0.0, 0.0, 0.0, 0.0, 0.0, 0.0, 0.0, 0.0, 0.0, 0.0, 0.0, 0.0, 0.0, 0.0, 0.0, 0.0, 0.0, 0.0, 0.0, 0.0, 0.0, 0.0, 0.0, 0.0, 0.0, 0.0, 0.0, 0.0, 0.0, 0.0, 0.0, 0.0, 0.0, 0.0, 0.0, 0.0, 0.0, 0.0, 0.0, 0.0, 0.0, 0.0, 0.0, 0.0, 0.0, 0.0, 0.0, 0.0, 0.0, 0.0, 0.0, 0.0, 0.0, 0.0, 0.0, 0.0, 0.0, 0.0, 0.0, 0.0, 0.0, 0.0, 0.0, 0.0, 0.0, 0.0, 0.0, 0.0, 0.0, 0.0, 0.0, 0.0, 0.0, 0.0, 0.0, 0.0, 0.0, 0.0, 0.0, 0.0, 0.0, 0.0, 0.0, 0.0, 0.0, 0.0, 0.0, 0.0, 0.0, 0.0, 0.0, 0.0, 0.0, 0.0, 0.0, 0.0, 0.0, 0.0, 0.0, 0.0, 0.0, 0.0, 0.0, 0.0, 0.0, 0.0, 0.0, 0.0, 0.0, 0.0, 0.0, 0.0, 0.0, 0.0, 0.0, 0.0, 0.0, 0.0, 0.0, 0.0, 0.0, 0.0, 0.0, 0.0, 0.0, 0.0, 0.0, 0.0, 0.0, 0.0, 0.0, 0.0, 0.0, 0.0, 0.0, 0.0, 0.0, 0.0, 0.0, 0.0, 0.0, 0.0, 0.0, 0.0, 0.0, 0.0, 0.0, 0.0, 0.0, 0.0, 0.0, 0.0, 0.0, 0.0, 0.0, 0.0, 0.0, 0.0, 0.0, 0.0, 0.0, 0.0, 0.0, 0.0, 0.0, 0.0, 0.0, 0.0, 0.0, 0.0, 0.0, 3.1415927410125732, 3.1415927410125732, 3.1415927410125732, 3.1415927410125732, 3.1415927410125732, 3.1415927410125732, 3.1415927410125732, 3.1415927410125732, 0.0, 0.0, 0.0, 0.0, 0.0, 0.0, 0.0, 0.0, 0.0, 0.0, 0.0, 0.0, 0.0, 0.0, 0.0, 0.0, 0.0, 0.0, 0.0, 0.0, 0.0, 0.0, 0.0, 0.0, 3.1415927410125732, 3.1415927410125732, 3.1415927410125732, 3.1415927410125732, 3.1415927410125732, 3.1415927410125732, 3.1415927410125732, 3.1415927410125732, 0.0, 0.0, 0.0, 0.0, 0.0, 0.0, 0.0, 0.0, 0.0, 0.0, 0.0, 0.0, 0.0, 0.0, 0.0, 0.0, 0.0, 0.0, 0.0, 0.0, 0.0, 0.0, 0.0, 0.0, 3.1415927410125732, 3.1415927410125732, 3.1415927410125732, 3.1415927410125732, 3.1415927410125732, 3.1415927410125732, 3.1415927410125732, 3.1415927410125732, 0.0, 0.0, 0.0, 0.0, 0.0, 0.0, 0.0, 0.0, 0.0, 0.0, 0.0, 0.0, 0.0, 0.0, 0.0, 0.0, 0.0, 0.0, 0.0, 0.0, 0.0, 0.0, 0.0, 0.0, 3.1415927410125732, 3.1415927410125732, 3.1415927410125732, 3.1415927410125732, 3.1415927410125732, 3.1415927410125732, 3.1415927410125732, 3.1415927410125732, 0.0, 0.0, 0.0, 0.0, 0.0, 0.0, 0.0, 0.0, 0.0, 0.0, 0.0, 0.0, 0.0, 0.0, 0.0, 0.0, 0.0, 0.0, 0.0, 0.0, 0.0, 0.0, 0.0, 0.0, 3.1415927410125732, 3.1415927410125732, 3.1415927410125732, 3.1415927410125732, 3.1415927410125732, 3.1415927410125732, 3.1415927410125732, 3.1415927410125732, 0.0, 0.0, 0.0, 0.0, 0.0, 0.0, 0.0, 0.0, 0.0, 0.0, 0.0, 0.0, 0.0, 0.0, 0.0, 0.0, 0.0, 0.0, 0.0, 0.0, 0.0, 0.0, 0.0, 0.0, 3.1415927410125732, 3.1415927410125732, 3.1415927410125732, 3.1415927410125732, 3.1415927410125732, 3.1415927410125732, 3.1415927410125732, 3.1415927410125732, 0.0, 0.0, 0.0, 0.0, 0.0, 0.0, 0.0, 0.0, 0.0, 0.0, 0.0, 0.0, 0.0, 0.0, 0.0, 0.0, 0.0, 0.0, 0.0, 0.0, 0.0, 0.0, 0.0, 0.0, 3.1415927410125732, 3.1415927410125732, 3.1415927410125732, 3.1415927410125732, 3.1415927410125732, 3.1415927410125732, 3.1415927410125732, 3.1415927410125732, 0.0, 0.0, 0.0, 0.0, 0.0, 0.0, 0.0, 0.0, 0.0, 0.0, 0.0, 0.0, 0.0, 0.0, 0.0, 0.0, 0.0, 0.0, 0.0, 0.0, 0.0, 0.0, 0.0, 0.0, 3.1415927410125732, 3.1415927410125732, 3.1415927410125732, 3.1415927410125732, 3.1415927410125732, 3.1415927410125732, 3.1415927410125732, 3.1415927410125732, 0.0, 0.0, 0.0, 0.0, 0.0, 0.0, 0.0, 0.0, 0.0, 0.0, 0.0, 0.0, 0.0, 0.0, 0.0, 0.0]"
0.6088365,0.15223686,0.15219523,0.15220979,0.15219462,0.15220913,-9.53539467,-9.53664207,-9.53620815,-9.53666496,"[3.1415927410125732, 3.1415927410125732, 3.1415927410125732, 3.1415927410125732, 3.1415927410125732, 3.1415927410125732, 3.1415927410125732, 3.1415927410125732, 3.1415927410125732, 3.1415927410125732, 3.1415927410125732, 3.1415927410125732, 3.1415927410125732, 3.1415927410125732, 3.1415927410125732, 3.1415927410125732, 3.1415927410125732, 3.1415927410125732, 3.1415927410125732, 3.1415927410125732, 3.1415927410125732, 3.1415927410125732, 3.1415927410125732, 3.1415927410125732, 3.1415927410125732, 3.1415927410125732, 3.1415927410125732, 3.1415927410125732, 3.1415927410125732, 3.1415927410125732, 3.1415927410125732, 3.1415927410125732, 3.1415927410125732, 3.1415927410125732, 3.1415927410125732, 3.1415927410125732, 3.1415927410125732, 3.1415927410125732, 3.1415927410125732, 3.1415927410125732, 3.1415927410125732, 3.1415927410125732, 3.1415927410125732, 3.1415927410125732, 3.1415927410125732, 3.1415927410125732, 3.1415927410125732, 3.1415927410125732, 3.1415927410125732, 3.1415927410125732, 3.1415927410125732, 3.1415927410125732, 3.1415927410125732, 3.1415927410125732, 3.1415927410125732, 3.1415927410125732, 3.1415927410125732, 3.1415927410125732, 3.1415927410125732, 3.1415927410125732, 3.1415927410125732, 3.1415927410125732, 3.1415927410125732, 3.1415927410125732, 3.1415927410125732, 3.1415927410125732, 3.1415927410125732, 3.1415927410125732, 3.1415927410125732, 3.1415927410125732, 3.1415927410125732, 3.1415927410125732, 3.1415927410125732, 3.1415927410125732, 3.1415927410125732, 3.1415927410125732, 3.1415927410125732, 3.1415927410125732, 3.1415927410125732, 3.1415927410125732, 3.1415927410125732, 3.1415927410125732, 3.1415927410125732, 3.1415927410125732, 3.1415927410125732, 3.1415927410125732, 3.1415927410125732, 3.1415927410125732, 3.1415927410125732, 3.1415927410125732, 3.1415927410125732, 3.1415927410125732, 3.1415927410125732, 3.1415927410125732, 3.1415927410125732, 3.1415927410125732, 3.1415927410125732, 3.1415927410125732, 3.1415927410125732, 3.1415927410125732, 3.1415927410125732, 3.1415927410125732, 3.1415927410125732, 3.1415927410125732, 3.1415927410125732, 3.1415927410125732, 3.1415927410125732, 3.1415927410125732, 3.1415927410125732, 3.1415927410125732, 3.1415927410125732, 3.1415927410125732, 3.1415927410125732, 3.1415927410125732, 3.1415927410125732, 3.1415927410125732, 3.1415927410125732, 3.1415927410125732, 3.1415927410125732, 3.1415927410125732, 3.1415927410125732, 3.1415927410125732, 3.1415927410125732, 3.1415927410125732, 3.1415927410125732, 3.1415927410125732, 3.1415927410125732, 3.1415927410125732, 3.1415927410125732, 3.1415927410125732, 3.1415927410125732, 3.1415927410125732, 3.1415927410125732, 3.1415927410125732, 3.1415927410125732, 3.1415927410125732, 3.1415927410125732, 3.1415927410125732, 3.1415927410125732, 3.1415927410125732, 3.1415927410125732, 3.1415927410125732, 3.1415927410125732, 3.1415927410125732, 3.1415927410125732, 3.1415927410125732, 3.1415927410125732, 3.1415927410125732, 3.1415927410125732, 3.1415927410125732, 3.1415927410125732, 3.1415927410125732, 3.1415927410125732, 3.1415927410125732, 3.1415927410125732, 3.1415927410125732, 3.1415927410125732, 3.1415927410125732, 3.1415927410125732, 3.1415927410125732, 3.1415927410125732, 3.1415927410125732, 3.1415927410125732, 3.1415927410125732, 3.1415927410125732, 3.1415927410125732, 3.1415927410125732, 3.1415927410125732, 3.1415927410125732, 3.1415927410125732, 3.1415927410125732, 3.1415927410125732, 3.1415927410125732, 3.1415927410125732, 3.1415927410125732, 3.1415927410125732, 3.1415927410125732, 3.1415927410125732, 3.1415927410125732, 3.1415927410125732, 3.1415927410125732, 3.1415927410125732, 3.1415927410125732, 3.1415927410125732, 3.1415927410125732, 3.1415927410125732, 3.1415927410125732, 3.1415927410125732, 3.1415927410125732, 3.1415927410125732, 3.1415927410125732, 3.1415927410125732, 3.1415927410125732, 3.1415927410125732, 3.1415927410125732, 3.1415927410125732, 3.1415927410125732, 3.1415927410125732, 3.1415927410125732, 3.1415927410125732, 3.1415927410125732, 3.1415927410125732, 3.1415927410125732, 3.1415927410125732, 3.1415927410125732, 3.1415927410125732, 3.1415927410125732, 3.1415927410125732, 3.1415927410125732, 3.1415927410125732, 3.1415927410125732, 3.1415927410125732, 3.1415927410125732, 3.1415927410125732, 3.1415927410125732, 3.1415927410125732, 3.1415927410125732, 3.1415927410125732, 3.1415927410125732, 3.1415927410125732, 3.1415927410125732, 3.1415927410125732, 3.1415927410125732, 3.1415927410125732, 3.1415927410125732, 3.1415927410125732, 3.1415927410125732, 3.1415927410125732, 3.1415927410125732, 3.1415927410125732, 3.1415927410125732, 3.1415927410125732, 3.1415927410125732, 3.1415927410125732, 3.1415927410125732, 3.1415927410125732, 3.1415927410125732, 3.1415927410125732, 3.1415927410125732, 3.1415927410125732, 3.1415927410125732, 3.1415927410125732, 3.1415927410125732, 3.1415927410125732, 3.1415927410125732, 3.1415927410125732, 3.1415927410125732, 3.1415927410125732, 3.1415927410125732, 3.1415927410125732, 3.1415927410125732, 3.1415927410125732, 3.1415927410125732, 3.1415927410125732, 3.1415927410125732, 3.1415927410125732, 0.0, 0.0, 0.0, 0.0, 0.0, 0.0, 0.0, 0.0, 0.0, 0.0, 0.0, 0.0, 0.0, 0.0, 0.0, 0.0, 3.1415927410125732, 3.1415927410125732, 3.1415927410125732, 3.1415927410125732, 3.1415927410125732, 3.1415927410125732, 3.1415927410125732, 3.1415927410125732, 3.1415927410125732, 3.1415927410125732, 3.1415927410125732, 3.1415927410125732, 3.1415927410125732, 3.1415927410125732, 3.1415927410125732, 3.1415927410125732, 0.0, 0.0, 0.0, 0.0, 0.0, 0.0, 0.0, 0.0, 0.0, 0.0, 0.0, 0.0, 0.0, 0.0, 0.0, 0.0, 3.1415927410125732, 3.1415927410125732, 3.1415927410125732, 3.1415927410125732, 3.1415927410125732, 3.1415927410125732, 3.1415927410125732, 3.1415927410125732, 3.1415927410125732, 3.1415927410125732, 3.1415927410125732, 3.1415927410125732, 3.1415927410125732, 3.1415927410125732, 3.1415927410125732, 3.1415927410125732, 0.0, 0.0, 0.0, 0.0, 0.0, 0.0, 0.0, 0.0, 0.0, 0.0, 0.0, 0.0, 0.0, 0.0, 0.0, 0.0, 3.1415927410125732, 3.1415927410125732, 3.1415927410125732, 3.1415927410125732, 3.1415927410125732, 3.1415927410125732, 3.1415927410125732, 3.1415927410125732, 3.1415927410125732, 3.1415927410125732, 3.1415927410125732, 3.1415927410125732, 3.1415927410125732, 3.1415927410125732, 3.1415927410125732, 3.1415927410125732, 0.0, 0.0, 0.0, 0.0, 0.0, 0.0, 0.0, 0.0, 0.0, 0.0, 0.0, 0.0, 0.0, 0.0, 0.0, 0.0, 3.1415927410125732, 3.1415927410125732, 3.1415927410125732, 3.1415927410125732, 3.1415927410125732, 3.1415927410125732, 3.1415927410125732, 3.1415927410125732, 3.1415927410125732, 3.1415927410125732, 3.1415927410125732, 3.1415927410125732, 3.1415927410125732, 3.1415927410125732, 3.1415927410125732, 3.1415927410125732, 0.0, 0.0, 0.0, 0.0, 0.0, 0.0, 0.0, 0.0, 0.0, 0.0, 0.0, 0.0, 0.0, 0.0, 0.0, 0.0, 3.1415927410125732, 3.1415927410125732, 3.1415927410125732, 3.1415927410125732, 3.1415927410125732, 3.1415927410125732, 3.1415927410125732, 3.1415927410125732, 3.1415927410125732, 3.1415927410125732, 3.1415927410125732, 3.1415927410125732, 3.1415927410125732, 3.1415927410125732, 3.1415927410125732, 3.1415927410125732, 0.0, 0.0, 0.0, 0.0, 0.0, 0.0, 0.0, 0.0, 0.0, 0.0, 0.0, 0.0, 0.0, 0.0, 0.0, 0.0, 3.1415927410125732, 3.1415927410125732, 3.1415927410125732, 3.1415927410125732, 3.1415927410125732, 3.1415927410125732, 3.1415927410125732, 3.1415927410125732, 3.1415927410125732, 3.1415927410125732, 3.1415927410125732, 3.1415927410125732, 3.1415927410125732, 3.1415927410125732, 3.1415927410125732, 3.1415927410125732, 0.0, 0.0, 0.0, 0.0, 0.0, 0.0, 0.0, 0.0, 0.0, 0.0, 0.0, 0.0, 0.0, 0.0, 0.0, 0.0, 3.1415927410125732, 3.1415927410125732, 3.1415927410125732, 3.1415927410125732, 3.1415927410125732, 3.1415927410125732, 3.1415927410125732, 3.1415927410125732, 3.1415927410125732, 3.1415927410125732, 3.1415927410125732, 3.1415927410125732, 3.1415927410125732, 3.1415927410125732, 3.1415927410125732, 3.1415927410125732, 0.0, 0.0, 0.0, 0.0, 0.0, 0.0, 0.0, 0.0, 0.0, 0.0, 0.0, 0.0, 0.0, 0.0, 0.0, 0.0, 3.1415927410125732, 3.1415927410125732, 3.1415927410125732, 3.1415927410125732, 3.1415927410125732, 3.1415927410125732, 3.1415927410125732, 3.1415927410125732, 3.1415927410125732, 3.1415927410125732, 3.1415927410125732, 3.1415927410125732, 3.1415927410125732, 3.1415927410125732, 3.1415927410125732, 3.1415927410125732, 0.0, 0.0, 0.0, 0.0, 0.0, 0.0, 0.0, 0.0, 0.0, 0.0, 0.0, 0.0, 0.0, 0.0, 0.0, 0.0, 0.0, 0.0, 0.0, 0.0, 0.0, 0.0, 0.0, 0.0, 0.0, 0.0, 0.0, 0.0, 0.0, 0.0, 0.0, 0.0, 0.0, 0.0, 0.0, 0.0, 0.0, 0.0, 0.0, 0.0, 0.0, 0.0, 0.0, 0.0, 0.0, 0.0, 0.0, 0.0, 0.0, 0.0, 0.0, 0.0, 0.0, 0.0, 0.0, 0.0, 0.0, 0.0, 0.0, 0.0, 0.0, 0.0, 0.0, 0.0, 0.0, 0.0, 0.0, 0.0, 0.0, 0.0, 0.0, 0.0, 0.0, 0.0, 0.0, 0.0, 0.0, 0.0, 0.0, 0.0, 0.0, 0.0, 0.0, 0.0, 0.0, 0.0, 0.0, 0.0, 0.0, 0.0, 0.0, 0.0, 0.0, 0.0, 0.0, 0.0, 0.0, 0.0, 0.0, 0.0, 0.0, 0.0, 0.0, 0.0, 0.0, 0.0, 0.0, 0.0, 0.0, 0.0, 0.0, 0.0, 0.0, 0.0, 0.0, 0.0, 0.0, 0.0, 0.0, 0.0, 0.0, 0.0, 0.0, 0.0, 0.0, 0.0, 0.0, 0.0, 0.0, 0.0, 0.0, 0.0, 0.0, 0.0, 0.0, 0.0, 0.0, 0.0, 0.0, 0.0, 0.0, 0.0, 0.0, 0.0, 0.0, 0.0, 0.0, 0.0, 0.0, 0.0, 0.0, 0.0, 0.0, 0.0, 0.0, 0.0, 0.0, 0.0, 0.0, 0.0, 0.0, 0.0, 0.0, 0.0, 0.0, 0.0, 0.0, 0.0, 0.0, 0.0, 0.0, 0.0, 0.0, 0.0, 0.0, 0.0, 0.0, 0.0, 0.0, 0.0, 0.0, 0.0, 0.0, 0.0, 0.0, 0.0, 0.0, 0.0, 0.0, 0.0, 0.0, 0.0, 0.0, 0.0, 0.0, 0.0, 0.0, 0.0, 0.0, 0.0, 0.0, 0.0, 0.0, 0.0, 0.0, 0.0, 0.0, 0.0, 0.0, 0.0, 0.0, 0.0, 0.0, 0.0, 0.0, 0.0, 0.0, 0.0, 0.0, 0.0, 0.0, 0.0, 0.0, 0.0, 0.0, 0.0, 0.0, 0.0, 0.0, 0.0, 0.0, 0.0, 0.0, 0.0, 0.0, 0.0, 0.0, 0.0, 0.0, 0.0, 0.0, 0.0, 0.0, 0.0, 0.0, 0.0, 0.0, 0.0, 0.0, 0.0, 0.0, 0.0, 0.0, 0.0, 0.0, 0.0, 0.0, 0.0, 0.0, 0.0, 0.0, 0.0, 0.0, 0.0, 3.1415927410125732, 3.1415927410125732, 3.1415927410125732, 3.1415927410125732, 3.1415927410125732, 3.1415927410125732, 3.1415927410125732, 3.1415927410125732, 0.0, 0.0, 0.0, 0.0, 0.0, 0.0, 0.0, 0.0, 0.0, 0.0, 0.0, 0.0, 0.0, 0.0, 0.0, 0.0, 0.0, 0.0, 0.0, 0.0, 0.0, 0.0, 0.0, 0.0, 3.1415927410125732, 3.1415927410125732, 3.1415927410125732, 3.1415927410125732, 3.1415927410125732, 3.1415927410125732, 3.1415927410125732, 3.1415927410125732, 0.0, 0.0, 0.0, 0.0, 0.0, 0.0, 0.0, 0.0, 0.0, 0.0, 0.0, 0.0, 0.0, 0.0, 0.0, 0.0, 0.0, 0.0, 0.0, 0.0, 0.0, 0.0, 0.0, 0.0, 3.1415927410125732, 3.1415927410125732, 3.1415927410125732, 3.1415927410125732, 3.1415927410125732, 3.1415927410125732, 3.1415927410125732, 3.1415927410125732, 0.0, 0.0, 0.0, 0.0, 0.0, 0.0, 0.0, 0.0, 0.0, 0.0, 0.0, 0.0, 0.0, 0.0, 0.0, 0.0, 0.0, 0.0, 0.0, 0.0, 0.0, 0.0, 0.0, 0.0, 3.1415927410125732, 3.1415927410125732, 3.1415927410125732, 3.1415927410125732, 3.1415927410125732, 3.1415927410125732, 3.1415927410125732, 3.1415927410125732, 0.0, 0.0, 0.0, 0.0, 0.0, 0.0, 0.0, 0.0, 0.0, 0.0, 0.0, 0.0, 0.0, 0.0, 0.0, 0.0, 0.0, 0.0, 0.0, 0.0, 0.0, 0.0, 0.0, 0.0, 3.1415927410125732, 3.1415927410125732, 3.1415927410125732, 3.1415927410125732, 3.1415927410125732, 3.1415927410125732, 3.1415927410125732, 3.1415927410125732, 0.0, 0.0, 0.0, 0.0, 0.0, 0.0, 0.0, 0.0, 0.0, 0.0, 0.0, 0.0, 0.0, 0.0, 0.0, 0.0, 0.0, 0.0, 0.0, 0.0, 0.0, 0.0, 0.0, 0.0, 3.1415927410125732, 3.1415927410125732, 3.1415927410125732, 3.1415927410125732, 3.1415927410125732, 3.1415927410125732, 3.1415927410125732, 3.1415927410125732, 0.0, 0.0, 0.0, 0.0, 0.0, 0.0, 0.0, 0.0, 0.0, 0.0, 0.0, 0.0, 0.0, 0.0, 0.0, 0.0, 0.0, 0.0, 0.0, 0.0, 0.0, 0.0, 0.0, 0.0, 3.1415927410125732, 3.1415927410125732, 3.1415927410125732, 3.1415927410125732, 3.1415927410125732, 3.1415927410125732, 3.1415927410125732, 3.1415927410125732, 0.0, 0.0, 0.0, 0.0, 0.0, 0.0, 0.0, 0.0, 0.0, 0.0, 0.0, 0.0, 0.0, 0.0, 0.0, 0.0, 0.0, 0.0, 0.0, 0.0, 0.0, 0.0, 0.0, 0.0, 3.1415927410125732, 3.1415927410125732, 3.1415927410125732, 3.1415927410125732, 3.1415927410125732, 3.1415927410125732, 3.1415927410125732, 3.1415927410125732, 0.0, 0.0, 0.0, 0.0, 0.0, 0.0, 0.0, 0.0, 0.0, 0.0, 0.0, 0.0, 0.0, 0.0, 0.0, 0.0]"
0.6088365,0.15223686,0.15219523,0.15220979,0.15219462,0.15220913,-9.53539467,-9.53664207,-9.53620815,-9.53666496,"[3.1415927410125732, 3.1415927410125732, 3.1415927410125732, 3.1415927410125732, 3.1415927410125732, 3.1415927410125732, 3.1415927410125732, 3.1415927410125732, 3.1415927410125732, 3.1415927410125732, 3.1415927410125732, 3.1415927410125732, 3.1415927410125732, 3.1415927410125732, 3.1415927410125732, 3.1415927410125732, 3.1415927410125732, 3.1415927410125732, 3.1415927410125732, 3.1415927410125732, 3.1415927410125732, 3.1415927410125732, 3.1415927410125732, 3.1415927410125732, 3.1415927410125732, 3.1415927410125732, 3.1415927410125732, 3.1415927410125732, 3.1415927410125732, 3.1415927410125732, 3.1415927410125732, 3.1415927410125732, 3.1415927410125732, 3.1415927410125732, 3.1415927410125732, 3.1415927410125732, 3.1415927410125732, 3.1415927410125732, 3.1415927410125732, 3.1415927410125732, 3.1415927410125732, 3.1415927410125732, 3.1415927410125732, 3.1415927410125732, 3.1415927410125732, 3.1415927410125732, 3.1415927410125732, 3.1415927410125732, 3.1415927410125732, 3.1415927410125732, 3.1415927410125732, 3.1415927410125732, 3.1415927410125732, 3.1415927410125732, 3.1415927410125732, 3.1415927410125732, 3.1415927410125732, 3.1415927410125732, 3.1415927410125732, 3.1415927410125732, 3.1415927410125732, 3.1415927410125732, 3.1415927410125732, 3.1415927410125732, 3.1415927410125732, 3.1415927410125732, 3.1415927410125732, 3.1415927410125732, 3.1415927410125732, 3.1415927410125732, 3.1415927410125732, 3.1415927410125732, 3.1415927410125732, 3.1415927410125732, 3.1415927410125732, 3.1415927410125732, 3.1415927410125732, 3.1415927410125732, 3.1415927410125732, 3.1415927410125732, 3.1415927410125732, 3.1415927410125732, 3.1415927410125732, 3.1415927410125732, 3.1415927410125732, 3.1415927410125732, 3.1415927410125732, 3.1415927410125732, 3.1415927410125732, 3.1415927410125732, 3.1415927410125732, 3.1415927410125732, 3.1415927410125732, 3.1415927410125732, 3.1415927410125732, 3.1415927410125732, 3.1415927410125732, 3.1415927410125732, 3.1415927410125732, 3.1415927410125732, 3.1415927410125732, 3.1415927410125732, 3.1415927410125732, 3.1415927410125732, 3.1415927410125732, 3.1415927410125732, 3.1415927410125732, 3.1415927410125732, 3.1415927410125732, 3.1415927410125732, 3.1415927410125732, 3.1415927410125732, 3.1415927410125732, 3.1415927410125732, 3.1415927410125732, 3.1415927410125732, 3.1415927410125732, 3.1415927410125732, 3.1415927410125732, 3.1415927410125732, 3.1415927410125732, 3.1415927410125732, 3.1415927410125732, 3.1415927410125732, 3.1415927410125732, 3.1415927410125732, 3.1415927410125732, 3.1415927410125732, 3.1415927410125732, 3.1415927410125732, 3.1415927410125732, 3.1415927410125732, 3.1415927410125732, 3.1415927410125732, 3.1415927410125732, 3.1415927410125732, 3.1415927410125732, 3.1415927410125732, 3.1415927410125732, 3.1415927410125732, 3.1415927410125732, 3.1415927410125732, 3.1415927410125732, 3.1415927410125732, 3.1415927410125732, 3.1415927410125732, 3.1415927410125732, 3.1415927410125732, 3.1415927410125732, 3.1415927410125732, 3.1415927410125732, 3.1415927410125732, 3.1415927410125732, 3.1415927410125732, 3.1415927410125732, 3.1415927410125732, 3.1415927410125732, 3.1415927410125732, 3.1415927410125732, 3.1415927410125732, 3.1415927410125732, 3.1415927410125732, 3.1415927410125732, 3.1415927410125732, 3.1415927410125732, 3.1415927410125732, 3.1415927410125732, 3.1415927410125732, 3.1415927410125732, 3.1415927410125732, 3.1415927410125732, 3.1415927410125732, 3.1415927410125732, 3.1415927410125732, 3.1415927410125732, 3.1415927410125732, 3.1415927410125732, 3.1415927410125732, 3.1415927410125732, 3.1415927410125732, 3.1415927410125732, 3.1415927410125732, 3.1415927410125732, 3.1415927410125732, 3.1415927410125732, 3.1415927410125732, 3.1415927410125732, 3.1415927410125732, 3.1415927410125732, 3.1415927410125732, 3.1415927410125732, 3.1415927410125732, 3.1415927410125732, 3.1415927410125732, 3.1415927410125732, 3.1415927410125732, 3.1415927410125732, 3.1415927410125732, 3.1415927410125732, 3.1415927410125732, 3.1415927410125732, 3.1415927410125732, 3.1415927410125732, 3.1415927410125732, 3.1415927410125732, 3.1415927410125732, 3.1415927410125732, 3.1415927410125732, 3.1415927410125732, 3.1415927410125732, 3.1415927410125732, 3.1415927410125732, 3.1415927410125732, 3.1415927410125732, 3.1415927410125732, 3.1415927410125732, 3.1415927410125732, 3.1415927410125732, 3.1415927410125732, 3.1415927410125732, 3.1415927410125732, 3.1415927410125732, 3.1415927410125732, 3.1415927410125732, 3.1415927410125732, 3.1415927410125732, 3.1415927410125732, 3.1415927410125732, 3.1415927410125732, 3.1415927410125732, 3.1415927410125732, 3.1415927410125732, 3.1415927410125732, 3.1415927410125732, 3.1415927410125732, 3.1415927410125732, 3.1415927410125732, 3.1415927410125732, 3.1415927410125732, 3.1415927410125732, 3.1415927410125732, 3.1415927410125732, 3.1415927410125732, 3.1415927410125732, 3.1415927410125732, 3.1415927410125732, 3.1415927410125732, 3.1415927410125732, 3.1415927410125732, 3.1415927410125732, 3.1415927410125732, 3.1415927410125732, 3.1415927410125732, 3.1415927410125732, 3.1415927410125732, 3.1415927410125732, 0.0, 0.0, 0.0, 0.0, 0.0, 0.0, 0.0, 0.0, 0.0, 0.0, 0.0, 0.0, 0.0, 0.0, 0.0, 0.0, 3.1415927410125732, 3.1415927410125732, 3.1415927410125732, 3.1415927410125732, 3.1415927410125732, 3.1415927410125732, 3.1415927410125732, 3.1415927410125732, 3.1415927410125732, 3.1415927410125732, 3.1415927410125732, 3.1415927410125732, 3.1415927410125732, 3.1415927410125732, 3.1415927410125732, 3.1415927410125732, 0.0, 0.0, 0.0, 0.0, 0.0, 0.0, 0.0, 0.0, 0.0, 0.0, 0.0, 0.0, 0.0, 0.0, 0.0, 0.0, 3.1415927410125732, 3.1415927410125732, 3.1415927410125732, 3.1415927410125732, 3.1415927410125732, 3.1415927410125732, 3.1415927410125732, 3.1415927410125732, 3.1415927410125732, 3.1415927410125732, 3.1415927410125732, 3.1415927410125732, 3.1415927410125732, 3.1415927410125732, 3.1415927410125732, 3.1415927410125732, 0.0, 0.0, 0.0, 0.0, 0.0, 0.0, 0.0, 0.0, 0.0, 0.0, 0.0, 0.0, 0.0, 0.0, 0.0, 0.0, 3.1415927410125732, 3.1415927410125732, 3.1415927410125732, 3.1415927410125732, 3.1415927410125732, 3.1415927410125732, 3.1415927410125732, 3.1415927410125732, 3.1415927410125732, 3.1415927410125732, 3.1415927410125732, 3.1415927410125732, 3.1415927410125732, 3.1415927410125732, 3.1415927410125732, 3.1415927410125732, 0.0, 0.0, 0.0, 0.0, 0.0, 0.0, 0.0, 0.0, 0.0, 0.0, 0.0, 0.0, 0.0, 0.0, 0.0, 0.0, 3.1415927410125732, 3.1415927410125732, 3.1415927410125732, 3.1415927410125732, 3.1415927410125732, 3.1415927410125732, 3.1415927410125732, 3.1415927410125732, 3.1415927410125732, 3.1415927410125732, 3.1415927410125732, 3.1415927410125732, 3.1415927410125732, 3.1415927410125732, 3.1415927410125732, 3.1415927410125732, 0.0, 0.0, 0.0, 0.0, 0.0, 0.0, 0.0, 0.0, 0.0, 0.0, 0.0, 0.0, 0.0, 0.0, 0.0, 0.0, 3.1415927410125732, 3.1415927410125732, 3.1415927410125732, 3.1415927410125732, 3.1415927410125732, 3.1415927410125732, 3.1415927410125732, 3.1415927410125732, 3.1415927410125732, 3.1415927410125732, 3.1415927410125732, 3.1415927410125732, 3.1415927410125732, 3.1415927410125732, 3.1415927410125732, 3.1415927410125732, 0.0, 0.0, 0.0, 0.0, 0.0, 0.0, 0.0, 0.0, 0.0, 0.0, 0.0, 0.0, 0.0, 0.0, 0.0, 0.0, 3.1415927410125732, 3.1415927410125732, 3.1415927410125732, 3.1415927410125732, 3.1415927410125732, 3.1415927410125732, 3.1415927410125732, 3.1415927410125732, 3.1415927410125732, 3.1415927410125732, 3.1415927410125732, 3.1415927410125732, 3.1415927410125732, 3.1415927410125732, 3.1415927410125732, 3.1415927410125732, 0.0, 0.0, 0.0, 0.0, 0.0, 0.0, 0.0, 0.0, 0.0, 0.0, 0.0, 0.0, 0.0, 0.0, 0.0, 0.0, 3.1415927410125732, 3.1415927410125732, 3.1415927410125732, 3.1415927410125732, 3.1415927410125732, 3.1415927410125732, 3.1415927410125732, 3.1415927410125732, 3.1415927410125732, 3.1415927410125732, 3.1415927410125732, 3.1415927410125732, 3.1415927410125732, 3.1415927410125732, 3.1415927410125732, 3.1415927410125732, 0.0, 0.0, 0.0, 0.0, 0.0, 0.0, 0.0, 0.0, 0.0, 0.0, 0.0, 0.0, 0.0, 0.0, 0.0, 0.0, 3.1415927410125732, 3.1415927410125732, 3.1415927410125732, 3.1415927410125732, 3.1415927410125732, 3.1415927410125732, 3.1415927410125732, 3.1415927410125732, 3.1415927410125732, 3.1415927410125732, 3.1415927410125732, 3.1415927410125732, 3.1415927410125732, 3.1415927410125732, 3.1415927410125732, 3.1415927410125732, 0.0, 0.0, 0.0, 0.0, 0.0, 0.0, 0.0, 0.0, 0.0, 0.0, 0.0, 0.0, 0.0, 0.0, 0.0, 0.0, 0.0, 0.0, 0.0, 0.0, 0.0, 0.0, 0.0, 0.0, 0.0, 0.0, 0.0, 0.0, 0.0, 0.0, 0.0, 0.0, 0.0, 0.0, 0.0, 0.0, 0.0, 0.0, 0.0, 0.0, 0.0, 0.0, 0.0, 0.0, 0.0, 0.0, 0.0, 0.0, 0.0, 0.0, 0.0, 0.0, 0.0, 0.0, 0.0, 0.0, 0.0, 0.0, 0.0, 0.0, 0.0, 0.0, 0.0, 0.0, 0.0, 0.0, 0.0, 0.0, 0.0, 0.0, 0.0, 0.0, 0.0, 0.0, 0.0, 0.0, 0.0, 0.0, 0.0, 0.0, 0.0, 0.0, 0.0, 0.0, 0.0, 0.0, 0.0, 0.0, 0.0, 0.0, 0.0, 0.0, 0.0, 0.0, 0.0, 0.0, 0.0, 0.0, 0.0, 0.0, 0.0, 0.0, 0.0, 0.0, 0.0, 0.0, 0.0, 0.0, 0.0, 0.0, 0.0, 0.0, 0.0, 0.0, 0.0, 0.0, 0.0, 0.0, 0.0, 0.0, 0.0, 0.0, 0.0, 0.0, 0.0, 0.0, 0.0, 0.0, 0.0, 0.0, 0.0, 0.0, 0.0, 0.0, 0.0, 0.0, 0.0, 0.0, 0.0, 0.0, 0.0, 0.0, 0.0, 0.0, 0.0, 0.0, 0.0, 0.0, 0.0, 0.0, 0.0, 0.0, 0.0, 0.0, 0.0, 0.0, 0.0, 0.0, 0.0, 0.0, 0.0, 0.0, 0.0, 0.0, 0.0, 0.0, 0.0, 0.0, 0.0, 0.0, 0.0, 0.0, 0.0, 0.0, 0.0, 0.0, 0.0, 0.0, 0.0, 0.0, 0.0, 0.0, 0.0, 0.0, 0.0, 0.0, 0.0, 0.0, 0.0, 0.0, 0.0, 0.0, 0.0, 0.0, 0.0, 0.0, 0.0, 0.0, 0.0, 0.0, 0.0, 0.0, 0.0, 0.0, 0.0, 0.0, 0.0, 0.0, 0.0, 0.0, 0.0, 0.0, 0.0, 0.0, 0.0, 0.0, 0.0, 0.0, 0.0, 0.0, 0.0, 0.0, 0.0, 0.0, 0.0, 0.0, 0.0, 0.0, 0.0, 0.0, 0.0, 0.0, 0.0, 0.0, 0.0, 0.0, 0.0, 0.0, 0.0, 0.0, 0.0, 0.0, 0.0, 0.0, 0.0, 0.0, 0.0, 0.0, 0.0, 0.0, 0.0, 0.0, 0.0, 0.0, 0.0, 0.0, 0.0, 0.0, 0.0, 0.0, 0.0, 0.0, 0.0, 0.0, 3.1415927410125732, 3.1415927410125732, 3.1415927410125732, 3.1415927410125732, 3.1415927410125732, 3.1415927410125732, 3.1415927410125732, 3.1415927410125732, 0.0, 0.0, 0.0, 0.0, 0.0, 0.0, 0.0, 0.0, 0.0, 0.0, 0.0, 0.0, 0.0, 0.0, 0.0, 0.0, 0.0, 0.0, 0.0, 0.0, 0.0, 0.0, 0.0, 0.0, 3.1415927410125732, 3.1415927410125732, 3.1415927410125732, 3.1415927410125732, 3.1415927410125732, 3.1415927410125732, 3.1415927410125732, 3.1415927410125732, 0.0, 0.0, 0.0, 0.0, 0.0, 0.0, 0.0, 0.0, 0.0, 0.0, 0.0, 0.0, 0.0, 0.0, 0.0, 0.0, 0.0, 0.0, 0.0, 0.0, 0.0, 0.0, 0.0, 0.0, 3.1415927410125732, 3.1415927410125732, 3.1415927410125732, 3.1415927410125732, 3.1415927410125732, 3.1415927410125732, 3.1415927410125732, 3.1415927410125732, 0.0, 0.0, 0.0, 0.0, 0.0, 0.0, 0.0, 0.0, 0.0, 0.0, 0.0, 0.0, 0.0, 0.0, 0.0, 0.0, 0.0, 0.0, 0.0, 0.0, 0.0, 0.0, 0.0, 0.0, 3.1415927410125732, 3.1415927410125732, 3.1415927410125732, 3.1415927410125732, 3.1415927410125732, 3.1415927410125732, 3.1415927410125732, 3.1415927410125732, 0.0, 0.0, 0.0, 0.0, 0.0, 0.0, 0.0, 0.0, 0.0, 0.0, 0.0, 0.0, 0.0, 0.0, 0.0, 0.0, 0.0, 0.0, 0.0, 0.0, 0.0, 0.0, 0.0, 0.0, 3.1415927410125732, 3.1415927410125732, 3.1415927410125732, 3.1415927410125732, 3.1415927410125732, 3.1415927410125732, 3.1415927410125732, 3.1415927410125732, 0.0, 0.0, 0.0, 0.0, 0.0, 0.0, 0.0, 0.0, 0.0, 0.0, 0.0, 0.0, 0.0, 0.0, 0.0, 0.0, 0.0, 0.0, 0.0, 0.0, 0.0, 0.0, 0.0, 0.0, 3.1415927410125732, 3.1415927410125732, 3.1415927410125732, 3.1415927410125732, 3.1415927410125732, 3.1415927410125732, 3.1415927410125732, 3.1415927410125732, 0.0, 0.0, 0.0, 0.0, 0.0, 0.0, 0.0, 0.0, 0.0, 0.0, 0.0, 0.0, 0.0, 0.0, 0.0, 0.0, 0.0, 0.0, 0.0, 0.0, 0.0, 0.0, 0.0, 0.0, 3.1415927410125732, 3.1415927410125732, 3.1415927410125732, 3.1415927410125732, 3.1415927410125732, 3.1415927410125732, 3.1415927410125732, 3.1415927410125732, 0.0, 0.0, 0.0, 0.0, 0.0, 0.0, 0.0, 0.0, 0.0, 0.0, 0.0, 0.0, 0.0, 0.0, 0.0, 0.0, 0.0, 0.0, 0.0, 0.0, 0.0, 0.0, 0.0, 0.0, 3.1415927410125732, 3.1415927410125732, 3.1415927410125732, 3.1415927410125732, 3.1415927410125732, 3.1415927410125732, 3.1415927410125732, 3.1415927410125732, 0.0, 0.0, 0.0, 0.0, 0.0, 0.0, 0.0, 0.0, 0.0, 0.0, 0.0, 0.0, 0.0, 0.0, 0.0, 0.0]"
0.6088365,0.15223686,0.15219523,0.15220979,0.15219462,0.15220913,-9.53539467,-9.53664207,-9.53620815,-9.53666496,"[3.1415927410125732, 3.1415927410125732, 3.1415927410125732, 3.1415927410125732, 3.1415927410125732, 3.1415927410125732, 3.1415927410125732, 3.1415927410125732, 3.1415927410125732, 3.1415927410125732, 3.1415927410125732, 3.1415927410125732, 3.1415927410125732, 3.1415927410125732, 3.1415927410125732, 3.1415927410125732, 3.1415927410125732, 3.1415927410125732, 3.1415927410125732, 3.1415927410125732, 3.1415927410125732, 3.1415927410125732, 3.1415927410125732, 3.1415927410125732, 3.1415927410125732, 3.1415927410125732, 3.1415927410125732, 3.1415927410125732, 3.1415927410125732, 3.1415927410125732, 3.1415927410125732, 3.1415927410125732, 3.1415927410125732, 3.1415927410125732, 3.1415927410125732, 3.1415927410125732, 3.1415927410125732, 3.1415927410125732, 3.1415927410125732, 3.1415927410125732, 3.1415927410125732, 3.1415927410125732, 3.1415927410125732, 3.1415927410125732, 3.1415927410125732, 3.1415927410125732, 3.1415927410125732, 3.1415927410125732, 3.1415927410125732, 3.1415927410125732, 3.1415927410125732, 3.1415927410125732, 3.1415927410125732, 3.1415927410125732, 3.1415927410125732, 3.1415927410125732, 3.1415927410125732, 3.1415927410125732, 3.1415927410125732, 3.1415927410125732, 3.1415927410125732, 3.1415927410125732, 3.1415927410125732, 3.1415927410125732, 3.1415927410125732, 3.1415927410125732, 3.1415927410125732, 3.1415927410125732, 3.1415927410125732, 3.1415927410125732, 3.1415927410125732, 3.1415927410125732, 3.1415927410125732, 3.1415927410125732, 3.1415927410125732, 3.1415927410125732, 3.1415927410125732, 3.1415927410125732, 3.1415927410125732, 3.1415927410125732, 3.1415927410125732, 3.1415927410125732, 3.1415927410125732, 3.1415927410125732, 3.1415927410125732, 3.1415927410125732, 3.1415927410125732, 3.1415927410125732, 3.1415927410125732, 3.1415927410125732, 3.1415927410125732, 3.1415927410125732, 3.1415927410125732, 3.1415927410125732, 3.1415927410125732, 3.1415927410125732, 3.1415927410125732, 3.1415927410125732, 3.1415927410125732, 3.1415927410125732, 3.1415927410125732, 3.1415927410125732, 3.1415927410125732, 3.1415927410125732, 3.1415927410125732, 3.1415927410125732, 3.1415927410125732, 3.1415927410125732, 3.1415927410125732, 3.1415927410125732, 3.1415927410125732, 3.1415927410125732, 3.1415927410125732, 3.1415927410125732, 3.1415927410125732, 3.1415927410125732, 3.1415927410125732, 3.1415927410125732, 3.1415927410125732, 3.1415927410125732, 3.1415927410125732, 3.1415927410125732, 3.1415927410125732, 3.1415927410125732, 3.1415927410125732, 3.1415927410125732, 3.1415927410125732, 3.1415927410125732, 3.1415927410125732, 3.1415927410125732, 3.1415927410125732, 3.1415927410125732, 3.1415927410125732, 3.1415927410125732, 3.1415927410125732, 3.1415927410125732, 3.1415927410125732, 3.1415927410125732, 3.1415927410125732, 3.1415927410125732, 3.1415927410125732, 3.1415927410125732, 3.1415927410125732, 3.1415927410125732, 3.1415927410125732, 3.1415927410125732, 3.1415927410125732, 3.1415927410125732, 3.1415927410125732, 3.1415927410125732, 3.1415927410125732, 3.1415927410125732, 3.1415927410125732, 3.1415927410125732, 3.1415927410125732, 3.1415927410125732, 3.1415927410125732, 3.1415927410125732, 3.1415927410125732, 3.1415927410125732, 3.1415927410125732, 3.1415927410125732, 3.1415927410125732, 3.1415927410125732, 3.1415927410125732, 3.1415927410125732, 3.1415927410125732, 3.1415927410125732, 3.1415927410125732, 3.1415927410125732, 3.1415927410125732, 3.1415927410125732, 3.1415927410125732, 3.1415927410125732, 3.1415927410125732, 3.1415927410125732, 3.1415927410125732, 3.1415927410125732, 3.1415927410125732, 3.1415927410125732, 3.1415927410125732, 3.1415927410125732, 3.1415927410125732, 3.1415927410125732, 3.1415927410125732, 3.1415927410125732, 3.1415927410125732, 3.1415927410125732, 3.1415927410125732, 3.1415927410125732, 3.1415927410125732, 3.1415927410125732, 3.1415927410125732, 3.1415927410125732, 3.1415927410125732, 3.1415927410125732, 3.1415927410125732, 3.1415927410125732, 3.1415927410125732, 3.1415927410125732, 3.1415927410125732, 3.1415927410125732, 3.1415927410125732, 3.1415927410125732, 3.1415927410125732, 3.1415927410125732, 3.1415927410125732, 3.1415927410125732, 3.1415927410125732, 3.1415927410125732, 3.1415927410125732, 3.1415927410125732, 3.1415927410125732, 3.1415927410125732, 3.1415927410125732, 3.1415927410125732, 3.1415927410125732, 3.1415927410125732, 3.1415927410125732, 3.1415927410125732, 3.1415927410125732, 3.1415927410125732, 3.1415927410125732, 3.1415927410125732, 3.1415927410125732, 3.1415927410125732, 3.1415927410125732, 3.1415927410125732, 3.1415927410125732, 3.1415927410125732, 3.1415927410125732, 3.1415927410125732, 3.1415927410125732, 3.1415927410125732, 3.1415927410125732, 3.1415927410125732, 3.1415927410125732, 3.1415927410125732, 3.1415927410125732, 3.1415927410125732, 3.1415927410125732, 3.1415927410125732, 3.1415927410125732, 3.1415927410125732, 3.1415927410125732, 3.1415927410125732, 3.1415927410125732, 3.1415927410125732, 3.1415927410125732, 3.1415927410125732, 3.1415927410125732, 3.1415927410125732, 3.1415927410125732, 3.1415927410125732, 3.1415927410125732, 3.1415927410125732, 0.0, 0.0, 0.0, 0.0, 0.0, 0.0, 0.0, 0.0, 0.0, 0.0, 0.0, 0.0, 0.0, 0.0, 0.0, 0.0, 3.1415927410125732, 3.1415927410125732, 3.1415927410125732, 3.1415927410125732, 3.1415927410125732, 3.1415927410125732, 3.1415927410125732, 3.1415927410125732, 3.1415927410125732, 3.1415927410125732, 3.1415927410125732, 3.1415927410125732, 3.1415927410125732, 3.1415927410125732, 3.1415927410125732, 3.1415927410125732, 0.0, 0.0, 0.0, 0.0, 0.0, 0.0, 0.0, 0.0, 0.0, 0.0, 0.0, 0.0, 0.0, 0.0, 0.0, 0.0, 3.1415927410125732, 3.1415927410125732, 3.1415927410125732, 3.1415927410125732, 3.1415927410125732, 3.1415927410125732, 3.1415927410125732, 3.1415927410125732, 3.1415927410125732, 3.1415927410125732, 3.1415927410125732, 3.1415927410125732, 3.1415927410125732, 3.1415927410125732, 3.1415927410125732, 3.1415927410125732, 0.0, 0.0, 0.0, 0.0, 0.0, 0.0, 0.0, 0.0, 0.0, 0.0, 0.0, 0.0, 0.0, 0.0, 0.0, 0.0, 3.1415927410125732, 3.1415927410125732, 3.1415927410125732, 3.1415927410125732, 3.1415927410125732, 3.1415927410125732, 3.1415927410125732, 3.1415927410125732, 3.1415927410125732, 3.1415927410125732, 3.1415927410125732, 3.1415927410125732, 3.1415927410125732, 3.1415927410125732, 3.1415927410125732, 3.1415927410125732, 0.0, 0.0, 0.0, 0.0, 0.0, 0.0, 0.0, 0.0, 0.0, 0.0, 0.0, 0.0, 0.0, 0.0, 0.0, 0.0, 3.1415927410125732, 3.1415927410125732, 3.1415927410125732, 3.1415927410125732, 3.1415927410125732, 3.1415927410125732, 3.1415927410125732, 3.1415927410125732, 3.1415927410125732, 3.1415927410125732, 3.1415927410125732, 3.1415927410125732, 3.1415927410125732, 3.1415927410125732, 3.1415927410125732, 3.1415927410125732, 0.0, 0.0, 0.0, 0.0, 0.0, 0.0, 0.0, 0.0, 0.0, 0.0, 0.0, 0.0, 0.0, 0.0, 0.0, 0.0, 3.1415927410125732, 3.1415927410125732, 3.1415927410125732, 3.1415927410125732, 3.1415927410125732, 3.1415927410125732, 3.1415927410125732, 3.1415927410125732, 3.1415927410125732, 3.1415927410125732, 3.1415927410125732, 3.1415927410125732, 3.1415927410125732, 3.1415927410125732, 3.1415927410125732, 3.1415927410125732, 0.0, 0.0, 0.0, 0.0, 0.0, 0.0, 0.0, 0.0, 0.0, 0.0, 0.0, 0.0, 0.0, 0.0, 0.0, 0.0, 3.1415927410125732, 3.1415927410125732, 3.1415927410125732, 3.1415927410125732, 3.1415927410125732, 3.1415927410125732, 3.1415927410125732, 3.1415927410125732, 3.1415927410125732, 3.1415927410125732, 3.1415927410125732, 3.1415927410125732, 3.1415927410125732, 3.1415927410125732, 3.1415927410125732, 3.1415927410125732, 0.0, 0.0, 0.0, 0.0, 0.0, 0.0, 0.0, 0.0, 0.0, 0.0, 0.0, 0.0, 0.0, 0.0, 0.0, 0.0, 3.1415927410125732, 3.1415927410125732, 3.1415927410125732, 3.1415927410125732, 3.1415927410125732, 3.1415927410125732, 3.1415927410125732, 3.1415927410125732, 3.1415927410125732, 3.1415927410125732, 3.1415927410125732, 3.1415927410125732, 3.1415927410125732, 3.1415927410125732, 3.1415927410125732, 3.1415927410125732, 0.0, 0.0, 0.0, 0.0, 0.0, 0.0, 0.0, 0.0, 0.0, 0.0, 0.0, 0.0, 0.0, 0.0, 0.0, 0.0, 3.1415927410125732, 3.1415927410125732, 3.1415927410125732, 3.1415927410125732, 3.1415927410125732, 3.1415927410125732, 3.1415927410125732, 3.1415927410125732, 3.1415927410125732, 3.1415927410125732, 3.1415927410125732, 3.1415927410125732, 3.1415927410125732, 3.1415927410125732, 3.1415927410125732, 3.1415927410125732, 0.0, 0.0, 0.0, 0.0, 0.0, 0.0, 0.0, 0.0, 0.0, 0.0, 0.0, 0.0, 0.0, 0.0, 0.0, 0.0, 0.0, 0.0, 0.0, 0.0, 0.0, 0.0, 0.0, 0.0, 0.0, 0.0, 0.0, 0.0, 0.0, 0.0, 0.0, 0.0, 0.0, 0.0, 0.0, 0.0, 0.0, 0.0, 0.0, 0.0, 0.0, 0.0, 0.0, 0.0, 0.0, 0.0, 0.0, 0.0, 0.0, 0.0, 0.0, 0.0, 0.0, 0.0, 0.0, 0.0, 0.0, 0.0, 0.0, 0.0, 0.0, 0.0, 0.0, 0.0, 0.0, 0.0, 0.0, 0.0, 0.0, 0.0, 0.0, 0.0, 0.0, 0.0, 0.0, 0.0, 0.0, 0.0, 0.0, 0.0, 0.0, 0.0, 0.0, 0.0, 0.0, 0.0, 0.0, 0.0, 0.0, 0.0, 0.0, 0.0, 0.0, 0.0, 0.0, 0.0, 0.0, 0.0, 0.0, 0.0, 0.0, 0.0, 0.0, 0.0, 0.0, 0.0, 0.0, 0.0, 0.0, 0.0, 0.0, 0.0, 0.0, 0.0, 0.0, 0.0, 0.0, 0.0, 0.0, 0.0, 0.0, 0.0, 0.0, 0.0, 0.0, 0.0, 0.0, 0.0, 0.0, 0.0, 0.0, 0.0, 0.0, 0.0, 0.0, 0.0, 0.0, 0.0, 0.0, 0.0, 0.0, 0.0, 0.0, 0.0, 0.0, 0.0, 0.0, 0.0, 0.0, 0.0, 0.0, 0.0, 0.0, 0.0, 0.0, 0.0, 0.0, 0.0, 0.0, 0.0, 0.0, 0.0, 0.0, 0.0, 0.0, 0.0, 0.0, 0.0, 0.0, 0.0, 0.0, 0.0, 0.0, 0.0, 0.0, 0.0, 0.0, 0.0, 0.0, 0.0, 0.0, 0.0, 0.0, 0.0, 0.0, 0.0, 0.0, 0.0, 0.0, 0.0, 0.0, 0.0, 0.0, 0.0, 0.0, 0.0, 0.0, 0.0, 0.0, 0.0, 0.0, 0.0, 0.0, 0.0, 0.0, 0.0, 0.0, 0.0, 0.0, 0.0, 0.0, 0.0, 0.0, 0.0, 0.0, 0.0, 0.0, 0.0, 0.0, 0.0, 0.0, 0.0, 0.0, 0.0, 0.0, 0.0, 0.0, 0.0, 0.0, 0.0, 0.0, 0.0, 0.0, 0.0, 0.0, 0.0, 0.0, 0.0, 0.0, 0.0, 0.0, 0.0, 0.0, 0.0, 0.0, 0.0, 0.0, 0.0, 0.0, 0.0, 0.0, 0.0, 0.0, 0.0, 0.0, 0.0, 0.0, 0.0, 0.0, 0.0, 0.0, 0.0, 0.0, 0.0, 3.1415927410125732, 3.1415927410125732, 3.1415927410125732, 3.1415927410125732, 3.1415927410125732, 3.1415927410125732, 3.1415927410125732, 3.1415927410125732, 0.0, 0.0, 0.0, 0.0, 0.0, 0.0, 0.0, 0.0, 0.0, 0.0, 0.0, 0.0, 0.0, 0.0, 0.0, 0.0, 0.0, 0.0, 0.0, 0.0, 0.0, 0.0, 0.0, 0.0, 3.1415927410125732, 3.1415927410125732, 3.1415927410125732, 3.1415927410125732, 3.1415927410125732, 3.1415927410125732, 3.1415927410125732, 3.1415927410125732, 0.0, 0.0, 0.0, 0.0, 0.0, 0.0, 0.0, 0.0, 0.0, 0.0, 0.0, 0.0, 0.0, 0.0, 0.0, 0.0, 0.0, 0.0, 0.0, 0.0, 0.0, 0.0, 0.0, 0.0, 3.1415927410125732, 3.1415927410125732, 3.1415927410125732, 3.1415927410125732, 3.1415927410125732, 3.1415927410125732, 3.1415927410125732, 3.1415927410125732, 0.0, 0.0, 0.0, 0.0, 0.0, 0.0, 0.0, 0.0, 0.0, 0.0, 0.0, 0.0, 0.0, 0.0, 0.0, 0.0, 0.0, 0.0, 0.0, 0.0, 0.0, 0.0, 0.0, 0.0, 3.1415927410125732, 3.1415927410125732, 3.1415927410125732, 3.1415927410125732, 3.1415927410125732, 3.1415927410125732, 3.1415927410125732, 3.1415927410125732, 0.0, 0.0, 0.0, 0.0, 0.0, 0.0, 0.0, 0.0, 0.0, 0.0, 0.0, 0.0, 0.0, 0.0, 0.0, 0.0, 0.0, 0.0, 0.0, 0.0, 0.0, 0.0, 0.0, 0.0, 3.1415927410125732, 3.1415927410125732, 3.1415927410125732, 3.1415927410125732, 3.1415927410125732, 3.1415927410125732, 3.1415927410125732, 3.1415927410125732, 0.0, 0.0, 0.0, 0.0, 0.0, 0.0, 0.0, 0.0, 0.0, 0.0, 0.0, 0.0, 0.0, 0.0, 0.0, 0.0, 0.0, 0.0, 0.0, 0.0, 0.0, 0.0, 0.0, 0.0, 3.1415927410125732, 3.1415927410125732, 3.1415927410125732, 3.1415927410125732, 3.1415927410125732, 3.1415927410125732, 3.1415927410125732, 3.1415927410125732, 0.0, 0.0, 0.0, 0.0, 0.0, 0.0, 0.0, 0.0, 0.0, 0.0, 0.0, 0.0, 0.0, 0.0, 0.0, 0.0, 0.0, 0.0, 0.0, 0.0, 0.0, 0.0, 0.0, 0.0, 3.1415927410125732, 3.1415927410125732, 3.1415927410125732, 3.1415927410125732, 3.1415927410125732, 3.1415927410125732, 3.1415927410125732, 3.1415927410125732, 0.0, 0.0, 0.0, 0.0, 0.0, 0.0, 0.0, 0.0, 0.0, 0.0, 0.0, 0.0, 0.0, 0.0, 0.0, 0.0, 0.0, 0.0, 0.0, 0.0, 0.0, 0.0, 0.0, 0.0, 3.1415927410125732, 3.1415927410125732, 3.1415927410125732, 3.1415927410125732, 3.1415927410125732, 3.1415927410125732, 3.1415927410125732, 3.1415927410125732, 0.0, 0.0, 0.0, 0.0, 0.0, 0.0, 0.0, 0.0, 0.0, 0.0, 0.0, 0.0, 0.0, 0.0, 0.0, 0.0]"
0.6088365,0.15223686,0.15219523,0.15220979,0.15219462,0.15220913,-9.53539467,-9.53664207,-9.53620815,-9.53666496,"[3.1415927410125732, 3.1415927410125732, 3.1415927410125732, 3.1415927410125732, 3.1415927410125732, 3.1415927410125732, 3.1415927410125732, 3.1415927410125732, 3.1415927410125732, 3.1415927410125732, 3.1415927410125732, 3.1415927410125732, 3.1415927410125732, 3.1415927410125732, 3.1415927410125732, 3.1415927410125732, 3.1415927410125732, 3.1415927410125732, 3.1415927410125732, 3.1415927410125732, 3.1415927410125732, 3.1415927410125732, 3.1415927410125732, 3.1415927410125732, 3.1415927410125732, 3.1415927410125732, 3.1415927410125732, 3.1415927410125732, 3.1415927410125732, 3.1415927410125732, 3.1415927410125732, 3.1415927410125732, 3.1415927410125732, 3.1415927410125732, 3.1415927410125732, 3.1415927410125732, 3.1415927410125732, 3.1415927410125732, 3.1415927410125732, 3.1415927410125732, 3.1415927410125732, 3.1415927410125732, 3.1415927410125732, 3.1415927410125732, 3.1415927410125732, 3.1415927410125732, 3.1415927410125732, 3.1415927410125732, 3.1415927410125732, 3.1415927410125732, 3.1415927410125732, 3.1415927410125732, 3.1415927410125732, 3.1415927410125732, 3.1415927410125732, 3.1415927410125732, 3.1415927410125732, 3.1415927410125732, 3.1415927410125732, 3.1415927410125732, 3.1415927410125732, 3.1415927410125732, 3.1415927410125732, 3.1415927410125732, 3.1415927410125732, 3.1415927410125732, 3.1415927410125732, 3.1415927410125732, 3.1415927410125732, 3.1415927410125732, 3.1415927410125732, 3.1415927410125732, 3.1415927410125732, 3.1415927410125732, 3.1415927410125732, 3.1415927410125732, 3.1415927410125732, 3.1415927410125732, 3.1415927410125732, 3.1415927410125732, 3.1415927410125732, 3.1415927410125732, 3.1415927410125732, 3.1415927410125732, 3.1415927410125732, 3.1415927410125732, 3.1415927410125732, 3.1415927410125732, 3.1415927410125732, 3.1415927410125732, 3.1415927410125732, 3.1415927410125732, 3.1415927410125732, 3.1415927410125732, 3.1415927410125732, 3.1415927410125732, 3.1415927410125732, 3.1415927410125732, 3.1415927410125732, 3.1415927410125732, 3.1415927410125732, 3.1415927410125732, 3.1415927410125732, 3.1415927410125732, 3.1415927410125732, 3.1415927410125732, 3.1415927410125732, 3.1415927410125732, 3.1415927410125732, 3.1415927410125732, 3.1415927410125732, 3.1415927410125732, 3.1415927410125732, 3.1415927410125732, 3.1415927410125732, 3.1415927410125732, 3.1415927410125732, 3.1415927410125732, 3.1415927410125732, 3.1415927410125732, 3.1415927410125732, 3.1415927410125732, 3.1415927410125732, 3.1415927410125732, 3.1415927410125732, 3.1415927410125732, 3.1415927410125732, 3.1415927410125732, 3.1415927410125732, 3.1415927410125732, 3.1415927410125732, 3.1415927410125732, 3.1415927410125732, 3.1415927410125732, 3.1415927410125732, 3.1415927410125732, 3.1415927410125732, 3.1415927410125732, 3.1415927410125732, 3.1415927410125732, 3.1415927410125732, 3.1415927410125732, 3.1415927410125732, 3.1415927410125732, 3.1415927410125732, 3.1415927410125732, 3.1415927410125732, 3.1415927410125732, 3.1415927410125732, 3.1415927410125732, 3.1415927410125732, 3.1415927410125732, 3.1415927410125732, 3.1415927410125732, 3.1415927410125732, 3.1415927410125732, 3.1415927410125732, 3.1415927410125732, 3.1415927410125732, 3.1415927410125732, 3.1415927410125732, 3.1415927410125732, 3.1415927410125732, 3.1415927410125732, 3.1415927410125732, 3.1415927410125732, 3.1415927410125732, 3.1415927410125732, 3.1415927410125732, 3.1415927410125732, 3.1415927410125732, 3.1415927410125732, 3.1415927410125732, 3.1415927410125732, 3.1415927410125732, 3.1415927410125732, 3.1415927410125732, 3.1415927410125732, 3.1415927410125732, 3.1415927410125732, 3.1415927410125732, 3.1415927410125732, 3.1415927410125732, 3.1415927410125732, 3.1415927410125732, 3.1415927410125732, 3.1415927410125732, 3.1415927410125732, 3.1415927410125732, 3.1415927410125732, 3.1415927410125732, 3.1415927410125732, 3.1415927410125732, 3.1415927410125732, 3.1415927410125732, 3.1415927410125732, 3.1415927410125732, 3.1415927410125732, 3.1415927410125732, 3.1415927410125732, 3.1415927410125732, 3.1415927410125732, 3.1415927410125732, 3.1415927410125732, 3.1415927410125732, 3.1415927410125732, 3.1415927410125732, 3.1415927410125732, 3.1415927410125732, 3.1415927410125732, 3.1415927410125732, 3.1415927410125732, 3.1415927410125732, 3.1415927410125732, 3.1415927410125732, 3.1415927410125732, 3.1415927410125732, 3.1415927410125732, 3.1415927410125732, 3.1415927410125732, 3.1415927410125732, 3.1415927410125732, 3.1415927410125732, 3.1415927410125732, 3.1415927410125732, 3.1415927410125732, 3.1415927410125732, 3.1415927410125732, 3.1415927410125732, 3.1415927410125732, 3.1415927410125732, 3.1415927410125732, 3.1415927410125732, 3.1415927410125732, 3.1415927410125732, 3.1415927410125732, 3.1415927410125732, 3.1415927410125732, 3.1415927410125732, 3.1415927410125732, 3.1415927410125732, 3.1415927410125732, 3.1415927410125732, 3.1415927410125732, 3.1415927410125732, 3.1415927410125732, 3.1415927410125732, 3.1415927410125732, 3.1415927410125732, 3.1415927410125732, 3.1415927410125732, 3.1415927410125732, 3.1415927410125732, 3.1415927410125732, 3.1415927410125732, 3.1415927410125732, 0.0, 0.0, 0.0, 0.0, 0.0, 0.0, 0.0, 0.0, 0.0, 0.0, 0.0, 0.0, 0.0, 0.0, 0.0, 0.0, 3.1415927410125732, 3.1415927410125732, 3.1415927410125732, 3.1415927410125732, 3.1415927410125732, 3.1415927410125732, 3.1415927410125732, 3.1415927410125732, 3.1415927410125732, 3.1415927410125732, 3.1415927410125732, 3.1415927410125732, 3.1415927410125732, 3.1415927410125732, 3.1415927410125732, 3.1415927410125732, 0.0, 0.0, 0.0, 0.0, 0.0, 0.0, 0.0, 0.0, 0.0, 0.0, 0.0, 0.0, 0.0, 0.0, 0.0, 0.0, 3.1415927410125732, 3.1415927410125732, 3.1415927410125732, 3.1415927410125732, 3.1415927410125732, 3.1415927410125732, 3.1415927410125732, 3.1415927410125732, 3.1415927410125732, 3.1415927410125732, 3.1415927410125732, 3.1415927410125732, 3.1415927410125732, 3.1415927410125732, 3.1415927410125732, 3.1415927410125732, 0.0, 0.0, 0.0, 0.0, 0.0, 0.0, 0.0, 0.0, 0.0, 0.0, 0.0, 0.0, 0.0, 0.0, 0.0, 0.0, 3.1415927410125732, 3.1415927410125732, 3.1415927410125732, 3.1415927410125732, 3.1415927410125732, 3.1415927410125732, 3.1415927410125732, 3.1415927410125732, 3.1415927410125732, 3.1415927410125732, 3.1415927410125732, 3.1415927410125732, 3.1415927410125732, 3.1415927410125732, 3.1415927410125732, 3.1415927410125732, 0.0, 0.0, 0.0, 0.0, 0.0, 0.0, 0.0, 0.0, 0.0, 0.0, 0.0, 0.0, 0.0, 0.0, 0.0, 0.0, 3.1415927410125732, 3.1415927410125732, 3.1415927410125732, 3.1415927410125732, 3.1415927410125732, 3.1415927410125732, 3.1415927410125732, 3.1415927410125732, 3.1415927410125732, 3.1415927410125732, 3.1415927410125732, 3.1415927410125732, 3.1415927410125732, 3.1415927410125732, 3.1415927410125732, 3.1415927410125732, 0.0, 0.0, 0.0, 0.0, 0.0, 0.0, 0.0, 0.0, 0.0, 0.0, 0.0, 0.0, 0.0, 0.0, 0.0, 0.0, 3.1415927410125732, 3.1415927410125732, 3.1415927410125732, 3.1415927410125732, 3.1415927410125732, 3.1415927410125732, 3.1415927410125732, 3.1415927410125732, 3.1415927410125732, 3.1415927410125732, 3.1415927410125732, 3.1415927410125732, 3.1415927410125732, 3.1415927410125732, 3.1415927410125732, 3.1415927410125732, 0.0, 0.0, 0.0, 0.0, 0.0, 0.0, 0.0, 0.0, 0.0, 0.0, 0.0, 0.0, 0.0, 0.0, 0.0, 0.0, 3.1415927410125732, 3.1415927410125732, 3.1415927410125732, 3.1415927410125732, 3.1415927410125732, 3.1415927410125732, 3.1415927410125732, 3.1415927410125732, 3.1415927410125732, 3.1415927410125732, 3.1415927410125732, 3.1415927410125732, 3.1415927410125732, 3.1415927410125732, 3.1415927410125732, 3.1415927410125732, 0.0, 0.0, 0.0, 0.0, 0.0, 0.0, 0.0, 0.0, 0.0, 0.0, 0.0, 0.0, 0.0, 0.0, 0.0, 0.0, 3.1415927410125732, 3.1415927410125732, 3.1415927410125732, 3.1415927410125732, 3.1415927410125732, 3.1415927410125732, 3.1415927410125732, 3.1415927410125732, 3.1415927410125732, 3.1415927410125732, 3.1415927410125732, 3.1415927410125732, 3.1415927410125732, 3.1415927410125732, 3.1415927410125732, 3.1415927410125732, 0.0, 0.0, 0.0, 0.0, 0.0, 0.0, 0.0, 0.0, 0.0, 0.0, 0.0, 0.0, 0.0, 0.0, 0.0, 0.0, 3.1415927410125732, 3.1415927410125732, 3.1415927410125732, 3.1415927410125732, 3.1415927410125732, 3.1415927410125732, 3.1415927410125732, 3.1415927410125732, 3.1415927410125732, 3.1415927410125732, 3.1415927410125732, 3.1415927410125732, 3.1415927410125732, 3.1415927410125732, 3.1415927410125732, 3.1415927410125732, 0.0, 0.0, 0.0, 0.0, 0.0, 0.0, 0.0, 0.0, 0.0, 0.0, 0.0, 0.0, 0.0, 0.0, 0.0, 0.0, 0.0, 0.0, 0.0, 0.0, 0.0, 0.0, 0.0, 0.0, 0.0, 0.0, 0.0, 0.0, 0.0, 0.0, 0.0, 0.0, 0.0, 0.0, 0.0, 0.0, 0.0, 0.0, 0.0, 0.0, 0.0, 0.0, 0.0, 0.0, 0.0, 0.0, 0.0, 0.0, 0.0, 0.0, 0.0, 0.0, 0.0, 0.0, 0.0, 0.0, 0.0, 0.0, 0.0, 0.0, 0.0, 0.0, 0.0, 0.0, 0.0, 0.0, 0.0, 0.0, 0.0, 0.0, 0.0, 0.0, 0.0, 0.0, 0.0, 0.0, 0.0, 0.0, 0.0, 0.0, 0.0, 0.0, 0.0, 0.0, 0.0, 0.0, 0.0, 0.0, 0.0, 0.0, 0.0, 0.0, 0.0, 0.0, 0.0, 0.0, 0.0, 0.0, 0.0, 0.0, 0.0, 0.0, 0.0, 0.0, 0.0, 0.0, 0.0, 0.0, 0.0, 0.0, 0.0, 0.0, 0.0, 0.0, 0.0, 0.0, 0.0, 0.0, 0.0, 0.0, 0.0, 0.0, 0.0, 0.0, 0.0, 0.0, 0.0, 0.0, 0.0, 0.0, 0.0, 0.0, 0.0, 0.0, 0.0, 0.0, 0.0, 0.0, 0.0, 0.0, 0.0, 0.0, 0.0, 0.0, 0.0, 0.0, 0.0, 0.0, 0.0, 0.0, 0.0, 0.0, 0.0, 0.0, 0.0, 0.0, 0.0, 0.0, 0.0, 0.0, 0.0, 0.0, 0.0, 0.0, 0.0, 0.0, 0.0, 0.0, 0.0, 0.0, 0.0, 0.0, 0.0, 0.0, 0.0, 0.0, 0.0, 0.0, 0.0, 0.0, 0.0, 0.0, 0.0, 0.0, 0.0, 0.0, 0.0, 0.0, 0.0, 0.0, 0.0, 0.0, 0.0, 0.0, 0.0, 0.0, 0.0, 0.0, 0.0, 0.0, 0.0, 0.0, 0.0, 0.0, 0.0, 0.0, 0.0, 0.0, 0.0, 0.0, 0.0, 0.0, 0.0, 0.0, 0.0, 0.0, 0.0, 0.0, 0.0, 0.0, 0.0, 0.0, 0.0, 0.0, 0.0, 0.0, 0.0, 0.0, 0.0, 0.0, 0.0, 0.0, 0.0, 0.0, 0.0, 0.0, 0.0, 0.0, 0.0, 0.0, 0.0, 0.0, 0.0, 0.0, 0.0, 0.0, 0.0, 0.0, 0.0, 0.0, 0.0, 0.0, 0.0, 0.0, 0.0, 0.0, 0.0, 0.0, 0.0, 0.0, 0.0, 0.0, 0.0, 0.0, 3.1415927410125732, 3.1415927410125732, 3.1415927410125732, 3.1415927410125732, 3.1415927410125732, 3.1415927410125732, 3.1415927410125732, 3.1415927410125732, 0.0, 0.0, 0.0, 0.0, 0.0, 0.0, 0.0, 0.0, 0.0, 0.0, 0.0, 0.0, 0.0, 0.0, 0.0, 0.0, 0.0, 0.0, 0.0, 0.0, 0.0, 0.0, 0.0, 0.0, 3.1415927410125732, 3.1415927410125732, 3.1415927410125732, 3.1415927410125732, 3.1415927410125732, 3.1415927410125732, 3.1415927410125732, 3.1415927410125732, 0.0, 0.0, 0.0, 0.0, 0.0, 0.0, 0.0, 0.0, 0.0, 0.0, 0.0, 0.0, 0.0, 0.0, 0.0, 0.0, 0.0, 0.0, 0.0, 0.0, 0.0, 0.0, 0.0, 0.0, 3.1415927410125732, 3.1415927410125732, 3.1415927410125732, 3.1415927410125732, 3.1415927410125732, 3.1415927410125732, 3.1415927410125732, 3.1415927410125732, 0.0, 0.0, 0.0, 0.0, 0.0, 0.0, 0.0, 0.0, 0.0, 0.0, 0.0, 0.0, 0.0, 0.0, 0.0, 0.0, 0.0, 0.0, 0.0, 0.0, 0.0, 0.0, 0.0, 0.0, 3.1415927410125732, 3.1415927410125732, 3.1415927410125732, 3.1415927410125732, 3.1415927410125732, 3.1415927410125732, 3.1415927410125732, 3.1415927410125732, 0.0, 0.0, 0.0, 0.0, 0.0, 0.0, 0.0, 0.0, 0.0, 0.0, 0.0, 0.0, 0.0, 0.0, 0.0, 0.0, 0.0, 0.0, 0.0, 0.0, 0.0, 0.0, 0.0, 0.0, 3.1415927410125732, 3.1415927410125732, 3.1415927410125732, 3.1415927410125732, 3.1415927410125732, 3.1415927410125732, 3.1415927410125732, 3.1415927410125732, 0.0, 0.0, 0.0, 0.0, 0.0, 0.0, 0.0, 0.0, 0.0, 0.0, 0.0, 0.0, 0.0, 0.0, 0.0, 0.0, 0.0, 0.0, 0.0, 0.0, 0.0, 0.0, 0.0, 0.0, 3.1415927410125732, 3.1415927410125732, 3.1415927410125732, 3.1415927410125732, 3.1415927410125732, 3.1415927410125732, 3.1415927410125732, 3.1415927410125732, 0.0, 0.0, 0.0, 0.0, 0.0, 0.0, 0.0, 0.0, 0.0, 0.0, 0.0, 0.0, 0.0, 0.0, 0.0, 0.0, 0.0, 0.0, 0.0, 0.0, 0.0, 0.0, 0.0, 0.0, 3.1415927410125732, 3.1415927410125732, 3.1415927410125732, 3.1415927410125732, 3.1415927410125732, 3.1415927410125732, 3.1415927410125732, 3.1415927410125732, 0.0, 0.0, 0.0, 0.0, 0.0, 0.0, 0.0, 0.0, 0.0, 0.0, 0.0, 0.0, 0.0, 0.0, 0.0, 0.0, 0.0, 0.0, 0.0, 0.0, 0.0, 0.0, 0.0, 0.0, 3.1415927410125732, 3.1415927410125732, 3.1415927410125732, 3.1415927410125732, 3.1415927410125732, 3.1415927410125732, 3.1415927410125732, 3.1415927410125732, 0.0, 0.0, 0.0, 0.0, 0.0, 0.0, 0.0, 0.0, 0.0, 0.0, 0.0, 0.0, 0.0, 0.0, 0.0, 0.0]"
0.6088365,0.15223686,0.15219523,0.15220979,0.15219462,0.15220913,-9.53539467,-9.53664207,-9.53620815,-9.53666496,"[3.1415927410125732, 3.1415927410125732, 3.1415927410125732, 3.1415927410125732, 3.1415927410125732, 3.1415927410125732, 3.1415927410125732, 3.1415927410125732, 3.1415927410125732, 3.1415927410125732, 3.1415927410125732, 3.1415927410125732, 3.1415927410125732, 3.1415927410125732, 3.1415927410125732, 3.1415927410125732, 3.1415927410125732, 3.1415927410125732, 3.1415927410125732, 3.1415927410125732, 3.1415927410125732, 3.1415927410125732, 3.1415927410125732, 3.1415927410125732, 3.1415927410125732, 3.1415927410125732, 3.1415927410125732, 3.1415927410125732, 3.1415927410125732, 3.1415927410125732, 3.1415927410125732, 3.1415927410125732, 3.1415927410125732, 3.1415927410125732, 3.1415927410125732, 3.1415927410125732, 3.1415927410125732, 3.1415927410125732, 3.1415927410125732, 3.1415927410125732, 3.1415927410125732, 3.1415927410125732, 3.1415927410125732, 3.1415927410125732, 3.1415927410125732, 3.1415927410125732, 3.1415927410125732, 3.1415927410125732, 3.1415927410125732, 3.1415927410125732, 3.1415927410125732, 3.1415927410125732, 3.1415927410125732, 3.1415927410125732, 3.1415927410125732, 3.1415927410125732, 3.1415927410125732, 3.1415927410125732, 3.1415927410125732, 3.1415927410125732, 3.1415927410125732, 3.1415927410125732, 3.1415927410125732, 3.1415927410125732, 3.1415927410125732, 3.1415927410125732, 3.1415927410125732, 3.1415927410125732, 3.1415927410125732, 3.1415927410125732, 3.1415927410125732, 3.1415927410125732, 3.1415927410125732, 3.1415927410125732, 3.1415927410125732, 3.1415927410125732, 3.1415927410125732, 3.1415927410125732, 3.1415927410125732, 3.1415927410125732, 3.1415927410125732, 3.1415927410125732, 3.1415927410125732, 3.1415927410125732, 3.1415927410125732, 3.1415927410125732, 3.1415927410125732, 3.1415927410125732, 3.1415927410125732, 3.1415927410125732, 3.1415927410125732, 3.1415927410125732, 3.1415927410125732, 3.1415927410125732, 3.1415927410125732, 3.1415927410125732, 3.1415927410125732, 3.1415927410125732, 3.1415927410125732, 3.1415927410125732, 3.1415927410125732, 3.1415927410125732, 3.1415927410125732, 3.1415927410125732, 3.1415927410125732, 3.1415927410125732, 3.1415927410125732, 3.1415927410125732, 3.1415927410125732, 3.1415927410125732, 3.1415927410125732, 3.1415927410125732, 3.1415927410125732, 3.1415927410125732, 3.1415927410125732, 3.1415927410125732, 3.1415927410125732, 3.1415927410125732, 3.1415927410125732, 3.1415927410125732, 3.1415927410125732, 3.1415927410125732, 3.1415927410125732, 3.1415927410125732, 3.1415927410125732, 3.1415927410125732, 3.1415927410125732, 3.1415927410125732, 3.1415927410125732, 3.1415927410125732, 3.1415927410125732, 3.1415927410125732, 3.1415927410125732, 3.1415927410125732, 3.1415927410125732, 3.1415927410125732, 3.1415927410125732, 3.1415927410125732, 3.1415927410125732, 3.1415927410125732, 3.1415927410125732, 3.1415927410125732, 3.1415927410125732, 3.1415927410125732, 3.1415927410125732, 3.1415927410125732, 3.1415927410125732, 3.1415927410125732, 3.1415927410125732, 3.1415927410125732, 3.1415927410125732, 3.1415927410125732, 3.1415927410125732, 3.1415927410125732, 3.1415927410125732, 3.1415927410125732, 3.1415927410125732, 3.1415927410125732, 3.1415927410125732, 3.1415927410125732, 3.1415927410125732, 3.1415927410125732, 3.1415927410125732, 3.1415927410125732, 3.1415927410125732, 3.1415927410125732, 3.1415927410125732, 3.1415927410125732, 3.1415927410125732, 3.1415927410125732, 3.1415927410125732, 3.1415927410125732, 3.1415927410125732, 3.1415927410125732, 3.1415927410125732, 3.1415927410125732, 3.1415927410125732, 3.1415927410125732, 3.1415927410125732, 3.1415927410125732, 3.1415927410125732, 3.1415927410125732, 3.1415927410125732, 3.1415927410125732, 3.1415927410125732, 3.1415927410125732, 3.1415927410125732, 3.1415927410125732, 3.1415927410125732, 3.1415927410125732, 3.1415927410125732, 3.1415927410125732, 3.1415927410125732, 3.1415927410125732, 3.1415927410125732, 3.1415927410125732, 3.1415927410125732, 3.1415927410125732, 3.1415927410125732, 3.1415927410125732, 3.1415927410125732, 3.1415927410125732, 3.1415927410125732, 3.1415927410125732, 3.1415927410125732, 3.1415927410125732, 3.1415927410125732, 3.1415927410125732, 3.1415927410125732, 3.1415927410125732, 3.1415927410125732, 3.1415927410125732, 3.1415927410125732, 3.1415927410125732, 3.1415927410125732, 3.1415927410125732, 3.1415927410125732, 3.1415927410125732, 3.1415927410125732, 3.1415927410125732, 3.1415927410125732, 3.1415927410125732, 3.1415927410125732, 3.1415927410125732, 3.1415927410125732, 3.1415927410125732, 3.1415927410125732, 3.1415927410125732, 3.1415927410125732, 3.1415927410125732, 3.1415927410125732, 3.1415927410125732, 3.1415927410125732, 3.1415927410125732, 3.1415927410125732, 3.1415927410125732, 3.1415927410125732, 3.1415927410125732, 3.1415927410125732, 3.1415927410125732, 3.1415927410125732, 3.1415927410125732, 3.1415927410125732, 3.1415927410125732, 3.1415927410125732, 3.1415927410125732, 3.1415927410125732, 3.1415927410125732, 3.1415927410125732, 3.1415927410125732, 3.1415927410125732, 3.1415927410125732, 3.1415927410125732, 3.1415927410125732, 3.1415927410125732, 3.1415927410125732, 0.0, 0.0, 0.0, 0.0, 0.0, 0.0, 0.0, 0.0, 0.0, 0.0, 0.0, 0.0, 0.0, 0.0, 0.0, 0.0, 3.1415927410125732, 3.1415927410125732, 3.1415927410125732, 3.1415927410125732, 3.1415927410125732, 3.1415927410125732, 3.1415927410125732, 3.1415927410125732, 3.1415927410125732, 3.1415927410125732, 3.1415927410125732, 3.1415927410125732, 3.1415927410125732, 3.1415927410125732, 3.1415927410125732, 3.1415927410125732, 0.0, 0.0, 0.0, 0.0, 0.0, 0.0, 0.0, 0.0, 0.0, 0.0, 0.0, 0.0, 0.0, 0.0, 0.0, 0.0, 3.1415927410125732, 3.1415927410125732, 3.1415927410125732, 3.1415927410125732, 3.1415927410125732, 3.1415927410125732, 3.1415927410125732, 3.1415927410125732, 3.1415927410125732, 3.1415927410125732, 3.1415927410125732, 3.1415927410125732, 3.1415927410125732, 3.1415927410125732, 3.1415927410125732, 3.1415927410125732, 0.0, 0.0, 0.0, 0.0, 0.0, 0.0, 0.0, 0.0, 0.0, 0.0, 0.0, 0.0, 0.0, 0.0, 0.0, 0.0, 3.1415927410125732, 3.1415927410125732, 3.1415927410125732, 3.1415927410125732, 3.1415927410125732, 3.1415927410125732, 3.1415927410125732, 3.1415927410125732, 3.1415927410125732, 3.1415927410125732, 3.1415927410125732, 3.1415927410125732, 3.1415927410125732, 3.1415927410125732, 3.1415927410125732, 3.1415927410125732, 0.0, 0.0, 0.0, 0.0, 0.0, 0.0, 0.0, 0.0, 0.0, 0.0, 0.0, 0.0, 0.0, 0.0, 0.0, 0.0, 3.1415927410125732, 3.1415927410125732, 3.1415927410125732, 3.1415927410125732, 3.1415927410125732, 3.1415927410125732, 3.1415927410125732, 3.1415927410125732, 3.1415927410125732, 3.1415927410125732, 3.1415927410125732, 3.1415927410125732, 3.1415927410125732, 3.1415927410125732, 3.1415927410125732, 3.1415927410125732, 0.0, 0.0, 0.0, 0.0, 0.0, 0.0, 0.0, 0.0, 0.0, 0.0, 0.0, 0.0, 0.0, 0.0, 0.0, 0.0, 3.1415927410125732, 3.1415927410125732, 3.1415927410125732, 3.1415927410125732, 3.1415927410125732, 3.1415927410125732, 3.1415927410125732, 3.1415927410125732, 3.1415927410125732, 3.1415927410125732, 3.1415927410125732, 3.1415927410125732, 3.1415927410125732, 3.1415927410125732, 3.1415927410125732, 3.1415927410125732, 0.0, 0.0, 0.0, 0.0, 0.0, 0.0, 0.0, 0.0, 0.0, 0.0, 0.0, 0.0, 0.0, 0.0, 0.0, 0.0, 3.1415927410125732, 3.1415927410125732, 3.1415927410125732, 3.1415927410125732, 3.1415927410125732, 3.1415927410125732, 3.1415927410125732, 3.1415927410125732, 3.1415927410125732, 3.1415927410125732, 3.1415927410125732, 3.1415927410125732, 3.1415927410125732, 3.1415927410125732, 3.1415927410125732, 3.1415927410125732, 0.0, 0.0, 0.0, 0.0, 0.0, 0.0, 0.0, 0.0, 0.0, 0.0, 0.0, 0.0, 0.0, 0.0, 0.0, 0.0, 3.1415927410125732, 3.1415927410125732, 3.1415927410125732, 3.1415927410125732, 3.1415927410125732, 3.1415927410125732, 3.1415927410125732, 3.1415927410125732, 3.1415927410125732, 3.1415927410125732, 3.1415927410125732, 3.1415927410125732, 3.1415927410125732, 3.1415927410125732, 3.1415927410125732, 3.1415927410125732, 0.0, 0.0, 0.0, 0.0, 0.0, 0.0, 0.0, 0.0, 0.0, 0.0, 0.0, 0.0, 0.0, 0.0, 0.0, 0.0, 3.1415927410125732, 3.1415927410125732, 3.1415927410125732, 3.1415927410125732, 3.1415927410125732, 3.1415927410125732, 3.1415927410125732, 3.1415927410125732, 3.1415927410125732, 3.1415927410125732, 3.1415927410125732, 3.1415927410125732, 3.1415927410125732, 3.1415927410125732, 3.1415927410125732, 3.1415927410125732, 0.0, 0.0, 0.0, 0.0, 0.0, 0.0, 0.0, 0.0, 0.0, 0.0, 0.0, 0.0, 0.0, 0.0, 0.0, 0.0, 0.0, 0.0, 0.0, 0.0, 0.0, 0.0, 0.0, 0.0, 0.0, 0.0, 0.0, 0.0, 0.0, 0.0, 0.0, 0.0, 0.0, 0.0, 0.0, 0.0, 0.0, 0.0, 0.0, 0.0, 0.0, 0.0, 0.0, 0.0, 0.0, 0.0, 0.0, 0.0, 0.0, 0.0, 0.0, 0.0, 0.0, 0.0, 0.0, 0.0, 0.0, 0.0, 0.0, 0.0, 0.0, 0.0, 0.0, 0.0, 0.0, 0.0, 0.0, 0.0, 0.0, 0.0, 0.0, 0.0, 0.0, 0.0, 0.0, 0.0, 0.0, 0.0, 0.0, 0.0, 0.0, 0.0, 0.0, 0.0, 0.0, 0.0, 0.0, 0.0, 0.0, 0.0, 0.0, 0.0, 0.0, 0.0, 0.0, 0.0, 0.0, 0.0, 0.0, 0.0, 0.0, 0.0, 0.0, 0.0, 0.0, 0.0, 0.0, 0.0, 0.0, 0.0, 0.0, 0.0, 0.0, 0.0, 0.0, 0.0, 0.0, 0.0, 0.0, 0.0, 0.0, 0.0, 0.0, 0.0, 0.0, 0.0, 0.0, 0.0, 0.0, 0.0, 0.0, 0.0, 0.0, 0.0, 0.0, 0.0, 0.0, 0.0, 0.0, 0.0, 0.0, 0.0, 0.0, 0.0, 0.0, 0.0, 0.0, 0.0, 0.0, 0.0, 0.0, 0.0, 0.0, 0.0, 0.0, 0.0, 0.0, 0.0, 0.0, 0.0, 0.0, 0.0, 0.0, 0.0, 0.0, 0.0, 0.0, 0.0, 0.0, 0.0, 0.0, 0.0, 0.0, 0.0, 0.0, 0.0, 0.0, 0.0, 0.0, 0.0, 0.0, 0.0, 0.0, 0.0, 0.0, 0.0, 0.0, 0.0, 0.0, 0.0, 0.0, 0.0, 0.0, 0.0, 0.0, 0.0, 0.0, 0.0, 0.0, 0.0, 0.0, 0.0, 0.0, 0.0, 0.0, 0.0, 0.0, 0.0, 0.0, 0.0, 0.0, 0.0, 0.0, 0.0, 0.0, 0.0, 0.0, 0.0, 0.0, 0.0, 0.0, 0.0, 0.0, 0.0, 0.0, 0.0, 0.0, 0.0, 0.0, 0.0, 0.0, 0.0, 0.0, 0.0, 0.0, 0.0, 0.0, 0.0, 0.0, 0.0, 0.0, 0.0, 0.0, 0.0, 0.0, 0.0, 0.0, 0.0, 0.0, 0.0, 0.0, 0.0, 0.0, 0.0, 0.0, 0.0, 0.0, 0.0, 0.0, 0.0, 0.0, 0.0, 0.0, 0.0, 3.1415927410125732, 3.1415927410125732, 3.1415927410125732, 3.1415927410125732, 3.1415927410125732, 3.1415927410125732, 3.1415927410125732, 3.1415927410125732, 0.0, 0.0, 0.0, 0.0, 0.0, 0.0, 0.0, 0.0, 0.0, 0.0, 0.0, 0.0, 0.0, 0.0, 0.0, 0.0, 0.0, 0.0, 0.0, 0.0, 0.0, 0.0, 0.0, 0.0, 3.1415927410125732, 3.1415927410125732, 3.1415927410125732, 3.1415927410125732, 3.1415927410125732, 3.1415927410125732, 3.1415927410125732, 3.1415927410125732, 0.0, 0.0, 0.0, 0.0, 0.0, 0.0, 0.0, 0.0, 0.0, 0.0, 0.0, 0.0, 0.0, 0.0, 0.0, 0.0, 0.0, 0.0, 0.0, 0.0, 0.0, 0.0, 0.0, 0.0, 3.1415927410125732, 3.1415927410125732, 3.1415927410125732, 3.1415927410125732, 3.1415927410125732, 3.1415927410125732, 3.1415927410125732, 3.1415927410125732, 0.0, 0.0, 0.0, 0.0, 0.0, 0.0, 0.0, 0.0, 0.0, 0.0, 0.0, 0.0, 0.0, 0.0, 0.0, 0.0, 0.0, 0.0, 0.0, 0.0, 0.0, 0.0, 0.0, 0.0, 3.1415927410125732, 3.1415927410125732, 3.1415927410125732, 3.1415927410125732, 3.1415927410125732, 3.1415927410125732, 3.1415927410125732, 3.1415927410125732, 0.0, 0.0, 0.0, 0.0, 0.0, 0.0, 0.0, 0.0, 0.0, 0.0, 0.0, 0.0, 0.0, 0.0, 0.0, 0.0, 0.0, 0.0, 0.0, 0.0, 0.0, 0.0, 0.0, 0.0, 3.1415927410125732, 3.1415927410125732, 3.1415927410125732, 3.1415927410125732, 3.1415927410125732, 3.1415927410125732, 3.1415927410125732, 3.1415927410125732, 0.0, 0.0, 0.0, 0.0, 0.0, 0.0, 0.0, 0.0, 0.0, 0.0, 0.0, 0.0, 0.0, 0.0, 0.0, 0.0, 0.0, 0.0, 0.0, 0.0, 0.0, 0.0, 0.0, 0.0, 3.1415927410125732, 3.1415927410125732, 3.1415927410125732, 3.1415927410125732, 3.1415927410125732, 3.1415927410125732, 3.1415927410125732, 3.1415927410125732, 0.0, 0.0, 0.0, 0.0, 0.0, 0.0, 0.0, 0.0, 0.0, 0.0, 0.0, 0.0, 0.0, 0.0, 0.0, 0.0, 0.0, 0.0, 0.0, 0.0, 0.0, 0.0, 0.0, 0.0, 3.1415927410125732, 3.1415927410125732, 3.1415927410125732, 3.1415927410125732, 3.1415927410125732, 3.1415927410125732, 3.1415927410125732, 3.1415927410125732, 0.0, 0.0, 0.0, 0.0, 0.0, 0.0, 0.0, 0.0, 0.0, 0.0, 0.0, 0.0, 0.0, 0.0, 0.0, 0.0, 0.0, 0.0, 0.0, 0.0, 0.0, 0.0, 0.0, 0.0, 3.1415927410125732, 3.1415927410125732, 3.1415927410125732, 3.1415927410125732, 3.1415927410125732, 3.1415927410125732, 3.1415927410125732, 3.1415927410125732, 0.0, 0.0, 0.0, 0.0, 0.0, 0.0, 0.0, 0.0, 0.0, 0.0, 0.0, 0.0, 0.0, 0.0, 0.0, 0.0]"
0.6088365,0.15223686,0.15219523,0.15220979,0.15219462,0.15220913,-9.53539467,-9.53664207,-9.53620815,-9.53666496,"[3.1415927410125732, 3.1415927410125732, 3.1415927410125732, 3.1415927410125732, 3.1415927410125732, 3.1415927410125732, 3.1415927410125732, 3.1415927410125732, 3.1415927410125732, 3.1415927410125732, 3.1415927410125732, 3.1415927410125732, 3.1415927410125732, 3.1415927410125732, 3.1415927410125732, 3.1415927410125732, 3.1415927410125732, 3.1415927410125732, 3.1415927410125732, 3.1415927410125732, 3.1415927410125732, 3.1415927410125732, 3.1415927410125732, 3.1415927410125732, 3.1415927410125732, 3.1415927410125732, 3.1415927410125732, 3.1415927410125732, 3.1415927410125732, 3.1415927410125732, 3.1415927410125732, 3.1415927410125732, 3.1415927410125732, 3.1415927410125732, 3.1415927410125732, 3.1415927410125732, 3.1415927410125732, 3.1415927410125732, 3.1415927410125732, 3.1415927410125732, 3.1415927410125732, 3.1415927410125732, 3.1415927410125732, 3.1415927410125732, 3.1415927410125732, 3.1415927410125732, 3.1415927410125732, 3.1415927410125732, 3.1415927410125732, 3.1415927410125732, 3.1415927410125732, 3.1415927410125732, 3.1415927410125732, 3.1415927410125732, 3.1415927410125732, 3.1415927410125732, 3.1415927410125732, 3.1415927410125732, 3.1415927410125732, 3.1415927410125732, 3.1415927410125732, 3.1415927410125732, 3.1415927410125732, 3.1415927410125732, 3.1415927410125732, 3.1415927410125732, 3.1415927410125732, 3.1415927410125732, 3.1415927410125732, 3.1415927410125732, 3.1415927410125732, 3.1415927410125732, 3.1415927410125732, 3.1415927410125732, 3.1415927410125732, 3.1415927410125732, 3.1415927410125732, 3.1415927410125732, 3.1415927410125732, 3.1415927410125732, 3.1415927410125732, 3.1415927410125732, 3.1415927410125732, 3.1415927410125732, 3.1415927410125732, 3.1415927410125732, 3.1415927410125732, 3.1415927410125732, 3.1415927410125732, 3.1415927410125732, 3.1415927410125732, 3.1415927410125732, 3.1415927410125732, 3.1415927410125732, 3.1415927410125732, 3.1415927410125732, 3.1415927410125732, 3.1415927410125732, 3.1415927410125732, 3.1415927410125732, 3.1415927410125732, 3.1415927410125732, 3.1415927410125732, 3.1415927410125732, 3.1415927410125732, 3.1415927410125732, 3.1415927410125732, 3.1415927410125732, 3.1415927410125732, 3.1415927410125732, 3.1415927410125732, 3.1415927410125732, 3.1415927410125732, 3.1415927410125732, 3.1415927410125732, 3.1415927410125732, 3.1415927410125732, 3.1415927410125732, 3.1415927410125732, 3.1415927410125732, 3.1415927410125732, 3.1415927410125732, 3.1415927410125732, 3.1415927410125732, 3.1415927410125732, 3.1415927410125732, 3.1415927410125732, 3.1415927410125732, 3.1415927410125732, 3.1415927410125732, 3.1415927410125732, 3.1415927410125732, 3.1415927410125732, 3.1415927410125732, 3.1415927410125732, 3.1415927410125732, 3.1415927410125732, 3.1415927410125732, 3.1415927410125732, 3.1415927410125732, 3.1415927410125732, 3.1415927410125732, 3.1415927410125732, 3.1415927410125732, 3.1415927410125732, 3.1415927410125732, 3.1415927410125732, 3.1415927410125732, 3.1415927410125732, 3.1415927410125732, 3.1415927410125732, 3.1415927410125732, 3.1415927410125732, 3.1415927410125732, 3.1415927410125732, 3.1415927410125732, 3.1415927410125732, 3.1415927410125732, 3.1415927410125732, 3.1415927410125732, 3.1415927410125732, 3.1415927410125732, 3.1415927410125732, 3.1415927410125732, 3.1415927410125732, 3.1415927410125732, 3.1415927410125732, 3.1415927410125732, 3.1415927410125732, 3.1415927410125732, 3.1415927410125732, 3.1415927410125732, 3.1415927410125732, 3.1415927410125732, 3.1415927410125732, 3.1415927410125732, 3.1415927410125732, 3.1415927410125732, 3.1415927410125732, 3.1415927410125732, 3.1415927410125732, 3.1415927410125732, 3.1415927410125732, 3.1415927410125732, 3.1415927410125732, 3.1415927410125732, 3.1415927410125732, 3.1415927410125732, 3.1415927410125732, 3.1415927410125732, 3.1415927410125732, 3.1415927410125732, 3.1415927410125732, 3.1415927410125732, 3.1415927410125732, 3.1415927410125732, 3.1415927410125732, 3.1415927410125732, 3.1415927410125732, 3.1415927410125732, 3.1415927410125732, 3.1415927410125732, 3.1415927410125732, 3.1415927410125732, 3.1415927410125732, 3.1415927410125732, 3.1415927410125732, 3.1415927410125732, 3.1415927410125732, 3.1415927410125732, 3.1415927410125732, 3.1415927410125732, 3.1415927410125732, 3.1415927410125732, 3.1415927410125732, 3.1415927410125732, 3.1415927410125732, 3.1415927410125732, 3.1415927410125732, 3.1415927410125732, 3.1415927410125732, 3.1415927410125732, 3.1415927410125732, 3.1415927410125732, 3.1415927410125732, 3.1415927410125732, 3.1415927410125732, 3.1415927410125732, 3.1415927410125732, 3.1415927410125732, 3.1415927410125732, 3.1415927410125732, 3.1415927410125732, 3.1415927410125732, 3.1415927410125732, 3.1415927410125732, 3.1415927410125732, 3.1415927410125732, 3.1415927410125732, 3.1415927410125732, 3.1415927410125732, 3.1415927410125732, 3.1415927410125732, 3.1415927410125732, 3.1415927410125732, 3.1415927410125732, 3.1415927410125732, 3.1415927410125732, 3.1415927410125732, 3.1415927410125732, 3.1415927410125732, 3.1415927410125732, 3.1415927410125732, 3.1415927410125732, 3.1415927410125732, 3.1415927410125732, 0.0, 0.0, 0.0, 0.0, 0.0, 0.0, 0.0, 0.0, 0.0, 0.0, 0.0, 0.0, 0.0, 0.0, 0.0, 0.0, 3.1415927410125732, 3.1415927410125732, 3.1415927410125732, 3.1415927410125732, 3.1415927410125732, 3.1415927410125732, 3.1415927410125732, 3.1415927410125732, 3.1415927410125732, 3.1415927410125732, 3.1415927410125732, 3.1415927410125732, 3.1415927410125732, 3.1415927410125732, 3.1415927410125732, 3.1415927410125732, 0.0, 0.0, 0.0, 0.0, 0.0, 0.0, 0.0, 0.0, 0.0, 0.0, 0.0, 0.0, 0.0, 0.0, 0.0, 0.0, 3.1415927410125732, 3.1415927410125732, 3.1415927410125732, 3.1415927410125732, 3.1415927410125732, 3.1415927410125732, 3.1415927410125732, 3.1415927410125732, 3.1415927410125732, 3.1415927410125732, 3.1415927410125732, 3.1415927410125732, 3.1415927410125732, 3.1415927410125732, 3.1415927410125732, 3.1415927410125732, 0.0, 0.0, 0.0, 0.0, 0.0, 0.0, 0.0, 0.0, 0.0, 0.0, 0.0, 0.0, 0.0, 0.0, 0.0, 0.0, 3.1415927410125732, 3.1415927410125732, 3.1415927410125732, 3.1415927410125732, 3.1415927410125732, 3.1415927410125732, 3.1415927410125732, 3.1415927410125732, 3.1415927410125732, 3.1415927410125732, 3.1415927410125732, 3.1415927410125732, 3.1415927410125732, 3.1415927410125732, 3.1415927410125732, 3.1415927410125732, 0.0, 0.0, 0.0, 0.0, 0.0, 0.0, 0.0, 0.0, 0.0, 0.0, 0.0, 0.0, 0.0, 0.0, 0.0, 0.0, 3.1415927410125732, 3.1415927410125732, 3.1415927410125732, 3.1415927410125732, 3.1415927410125732, 3.1415927410125732, 3.1415927410125732, 3.1415927410125732, 3.1415927410125732, 3.1415927410125732, 3.1415927410125732, 3.1415927410125732, 3.1415927410125732, 3.1415927410125732, 3.1415927410125732, 3.1415927410125732, 0.0, 0.0, 0.0, 0.0, 0.0, 0.0, 0.0, 0.0, 0.0, 0.0, 0.0, 0.0, 0.0, 0.0, 0.0, 0.0, 3.1415927410125732, 3.1415927410125732, 3.1415927410125732, 3.1415927410125732, 3.1415927410125732, 3.1415927410125732, 3.1415927410125732, 3.1415927410125732, 3.1415927410125732, 3.1415927410125732, 3.1415927410125732, 3.1415927410125732, 3.1415927410125732, 3.1415927410125732, 3.1415927410125732, 3.1415927410125732, 0.0, 0.0, 0.0, 0.0, 0.0, 0.0, 0.0, 0.0, 0.0, 0.0, 0.0, 0.0, 0.0, 0.0, 0.0, 0.0, 3.1415927410125732, 3.1415927410125732, 3.1415927410125732, 3.1415927410125732, 3.1415927410125732, 3.1415927410125732, 3.1415927410125732, 3.1415927410125732, 3.1415927410125732, 3.1415927410125732, 3.1415927410125732, 3.1415927410125732, 3.1415927410125732, 3.1415927410125732, 3.1415927410125732, 3.1415927410125732, 0.0, 0.0, 0.0, 0.0, 0.0, 0.0, 0.0, 0.0, 0.0, 0.0, 0.0, 0.0, 0.0, 0.0, 0.0, 0.0, 3.1415927410125732, 3.1415927410125732, 3.1415927410125732, 3.1415927410125732, 3.1415927410125732, 3.1415927410125732, 3.1415927410125732, 3.1415927410125732, 3.1415927410125732, 3.1415927410125732, 3.1415927410125732, 3.1415927410125732, 3.1415927410125732, 3.1415927410125732, 3.1415927410125732, 3.1415927410125732, 0.0, 0.0, 0.0, 0.0, 0.0, 0.0, 0.0, 0.0, 0.0, 0.0, 0.0, 0.0, 0.0, 0.0, 0.0, 0.0, 3.1415927410125732, 3.1415927410125732, 3.1415927410125732, 3.1415927410125732, 3.1415927410125732, 3.1415927410125732, 3.1415927410125732, 3.1415927410125732, 3.1415927410125732, 3.1415927410125732, 3.1415927410125732, 3.1415927410125732, 3.1415927410125732, 3.1415927410125732, 3.1415927410125732, 3.1415927410125732, 0.0, 0.0, 0.0, 0.0, 0.0, 0.0, 0.0, 0.0, 0.0, 0.0, 0.0, 0.0, 0.0, 0.0, 0.0, 0.0, 0.0, 0.0, 0.0, 0.0, 0.0, 0.0, 0.0, 0.0, 0.0, 0.0, 0.0, 0.0, 0.0, 0.0, 0.0, 0.0, 0.0, 0.0, 0.0, 0.0, 0.0, 0.0, 0.0, 0.0, 0.0, 0.0, 0.0, 0.0, 0.0, 0.0, 0.0, 0.0, 0.0, 0.0, 0.0, 0.0, 0.0, 0.0, 0.0, 0.0, 0.0, 0.0, 0.0, 0.0, 0.0, 0.0, 0.0, 0.0, 0.0, 0.0, 0.0, 0.0, 0.0, 0.0, 0.0, 0.0, 0.0, 0.0, 0.0, 0.0, 0.0, 0.0, 0.0, 0.0, 0.0, 0.0, 0.0, 0.0, 0.0, 0.0, 0.0, 0.0, 0.0, 0.0, 0.0, 0.0, 0.0, 0.0, 0.0, 0.0, 0.0, 0.0, 0.0, 0.0, 0.0, 0.0, 0.0, 0.0, 0.0, 0.0, 0.0, 0.0, 0.0, 0.0, 0.0, 0.0, 0.0, 0.0, 0.0, 0.0, 0.0, 0.0, 0.0, 0.0, 0.0, 0.0, 0.0, 0.0, 0.0, 0.0, 0.0, 0.0, 0.0, 0.0, 0.0, 0.0, 0.0, 0.0, 0.0, 0.0, 0.0, 0.0, 0.0, 0.0, 0.0, 0.0, 0.0, 0.0, 0.0, 0.0, 0.0, 0.0, 0.0, 0.0, 0.0, 0.0, 0.0, 0.0, 0.0, 0.0, 0.0, 0.0, 0.0, 0.0, 0.0, 0.0, 0.0, 0.0, 0.0, 0.0, 0.0, 0.0, 0.0, 0.0, 0.0, 0.0, 0.0, 0.0, 0.0, 0.0, 0.0, 0.0, 0.0, 0.0, 0.0, 0.0, 0.0, 0.0, 0.0, 0.0, 0.0, 0.0, 0.0, 0.0, 0.0, 0.0, 0.0, 0.0, 0.0, 0.0, 0.0, 0.0, 0.0, 0.0, 0.0, 0.0, 0.0, 0.0, 0.0, 0.0, 0.0, 0.0, 0.0, 0.0, 0.0, 0.0, 0.0, 0.0, 0.0, 0.0, 0.0, 0.0, 0.0, 0.0, 0.0, 0.0, 0.0, 0.0, 0.0, 0.0, 0.0, 0.0, 0.0, 0.0, 0.0, 0.0, 0.0, 0.0, 0.0, 0.0, 0.0, 0.0, 0.0, 0.0, 0.0, 0.0, 0.0, 0.0, 0.0, 0.0, 0.0, 0.0, 0.0, 0.0, 0.0, 0.0, 0.0, 0.0, 0.0, 0.0, 0.0, 0.0, 0.0, 0.0, 0.0, 0.0, 0.0, 0.0, 3.1415927410125732, 3.1415927410125732, 3.1415927410125732, 3.1415927410125732, 3.1415927410125732, 3.1415927410125732, 3.1415927410125732, 3.1415927410125732, 0.0, 0.0, 0.0, 0.0, 0.0, 0.0, 0.0, 0.0, 0.0, 0.0, 0.0, 0.0, 0.0, 0.0, 0.0, 0.0, 0.0, 0.0, 0.0, 0.0, 0.0, 0.0, 0.0, 0.0, 3.1415927410125732, 3.1415927410125732, 3.1415927410125732, 3.1415927410125732, 3.1415927410125732, 3.1415927410125732, 3.1415927410125732, 3.1415927410125732, 0.0, 0.0, 0.0, 0.0, 0.0, 0.0, 0.0, 0.0, 0.0, 0.0, 0.0, 0.0, 0.0, 0.0, 0.0, 0.0, 0.0, 0.0, 0.0, 0.0, 0.0, 0.0, 0.0, 0.0, 3.1415927410125732, 3.1415927410125732, 3.1415927410125732, 3.1415927410125732, 3.1415927410125732, 3.1415927410125732, 3.1415927410125732, 3.1415927410125732, 0.0, 0.0, 0.0, 0.0, 0.0, 0.0, 0.0, 0.0, 0.0, 0.0, 0.0, 0.0, 0.0, 0.0, 0.0, 0.0, 0.0, 0.0, 0.0, 0.0, 0.0, 0.0, 0.0, 0.0, 3.1415927410125732, 3.1415927410125732, 3.1415927410125732, 3.1415927410125732, 3.1415927410125732, 3.1415927410125732, 3.1415927410125732, 3.1415927410125732, 0.0, 0.0, 0.0, 0.0, 0.0, 0.0, 0.0, 0.0, 0.0, 0.0, 0.0, 0.0, 0.0, 0.0, 0.0, 0.0, 0.0, 0.0, 0.0, 0.0, 0.0, 0.0, 0.0, 0.0, 3.1415927410125732, 3.1415927410125732, 3.1415927410125732, 3.1415927410125732, 3.1415927410125732, 3.1415927410125732, 3.1415927410125732, 3.1415927410125732, 0.0, 0.0, 0.0, 0.0, 0.0, 0.0, 0.0, 0.0, 0.0, 0.0, 0.0, 0.0, 0.0, 0.0, 0.0, 0.0, 0.0, 0.0, 0.0, 0.0, 0.0, 0.0, 0.0, 0.0, 3.1415927410125732, 3.1415927410125732, 3.1415927410125732, 3.1415927410125732, 3.1415927410125732, 3.1415927410125732, 3.1415927410125732, 3.1415927410125732, 0.0, 0.0, 0.0, 0.0, 0.0, 0.0, 0.0, 0.0, 0.0, 0.0, 0.0, 0.0, 0.0, 0.0, 0.0, 0.0, 0.0, 0.0, 0.0, 0.0, 0.0, 0.0, 0.0, 0.0, 3.1415927410125732, 3.1415927410125732, 3.1415927410125732, 3.1415927410125732, 3.1415927410125732, 3.1415927410125732, 3.1415927410125732, 3.1415927410125732, 0.0, 0.0, 0.0, 0.0, 0.0, 0.0, 0.0, 0.0, 0.0, 0.0, 0.0, 0.0, 0.0, 0.0, 0.0, 0.0, 0.0, 0.0, 0.0, 0.0, 0.0, 0.0, 0.0, 0.0, 3.1415927410125732, 3.1415927410125732, 3.1415927410125732, 3.1415927410125732, 3.1415927410125732, 3.1415927410125732, 3.1415927410125732, 3.1415927410125732, 0.0, 0.0, 0.0, 0.0, 0.0, 0.0, 0.0, 0.0, 0.0, 0.0, 0.0, 0.0, 0.0, 0.0, 0.0, 0.0]"
0.6088365,0.15223686,0.15219523,0.15220979,0.15219462,0.15220913,-9.53539467,-9.53664207,-9.53620815,-9.53666496,"[3.1415927410125732, 3.1415927410125732, 3.1415927410125732, 3.1415927410125732, 3.1415927410125732, 3.1415927410125732, 3.1415927410125732, 3.1415927410125732, 3.1415927410125732, 3.1415927410125732, 3.1415927410125732, 3.1415927410125732, 3.1415927410125732, 3.1415927410125732, 3.1415927410125732, 3.1415927410125732, 3.1415927410125732, 3.1415927410125732, 3.1415927410125732, 3.1415927410125732, 3.1415927410125732, 3.1415927410125732, 3.1415927410125732, 3.1415927410125732, 3.1415927410125732, 3.1415927410125732, 3.1415927410125732, 3.1415927410125732, 3.1415927410125732, 3.1415927410125732, 3.1415927410125732, 3.1415927410125732, 3.1415927410125732, 3.1415927410125732, 3.1415927410125732, 3.1415927410125732, 3.1415927410125732, 3.1415927410125732, 3.1415927410125732, 3.1415927410125732, 3.1415927410125732, 3.1415927410125732, 3.1415927410125732, 3.1415927410125732, 3.1415927410125732, 3.1415927410125732, 3.1415927410125732, 3.1415927410125732, 3.1415927410125732, 3.1415927410125732, 3.1415927410125732, 3.1415927410125732, 3.1415927410125732, 3.1415927410125732, 3.1415927410125732, 3.1415927410125732, 3.1415927410125732, 3.1415927410125732, 3.1415927410125732, 3.1415927410125732, 3.1415927410125732, 3.1415927410125732, 3.1415927410125732, 3.1415927410125732, 3.1415927410125732, 3.1415927410125732, 3.1415927410125732, 3.1415927410125732, 3.1415927410125732, 3.1415927410125732, 3.1415927410125732, 3.1415927410125732, 3.1415927410125732, 3.1415927410125732, 3.1415927410125732, 3.1415927410125732, 3.1415927410125732, 3.1415927410125732, 3.1415927410125732, 3.1415927410125732, 3.1415927410125732, 3.1415927410125732, 3.1415927410125732, 3.1415927410125732, 3.1415927410125732, 3.1415927410125732, 3.1415927410125732, 3.1415927410125732, 3.1415927410125732, 3.1415927410125732, 3.1415927410125732, 3.1415927410125732, 3.1415927410125732, 3.1415927410125732, 3.1415927410125732, 3.1415927410125732, 3.1415927410125732, 3.1415927410125732, 3.1415927410125732, 3.1415927410125732, 3.1415927410125732, 3.1415927410125732, 3.1415927410125732, 3.1415927410125732, 3.1415927410125732, 3.1415927410125732, 3.1415927410125732, 3.1415927410125732, 3.1415927410125732, 3.1415927410125732, 3.1415927410125732, 3.1415927410125732, 3.1415927410125732, 3.1415927410125732, 3.1415927410125732, 3.1415927410125732, 3.1415927410125732, 3.1415927410125732, 3.1415927410125732, 3.1415927410125732, 3.1415927410125732, 3.1415927410125732, 3.1415927410125732, 3.1415927410125732, 3.1415927410125732, 3.1415927410125732, 3.1415927410125732, 3.1415927410125732, 3.1415927410125732, 3.1415927410125732, 3.1415927410125732, 3.1415927410125732, 3.1415927410125732, 3.1415927410125732, 3.1415927410125732, 3.1415927410125732, 3.1415927410125732, 3.1415927410125732, 3.1415927410125732, 3.1415927410125732, 3.1415927410125732, 3.1415927410125732, 3.1415927410125732, 3.1415927410125732, 3.1415927410125732, 3.1415927410125732, 3.1415927410125732, 3.1415927410125732, 3.1415927410125732, 3.1415927410125732, 3.1415927410125732, 3.1415927410125732, 3.1415927410125732, 3.1415927410125732, 3.1415927410125732, 3.1415927410125732, 3.1415927410125732, 3.1415927410125732, 3.1415927410125732, 3.1415927410125732, 3.1415927410125732, 3.1415927410125732, 3.1415927410125732, 3.1415927410125732, 3.1415927410125732, 3.1415927410125732, 3.1415927410125732, 3.1415927410125732, 3.1415927410125732, 3.1415927410125732, 3.1415927410125732, 3.1415927410125732, 3.1415927410125732, 3.1415927410125732, 3.1415927410125732, 3.1415927410125732, 3.1415927410125732, 3.1415927410125732, 3.1415927410125732, 3.1415927410125732, 3.1415927410125732, 3.1415927410125732, 3.1415927410125732, 3.1415927410125732, 3.1415927410125732, 3.1415927410125732, 3.1415927410125732, 3.1415927410125732, 3.1415927410125732, 3.1415927410125732, 3.1415927410125732, 3.1415927410125732, 3.1415927410125732, 3.1415927410125732, 3.1415927410125732, 3.1415927410125732, 3.1415927410125732, 3.1415927410125732, 3.1415927410125732, 3.1415927410125732, 3.1415927410125732, 3.1415927410125732, 3.1415927410125732, 3.1415927410125732, 3.1415927410125732, 3.1415927410125732, 3.1415927410125732, 3.1415927410125732, 3.1415927410125732, 3.1415927410125732, 3.1415927410125732, 3.1415927410125732, 3.1415927410125732, 3.1415927410125732, 3.1415927410125732, 3.1415927410125732, 3.1415927410125732, 3.1415927410125732, 3.1415927410125732, 3.1415927410125732, 3.1415927410125732, 3.1415927410125732, 3.1415927410125732, 3.1415927410125732, 3.1415927410125732, 3.1415927410125732, 3.1415927410125732, 3.1415927410125732, 3.1415927410125732, 3.1415927410125732, 3.1415927410125732, 3.1415927410125732, 3.1415927410125732, 3.1415927410125732, 3.1415927410125732, 3.1415927410125732, 3.1415927410125732, 3.1415927410125732, 3.1415927410125732, 3.1415927410125732, 3.1415927410125732, 3.1415927410125732, 3.1415927410125732, 3.1415927410125732, 3.1415927410125732, 3.1415927410125732, 3.1415927410125732, 3.1415927410125732, 3.1415927410125732, 3.1415927410125732, 3.1415927410125732, 3.1415927410125732, 3.1415927410125732, 3.1415927410125732, 3.1415927410125732, 3.1415927410125732, 0.0, 0.0, 0.0, 0.0, 0.0, 0.0, 0.0, 0.0, 0.0, 0.0, 0.0, 0.0, 0.0, 0.0, 0.0, 0.0, 3.1415927410125732, 3.1415927410125732, 3.1415927410125732, 3.1415927410125732, 3.1415927410125732, 3.1415927410125732, 3.1415927410125732, 3.1415927410125732, 3.1415927410125732, 3.1415927410125732, 3.1415927410125732, 3.1415927410125732, 3.1415927410125732, 3.1415927410125732, 3.1415927410125732, 3.1415927410125732, 0.0, 0.0, 0.0, 0.0, 0.0, 0.0, 0.0, 0.0, 0.0, 0.0, 0.0, 0.0, 0.0, 0.0, 0.0, 0.0, 3.1415927410125732, 3.1415927410125732, 3.1415927410125732, 3.1415927410125732, 3.1415927410125732, 3.1415927410125732, 3.1415927410125732, 3.1415927410125732, 3.1415927410125732, 3.1415927410125732, 3.1415927410125732, 3.1415927410125732, 3.1415927410125732, 3.1415927410125732, 3.1415927410125732, 3.1415927410125732, 0.0, 0.0, 0.0, 0.0, 0.0, 0.0, 0.0, 0.0, 0.0, 0.0, 0.0, 0.0, 0.0, 0.0, 0.0, 0.0, 3.1415927410125732, 3.1415927410125732, 3.1415927410125732, 3.1415927410125732, 3.1415927410125732, 3.1415927410125732, 3.1415927410125732, 3.1415927410125732, 3.1415927410125732, 3.1415927410125732, 3.1415927410125732, 3.1415927410125732, 3.1415927410125732, 3.1415927410125732, 3.1415927410125732, 3.1415927410125732, 0.0, 0.0, 0.0, 0.0, 0.0, 0.0, 0.0, 0.0, 0.0, 0.0, 0.0, 0.0, 0.0, 0.0, 0.0, 0.0, 3.1415927410125732, 3.1415927410125732, 3.1415927410125732, 3.1415927410125732, 3.1415927410125732, 3.1415927410125732, 3.1415927410125732, 3.1415927410125732, 3.1415927410125732, 3.1415927410125732, 3.1415927410125732, 3.1415927410125732, 3.1415927410125732, 3.1415927410125732, 3.1415927410125732, 3.1415927410125732, 0.0, 0.0, 0.0, 0.0, 0.0, 0.0, 0.0, 0.0, 0.0, 0.0, 0.0, 0.0, 0.0, 0.0, 0.0, 0.0, 3.1415927410125732, 3.1415927410125732, 3.1415927410125732, 3.1415927410125732, 3.1415927410125732, 3.1415927410125732, 3.1415927410125732, 3.1415927410125732, 3.1415927410125732, 3.1415927410125732, 3.1415927410125732, 3.1415927410125732, 3.1415927410125732, 3.1415927410125732, 3.1415927410125732, 3.1415927410125732, 0.0, 0.0, 0.0, 0.0, 0.0, 0.0, 0.0, 0.0, 0.0, 0.0, 0.0, 0.0, 0.0, 0.0, 0.0, 0.0, 3.1415927410125732, 3.1415927410125732, 3.1415927410125732, 3.1415927410125732, 3.1415927410125732, 3.1415927410125732, 3.1415927410125732, 3.1415927410125732, 3.1415927410125732, 3.1415927410125732, 3.1415927410125732, 3.1415927410125732, 3.1415927410125732, 3.1415927410125732, 3.1415927410125732, 3.1415927410125732, 0.0, 0.0, 0.0, 0.0, 0.0, 0.0, 0.0, 0.0, 0.0, 0.0, 0.0, 0.0, 0.0, 0.0, 0.0, 0.0, 3.1415927410125732, 3.1415927410125732, 3.1415927410125732, 3.1415927410125732, 3.1415927410125732, 3.1415927410125732, 3.1415927410125732, 3.1415927410125732, 3.1415927410125732, 3.1415927410125732, 3.1415927410125732, 3.1415927410125732, 3.1415927410125732, 3.1415927410125732, 3.1415927410125732, 3.1415927410125732, 0.0, 0.0, 0.0, 0.0, 0.0, 0.0, 0.0, 0.0, 0.0, 0.0, 0.0, 0.0, 0.0, 0.0, 0.0, 0.0, 3.1415927410125732, 3.1415927410125732, 3.1415927410125732, 3.1415927410125732, 3.1415927410125732, 3.1415927410125732, 3.1415927410125732, 3.1415927410125732, 3.1415927410125732, 3.1415927410125732, 3.1415927410125732, 3.1415927410125732, 3.1415927410125732, 3.1415927410125732, 3.1415927410125732, 3.1415927410125732, 0.0, 0.0, 0.0, 0.0, 0.0, 0.0, 0.0, 0.0, 0.0, 0.0, 0.0, 0.0, 0.0, 0.0, 0.0, 0.0, 0.0, 0.0, 0.0, 0.0, 0.0, 0.0, 0.0, 0.0, 0.0, 0.0, 0.0, 0.0, 0.0, 0.0, 0.0, 0.0, 0.0, 0.0, 0.0, 0.0, 0.0, 0.0, 0.0, 0.0, 0.0, 0.0, 0.0, 0.0, 0.0, 0.0, 0.0, 0.0, 0.0, 0.0, 0.0, 0.0, 0.0, 0.0, 0.0, 0.0, 0.0, 0.0, 0.0, 0.0, 0.0, 0.0, 0.0, 0.0, 0.0, 0.0, 0.0, 0.0, 0.0, 0.0, 0.0, 0.0, 0.0, 0.0, 0.0, 0.0, 0.0, 0.0, 0.0, 0.0, 0.0, 0.0, 0.0, 0.0, 0.0, 0.0, 0.0, 0.0, 0.0, 0.0, 0.0, 0.0, 0.0, 0.0, 0.0, 0.0, 0.0, 0.0, 0.0, 0.0, 0.0, 0.0, 0.0, 0.0, 0.0, 0.0, 0.0, 0.0, 0.0, 0.0, 0.0, 0.0, 0.0, 0.0, 0.0, 0.0, 0.0, 0.0, 0.0, 0.0, 0.0, 0.0, 0.0, 0.0, 0.0, 0.0, 0.0, 0.0, 0.0, 0.0, 0.0, 0.0, 0.0, 0.0, 0.0, 0.0, 0.0, 0.0, 0.0, 0.0, 0.0, 0.0, 0.0, 0.0, 0.0, 0.0, 0.0, 0.0, 0.0, 0.0, 0.0, 0.0, 0.0, 0.0, 0.0, 0.0, 0.0, 0.0, 0.0, 0.0, 0.0, 0.0, 0.0, 0.0, 0.0, 0.0, 0.0, 0.0, 0.0, 0.0, 0.0, 0.0, 0.0, 0.0, 0.0, 0.0, 0.0, 0.0, 0.0, 0.0, 0.0, 0.0, 0.0, 0.0, 0.0, 0.0, 0.0, 0.0, 0.0, 0.0, 0.0, 0.0, 0.0, 0.0, 0.0, 0.0, 0.0, 0.0, 0.0, 0.0, 0.0, 0.0, 0.0, 0.0, 0.0, 0.0, 0.0, 0.0, 0.0, 0.0, 0.0, 0.0, 0.0, 0.0, 0.0, 0.0, 0.0, 0.0, 0.0, 0.0, 0.0, 0.0, 0.0, 0.0, 0.0, 0.0, 0.0, 0.0, 0.0, 0.0, 0.0, 0.0, 0.0, 0.0, 0.0, 0.0, 0.0, 0.0, 0.0, 0.0, 0.0, 0.0, 0.0, 0.0, 0.0, 0.0, 0.0, 0.0, 0.0, 0.0, 0.0, 0.0, 0.0, 0.0, 0.0, 0.0, 0.0, 0.0, 0.0, 0.0, 0.0, 0.0, 0.0, 0.0, 3.1415927410125732, 3.1415927410125732, 3.1415927410125732, 3.1415927410125732, 3.1415927410125732, 3.1415927410125732, 3.1415927410125732, 3.1415927410125732, 0.0, 0.0, 0.0, 0.0, 0.0, 0.0, 0.0, 0.0, 0.0, 0.0, 0.0, 0.0, 0.0, 0.0, 0.0, 0.0, 0.0, 0.0, 0.0, 0.0, 0.0, 0.0, 0.0, 0.0, 3.1415927410125732, 3.1415927410125732, 3.1415927410125732, 3.1415927410125732, 3.1415927410125732, 3.1415927410125732, 3.1415927410125732, 3.1415927410125732, 0.0, 0.0, 0.0, 0.0, 0.0, 0.0, 0.0, 0.0, 0.0, 0.0, 0.0, 0.0, 0.0, 0.0, 0.0, 0.0, 0.0, 0.0, 0.0, 0.0, 0.0, 0.0, 0.0, 0.0, 3.1415927410125732, 3.1415927410125732, 3.1415927410125732, 3.1415927410125732, 3.1415927410125732, 3.1415927410125732, 3.1415927410125732, 3.1415927410125732, 0.0, 0.0, 0.0, 0.0, 0.0, 0.0, 0.0, 0.0, 0.0, 0.0, 0.0, 0.0, 0.0, 0.0, 0.0, 0.0, 0.0, 0.0, 0.0, 0.0, 0.0, 0.0, 0.0, 0.0, 3.1415927410125732, 3.1415927410125732, 3.1415927410125732, 3.1415927410125732, 3.1415927410125732, 3.1415927410125732, 3.1415927410125732, 3.1415927410125732, 0.0, 0.0, 0.0, 0.0, 0.0, 0.0, 0.0, 0.0, 0.0, 0.0, 0.0, 0.0, 0.0, 0.0, 0.0, 0.0, 0.0, 0.0, 0.0, 0.0, 0.0, 0.0, 0.0, 0.0, 3.1415927410125732, 3.1415927410125732, 3.1415927410125732, 3.1415927410125732, 3.1415927410125732, 3.1415927410125732, 3.1415927410125732, 3.1415927410125732, 0.0, 0.0, 0.0, 0.0, 0.0, 0.0, 0.0, 0.0, 0.0, 0.0, 0.0, 0.0, 0.0, 0.0, 0.0, 0.0, 0.0, 0.0, 0.0, 0.0, 0.0, 0.0, 0.0, 0.0, 3.1415927410125732, 3.1415927410125732, 3.1415927410125732, 3.1415927410125732, 3.1415927410125732, 3.1415927410125732, 3.1415927410125732, 3.1415927410125732, 0.0, 0.0, 0.0, 0.0, 0.0, 0.0, 0.0, 0.0, 0.0, 0.0, 0.0, 0.0, 0.0, 0.0, 0.0, 0.0, 0.0, 0.0, 0.0, 0.0, 0.0, 0.0, 0.0, 0.0, 3.1415927410125732, 3.1415927410125732, 3.1415927410125732, 3.1415927410125732, 3.1415927410125732, 3.1415927410125732, 3.1415927410125732, 3.1415927410125732, 0.0, 0.0, 0.0, 0.0, 0.0, 0.0, 0.0, 0.0, 0.0, 0.0, 0.0, 0.0, 0.0, 0.0, 0.0, 0.0, 0.0, 0.0, 0.0, 0.0, 0.0, 0.0, 0.0, 0.0, 3.1415927410125732, 3.1415927410125732, 3.1415927410125732, 3.1415927410125732, 3.1415927410125732, 3.1415927410125732, 3.1415927410125732, 3.1415927410125732, 0.0, 0.0, 0.0, 0.0, 0.0, 0.0, 0.0, 0.0, 0.0, 0.0, 0.0, 0.0, 0.0, 0.0, 0.0, 0.0]"
0.6088365,0.15223686,0.15219523,0.15220979,0.15219462,0.15220913,-9.53539467,-9.53664207,-9.53620815,-9.53666496,"[3.1415927410125732, 3.1415927410125732, 3.1415927410125732, 3.1415927410125732, 3.1415927410125732, 3.1415927410125732, 3.1415927410125732, 3.1415927410125732, 3.1415927410125732, 3.1415927410125732, 3.1415927410125732, 3.1415927410125732, 3.1415927410125732, 3.1415927410125732, 3.1415927410125732, 3.1415927410125732, 3.1415927410125732, 3.1415927410125732, 3.1415927410125732, 3.1415927410125732, 3.1415927410125732, 3.1415927410125732, 3.1415927410125732, 3.1415927410125732, 3.1415927410125732, 3.1415927410125732, 3.1415927410125732, 3.1415927410125732, 3.1415927410125732, 3.1415927410125732, 3.1415927410125732, 3.1415927410125732, 3.1415927410125732, 3.1415927410125732, 3.1415927410125732, 3.1415927410125732, 3.1415927410125732, 3.1415927410125732, 3.1415927410125732, 3.1415927410125732, 3.1415927410125732, 3.1415927410125732, 3.1415927410125732, 3.1415927410125732, 3.1415927410125732, 3.1415927410125732, 3.1415927410125732, 3.1415927410125732, 3.1415927410125732, 3.1415927410125732, 3.1415927410125732, 3.1415927410125732, 3.1415927410125732, 3.1415927410125732, 3.1415927410125732, 3.1415927410125732, 3.1415927410125732, 3.1415927410125732, 3.1415927410125732, 3.1415927410125732, 3.1415927410125732, 3.1415927410125732, 3.1415927410125732, 3.1415927410125732, 3.1415927410125732, 3.1415927410125732, 3.1415927410125732, 3.1415927410125732, 3.1415927410125732, 3.1415927410125732, 3.1415927410125732, 3.1415927410125732, 3.1415927410125732, 3.1415927410125732, 3.1415927410125732, 3.1415927410125732, 3.1415927410125732, 3.1415927410125732, 3.1415927410125732, 3.1415927410125732, 3.1415927410125732, 3.1415927410125732, 3.1415927410125732, 3.1415927410125732, 3.1415927410125732, 3.1415927410125732, 3.1415927410125732, 3.1415927410125732, 3.1415927410125732, 3.1415927410125732, 3.1415927410125732, 3.1415927410125732, 3.1415927410125732, 3.1415927410125732, 3.1415927410125732, 3.1415927410125732, 3.1415927410125732, 3.1415927410125732, 3.1415927410125732, 3.1415927410125732, 3.1415927410125732, 3.1415927410125732, 3.1415927410125732, 3.1415927410125732, 3.1415927410125732, 3.1415927410125732, 3.1415927410125732, 3.1415927410125732, 3.1415927410125732, 3.1415927410125732, 3.1415927410125732, 3.1415927410125732, 3.1415927410125732, 3.1415927410125732, 3.1415927410125732, 3.1415927410125732, 3.1415927410125732, 3.1415927410125732, 3.1415927410125732, 3.1415927410125732, 3.1415927410125732, 3.1415927410125732, 3.1415927410125732, 3.1415927410125732, 3.1415927410125732, 3.1415927410125732, 3.1415927410125732, 3.1415927410125732, 3.1415927410125732, 3.1415927410125732, 3.1415927410125732, 3.1415927410125732, 3.1415927410125732, 3.1415927410125732, 3.1415927410125732, 3.1415927410125732, 3.1415927410125732, 3.1415927410125732, 3.1415927410125732, 3.1415927410125732, 3.1415927410125732, 3.1415927410125732, 3.1415927410125732, 3.1415927410125732, 3.1415927410125732, 3.1415927410125732, 3.1415927410125732, 3.1415927410125732, 3.1415927410125732, 3.1415927410125732, 3.1415927410125732, 3.1415927410125732, 3.1415927410125732, 3.1415927410125732, 3.1415927410125732, 3.1415927410125732, 3.1415927410125732, 3.1415927410125732, 3.1415927410125732, 3.1415927410125732, 3.1415927410125732, 3.1415927410125732, 3.1415927410125732, 3.1415927410125732, 3.1415927410125732, 3.1415927410125732, 3.1415927410125732, 3.1415927410125732, 3.1415927410125732, 3.1415927410125732, 3.1415927410125732, 3.1415927410125732, 3.1415927410125732, 3.1415927410125732, 3.1415927410125732, 3.1415927410125732, 3.1415927410125732, 3.1415927410125732, 3.1415927410125732, 3.1415927410125732, 3.1415927410125732, 3.1415927410125732, 3.1415927410125732, 3.1415927410125732, 3.1415927410125732, 3.1415927410125732, 3.1415927410125732, 3.1415927410125732, 3.1415927410125732, 3.1415927410125732, 3.1415927410125732, 3.1415927410125732, 3.1415927410125732, 3.1415927410125732, 3.1415927410125732, 3.1415927410125732, 3.1415927410125732, 3.1415927410125732, 3.1415927410125732, 3.1415927410125732, 3.1415927410125732, 3.1415927410125732, 3.1415927410125732, 3.1415927410125732, 3.1415927410125732, 3.1415927410125732, 3.1415927410125732, 3.1415927410125732, 3.1415927410125732, 3.1415927410125732, 3.1415927410125732, 3.1415927410125732, 3.1415927410125732, 3.1415927410125732, 3.1415927410125732, 3.1415927410125732, 3.1415927410125732, 3.1415927410125732, 3.1415927410125732, 3.1415927410125732, 3.1415927410125732, 3.1415927410125732, 3.1415927410125732, 3.1415927410125732, 3.1415927410125732, 3.1415927410125732, 3.1415927410125732, 3.1415927410125732, 3.1415927410125732, 3.1415927410125732, 3.1415927410125732, 3.1415927410125732, 3.1415927410125732, 3.1415927410125732, 3.1415927410125732, 3.1415927410125732, 3.1415927410125732, 3.1415927410125732, 3.1415927410125732, 3.1415927410125732, 3.1415927410125732, 3.1415927410125732, 3.1415927410125732, 3.1415927410125732, 3.1415927410125732, 3.1415927410125732, 3.1415927410125732, 3.1415927410125732, 3.1415927410125732, 3.1415927410125732, 3.1415927410125732, 3.1415927410125732, 3.1415927410125732, 3.1415927410125732, 3.1415927410125732, 3.1415927410125732, 0.0, 0.0, 0.0, 0.0, 0.0, 0.0, 0.0, 0.0, 0.0, 0.0, 0.0, 0.0, 0.0, 0.0, 0.0, 0.0, 3.1415927410125732, 3.1415927410125732, 3.1415927410125732, 3.1415927410125732, 3.1415927410125732, 3.1415927410125732, 3.1415927410125732, 3.1415927410125732, 3.1415927410125732, 3.1415927410125732, 3.1415927410125732, 3.1415927410125732, 3.1415927410125732, 3.1415927410125732, 3.1415927410125732, 3.1415927410125732, 0.0, 0.0, 0.0, 0.0, 0.0, 0.0, 0.0, 0.0, 0.0, 0.0, 0.0, 0.0, 0.0, 0.0, 0.0, 0.0, 3.1415927410125732, 3.1415927410125732, 3.1415927410125732, 3.1415927410125732, 3.1415927410125732, 3.1415927410125732, 3.1415927410125732, 3.1415927410125732, 3.1415927410125732, 3.1415927410125732, 3.1415927410125732, 3.1415927410125732, 3.1415927410125732, 3.1415927410125732, 3.1415927410125732, 3.1415927410125732, 0.0, 0.0, 0.0, 0.0, 0.0, 0.0, 0.0, 0.0, 0.0, 0.0, 0.0, 0.0, 0.0, 0.0, 0.0, 0.0, 3.1415927410125732, 3.1415927410125732, 3.1415927410125732, 3.1415927410125732, 3.1415927410125732, 3.1415927410125732, 3.1415927410125732, 3.1415927410125732, 3.1415927410125732, 3.1415927410125732, 3.1415927410125732, 3.1415927410125732, 3.1415927410125732, 3.1415927410125732, 3.1415927410125732, 3.1415927410125732, 0.0, 0.0, 0.0, 0.0, 0.0, 0.0, 0.0, 0.0, 0.0, 0.0, 0.0, 0.0, 0.0, 0.0, 0.0, 0.0, 3.1415927410125732, 3.1415927410125732, 3.1415927410125732, 3.1415927410125732, 3.1415927410125732, 3.1415927410125732, 3.1415927410125732, 3.1415927410125732, 3.1415927410125732, 3.1415927410125732, 3.1415927410125732, 3.1415927410125732, 3.1415927410125732, 3.1415927410125732, 3.1415927410125732, 3.1415927410125732, 0.0, 0.0, 0.0, 0.0, 0.0, 0.0, 0.0, 0.0, 0.0, 0.0, 0.0, 0.0, 0.0, 0.0, 0.0, 0.0, 3.1415927410125732, 3.1415927410125732, 3.1415927410125732, 3.1415927410125732, 3.1415927410125732, 3.1415927410125732, 3.1415927410125732, 3.1415927410125732, 3.1415927410125732, 3.1415927410125732, 3.1415927410125732, 3.1415927410125732, 3.1415927410125732, 3.1415927410125732, 3.1415927410125732, 3.1415927410125732, 0.0, 0.0, 0.0, 0.0, 0.0, 0.0, 0.0, 0.0, 0.0, 0.0, 0.0, 0.0, 0.0, 0.0, 0.0, 0.0, 3.1415927410125732, 3.1415927410125732, 3.1415927410125732, 3.1415927410125732, 3.1415927410125732, 3.1415927410125732, 3.1415927410125732, 3.1415927410125732, 3.1415927410125732, 3.1415927410125732, 3.1415927410125732, 3.1415927410125732, 3.1415927410125732, 3.1415927410125732, 3.1415927410125732, 3.1415927410125732, 0.0, 0.0, 0.0, 0.0, 0.0, 0.0, 0.0, 0.0, 0.0, 0.0, 0.0, 0.0, 0.0, 0.0, 0.0, 0.0, 3.1415927410125732, 3.1415927410125732, 3.1415927410125732, 3.1415927410125732, 3.1415927410125732, 3.1415927410125732, 3.1415927410125732, 3.1415927410125732, 3.1415927410125732, 3.1415927410125732, 3.1415927410125732, 3.1415927410125732, 3.1415927410125732, 3.1415927410125732, 3.1415927410125732, 3.1415927410125732, 0.0, 0.0, 0.0, 0.0, 0.0, 0.0, 0.0, 0.0, 0.0, 0.0, 0.0, 0.0, 0.0, 0.0, 0.0, 0.0, 3.1415927410125732, 3.1415927410125732, 3.1415927410125732, 3.1415927410125732, 3.1415927410125732, 3.1415927410125732, 3.1415927410125732, 3.1415927410125732, 3.1415927410125732, 3.1415927410125732, 3.1415927410125732, 3.1415927410125732, 3.1415927410125732, 3.1415927410125732, 3.1415927410125732, 3.1415927410125732, 0.0, 0.0, 0.0, 0.0, 0.0, 0.0, 0.0, 0.0, 0.0, 0.0, 0.0, 0.0, 0.0, 0.0, 0.0, 0.0, 0.0, 0.0, 0.0, 0.0, 0.0, 0.0, 0.0, 0.0, 0.0, 0.0, 0.0, 0.0, 0.0, 0.0, 0.0, 0.0, 0.0, 0.0, 0.0, 0.0, 0.0, 0.0, 0.0, 0.0, 0.0, 0.0, 0.0, 0.0, 0.0, 0.0, 0.0, 0.0, 0.0, 0.0, 0.0, 0.0, 0.0, 0.0, 0.0, 0.0, 0.0, 0.0, 0.0, 0.0, 0.0, 0.0, 0.0, 0.0, 0.0, 0.0, 0.0, 0.0, 0.0, 0.0, 0.0, 0.0, 0.0, 0.0, 0.0, 0.0, 0.0, 0.0, 0.0, 0.0, 0.0, 0.0, 0.0, 0.0, 0.0, 0.0, 0.0, 0.0, 0.0, 0.0, 0.0, 0.0, 0.0, 0.0, 0.0, 0.0, 0.0, 0.0, 0.0, 0.0, 0.0, 0.0, 0.0, 0.0, 0.0, 0.0, 0.0, 0.0, 0.0, 0.0, 0.0, 0.0, 0.0, 0.0, 0.0, 0.0, 0.0, 0.0, 0.0, 0.0, 0.0, 0.0, 0.0, 0.0, 0.0, 0.0, 0.0, 0.0, 0.0, 0.0, 0.0, 0.0, 0.0, 0.0, 0.0, 0.0, 0.0, 0.0, 0.0, 0.0, 0.0, 0.0, 0.0, 0.0, 0.0, 0.0, 0.0, 0.0, 0.0, 0.0, 0.0, 0.0, 0.0, 0.0, 0.0, 0.0, 0.0, 0.0, 0.0, 0.0, 0.0, 0.0, 0.0, 0.0, 0.0, 0.0, 0.0, 0.0, 0.0, 0.0, 0.0, 0.0, 0.0, 0.0, 0.0, 0.0, 0.0, 0.0, 0.0, 0.0, 0.0, 0.0, 0.0, 0.0, 0.0, 0.0, 0.0, 0.0, 0.0, 0.0, 0.0, 0.0, 0.0, 0.0, 0.0, 0.0, 0.0, 0.0, 0.0, 0.0, 0.0, 0.0, 0.0, 0.0, 0.0, 0.0, 0.0, 0.0, 0.0, 0.0, 0.0, 0.0, 0.0, 0.0, 0.0, 0.0, 0.0, 0.0, 0.0, 0.0, 0.0, 0.0, 0.0, 0.0, 0.0, 0.0, 0.0, 0.0, 0.0, 0.0, 0.0, 0.0, 0.0, 0.0, 0.0, 0.0, 0.0, 0.0, 0.0, 0.0, 0.0, 0.0, 0.0, 0.0, 0.0, 0.0, 0.0, 0.0, 0.0, 0.0, 0.0, 0.0, 0.0, 0.0, 0.0, 0.0, 0.0, 0.0, 0.0, 0.0, 0.0, 0.0, 0.0, 0.0, 3.1415927410125732, 3.1415927410125732, 3.1415927410125732, 3.1415927410125732, 3.1415927410125732, 3.1415927410125732, 3.1415927410125732, 3.1415927410125732, 0.0, 0.0, 0.0, 0.0, 0.0, 0.0, 0.0, 0.0, 0.0, 0.0, 0.0, 0.0, 0.0, 0.0, 0.0, 0.0, 0.0, 0.0, 0.0, 0.0, 0.0, 0.0, 0.0, 0.0, 3.1415927410125732, 3.1415927410125732, 3.1415927410125732, 3.1415927410125732, 3.1415927410125732, 3.1415927410125732, 3.1415927410125732, 3.1415927410125732, 0.0, 0.0, 0.0, 0.0, 0.0, 0.0, 0.0, 0.0, 0.0, 0.0, 0.0, 0.0, 0.0, 0.0, 0.0, 0.0, 0.0, 0.0, 0.0, 0.0, 0.0, 0.0, 0.0, 0.0, 3.1415927410125732, 3.1415927410125732, 3.1415927410125732, 3.1415927410125732, 3.1415927410125732, 3.1415927410125732, 3.1415927410125732, 3.1415927410125732, 0.0, 0.0, 0.0, 0.0, 0.0, 0.0, 0.0, 0.0, 0.0, 0.0, 0.0, 0.0, 0.0, 0.0, 0.0, 0.0, 0.0, 0.0, 0.0, 0.0, 0.0, 0.0, 0.0, 0.0, 3.1415927410125732, 3.1415927410125732, 3.1415927410125732, 3.1415927410125732, 3.1415927410125732, 3.1415927410125732, 3.1415927410125732, 3.1415927410125732, 0.0, 0.0, 0.0, 0.0, 0.0, 0.0, 0.0, 0.0, 0.0, 0.0, 0.0, 0.0, 0.0, 0.0, 0.0, 0.0, 0.0, 0.0, 0.0, 0.0, 0.0, 0.0, 0.0, 0.0, 3.1415927410125732, 3.1415927410125732, 3.1415927410125732, 3.1415927410125732, 3.1415927410125732, 3.1415927410125732, 3.1415927410125732, 3.1415927410125732, 0.0, 0.0, 0.0, 0.0, 0.0, 0.0, 0.0, 0.0, 0.0, 0.0, 0.0, 0.0, 0.0, 0.0, 0.0, 0.0, 0.0, 0.0, 0.0, 0.0, 0.0, 0.0, 0.0, 0.0, 3.1415927410125732, 3.1415927410125732, 3.1415927410125732, 3.1415927410125732, 3.1415927410125732, 3.1415927410125732, 3.1415927410125732, 3.1415927410125732, 0.0, 0.0, 0.0, 0.0, 0.0, 0.0, 0.0, 0.0, 0.0, 0.0, 0.0, 0.0, 0.0, 0.0, 0.0, 0.0, 0.0, 0.0, 0.0, 0.0, 0.0, 0.0, 0.0, 0.0, 3.1415927410125732, 3.1415927410125732, 3.1415927410125732, 3.1415927410125732, 3.1415927410125732, 3.1415927410125732, 3.1415927410125732, 3.1415927410125732, 0.0, 0.0, 0.0, 0.0, 0.0, 0.0, 0.0, 0.0, 0.0, 0.0, 0.0, 0.0, 0.0, 0.0, 0.0, 0.0, 0.0, 0.0, 0.0, 0.0, 0.0, 0.0, 0.0, 0.0, 3.1415927410125732, 3.1415927410125732, 3.1415927410125732, 3.1415927410125732, 3.1415927410125732, 3.1415927410125732, 3.1415927410125732, 3.1415927410125732, 0.0, 0.0, 0.0, 0.0, 0.0, 0.0, 0.0, 0.0, 0.0, 0.0, 0.0, 0.0, 0.0, 0.0, 0.0, 0.0]"
0.6088365,0.15223686,0.15219523,0.15220979,0.15219462,0.15220913,-9.53539467,-9.53664207,-9.53620815,-9.53666496,"[3.1415927410125732, 3.1415927410125732, 3.1415927410125732, 3.1415927410125732, 3.1415927410125732, 3.1415927410125732, 3.1415927410125732, 3.1415927410125732, 3.1415927410125732, 3.1415927410125732, 3.1415927410125732, 3.1415927410125732, 3.1415927410125732, 3.1415927410125732, 3.1415927410125732, 3.1415927410125732, 3.1415927410125732, 3.1415927410125732, 3.1415927410125732, 3.1415927410125732, 3.1415927410125732, 3.1415927410125732, 3.1415927410125732, 3.1415927410125732, 3.1415927410125732, 3.1415927410125732, 3.1415927410125732, 3.1415927410125732, 3.1415927410125732, 3.1415927410125732, 3.1415927410125732, 3.1415927410125732, 3.1415927410125732, 3.1415927410125732, 3.1415927410125732, 3.1415927410125732, 3.1415927410125732, 3.1415927410125732, 3.1415927410125732, 3.1415927410125732, 3.1415927410125732, 3.1415927410125732, 3.1415927410125732, 3.1415927410125732, 3.1415927410125732, 3.1415927410125732, 3.1415927410125732, 3.1415927410125732, 3.1415927410125732, 3.1415927410125732, 3.1415927410125732, 3.1415927410125732, 3.1415927410125732, 3.1415927410125732, 3.1415927410125732, 3.1415927410125732, 3.1415927410125732, 3.1415927410125732, 3.1415927410125732, 3.1415927410125732, 3.1415927410125732, 3.1415927410125732, 3.1415927410125732, 3.1415927410125732, 3.1415927410125732, 3.1415927410125732, 3.1415927410125732, 3.1415927410125732, 3.1415927410125732, 3.1415927410125732, 3.1415927410125732, 3.1415927410125732, 3.1415927410125732, 3.1415927410125732, 3.1415927410125732, 3.1415927410125732, 3.1415927410125732, 3.1415927410125732, 3.1415927410125732, 3.1415927410125732, 3.1415927410125732, 3.1415927410125732, 3.1415927410125732, 3.1415927410125732, 3.1415927410125732, 3.1415927410125732, 3.1415927410125732, 3.1415927410125732, 3.1415927410125732, 3.1415927410125732, 3.1415927410125732, 3.1415927410125732, 3.1415927410125732, 3.1415927410125732, 3.1415927410125732, 3.1415927410125732, 3.1415927410125732, 3.1415927410125732, 3.1415927410125732, 3.1415927410125732, 3.1415927410125732, 3.1415927410125732, 3.1415927410125732, 3.1415927410125732, 3.1415927410125732, 3.1415927410125732, 3.1415927410125732, 3.1415927410125732, 3.1415927410125732, 3.1415927410125732, 3.1415927410125732, 3.1415927410125732, 3.1415927410125732, 3.1415927410125732, 3.1415927410125732, 3.1415927410125732, 3.1415927410125732, 3.1415927410125732, 3.1415927410125732, 3.1415927410125732, 3.1415927410125732, 3.1415927410125732, 3.1415927410125732, 3.1415927410125732, 3.1415927410125732, 3.1415927410125732, 3.1415927410125732, 3.1415927410125732, 3.1415927410125732, 3.1415927410125732, 3.1415927410125732, 3.1415927410125732, 3.1415927410125732, 3.1415927410125732, 3.1415927410125732, 3.1415927410125732, 3.1415927410125732, 3.1415927410125732, 3.1415927410125732, 3.1415927410125732, 3.1415927410125732, 3.1415927410125732, 3.1415927410125732, 3.1415927410125732, 3.1415927410125732, 3.1415927410125732, 3.1415927410125732, 3.1415927410125732, 3.1415927410125732, 3.1415927410125732, 3.1415927410125732, 3.1415927410125732, 3.1415927410125732, 3.1415927410125732, 3.1415927410125732, 3.1415927410125732, 3.1415927410125732, 3.1415927410125732, 3.1415927410125732, 3.1415927410125732, 3.1415927410125732, 3.1415927410125732, 3.1415927410125732, 3.1415927410125732, 3.1415927410125732, 3.1415927410125732, 3.1415927410125732, 3.1415927410125732, 3.1415927410125732, 3.1415927410125732, 3.1415927410125732, 3.1415927410125732, 3.1415927410125732, 3.1415927410125732, 3.1415927410125732, 3.1415927410125732, 3.1415927410125732, 3.1415927410125732, 3.1415927410125732, 3.1415927410125732, 3.1415927410125732, 3.1415927410125732, 3.1415927410125732, 3.1415927410125732, 3.1415927410125732, 3.1415927410125732, 3.1415927410125732, 3.1415927410125732, 3.1415927410125732, 3.1415927410125732, 3.1415927410125732, 3.1415927410125732, 3.1415927410125732, 3.1415927410125732, 3.1415927410125732, 3.1415927410125732, 3.1415927410125732, 3.1415927410125732, 3.1415927410125732, 3.1415927410125732, 3.1415927410125732, 3.1415927410125732, 3.1415927410125732, 3.1415927410125732, 3.1415927410125732, 3.1415927410125732, 3.1415927410125732, 3.1415927410125732, 3.1415927410125732, 3.1415927410125732, 3.1415927410125732, 3.1415927410125732, 3.1415927410125732, 3.1415927410125732, 3.1415927410125732, 3.1415927410125732, 3.1415927410125732, 3.1415927410125732, 3.1415927410125732, 3.1415927410125732, 3.1415927410125732, 3.1415927410125732, 3.1415927410125732, 3.1415927410125732, 3.1415927410125732, 3.1415927410125732, 3.1415927410125732, 3.1415927410125732, 3.1415927410125732, 3.1415927410125732, 3.1415927410125732, 3.1415927410125732, 3.1415927410125732, 3.1415927410125732, 3.1415927410125732, 3.1415927410125732, 3.1415927410125732, 3.1415927410125732, 3.1415927410125732, 3.1415927410125732, 3.1415927410125732, 3.1415927410125732, 3.1415927410125732, 3.1415927410125732, 3.1415927410125732, 3.1415927410125732, 3.1415927410125732, 3.1415927410125732, 3.1415927410125732, 3.1415927410125732, 3.1415927410125732, 3.1415927410125732, 3.1415927410125732, 3.1415927410125732, 3.1415927410125732, 3.1415927410125732, 0.0, 0.0, 0.0, 0.0, 0.0, 0.0, 0.0, 0.0, 0.0, 0.0, 0.0, 0.0, 0.0, 0.0, 0.0, 0.0, 3.1415927410125732, 3.1415927410125732, 3.1415927410125732, 3.1415927410125732, 3.1415927410125732, 3.1415927410125732, 3.1415927410125732, 3.1415927410125732, 3.1415927410125732, 3.1415927410125732, 3.1415927410125732, 3.1415927410125732, 3.1415927410125732, 3.1415927410125732, 3.1415927410125732, 3.1415927410125732, 0.0, 0.0, 0.0, 0.0, 0.0, 0.0, 0.0, 0.0, 0.0, 0.0, 0.0, 0.0, 0.0, 0.0, 0.0, 0.0, 3.1415927410125732, 3.1415927410125732, 3.1415927410125732, 3.1415927410125732, 3.1415927410125732, 3.1415927410125732, 3.1415927410125732, 3.1415927410125732, 3.1415927410125732, 3.1415927410125732, 3.1415927410125732, 3.1415927410125732, 3.1415927410125732, 3.1415927410125732, 3.1415927410125732, 3.1415927410125732, 0.0, 0.0, 0.0, 0.0, 0.0, 0.0, 0.0, 0.0, 0.0, 0.0, 0.0, 0.0, 0.0, 0.0, 0.0, 0.0, 3.1415927410125732, 3.1415927410125732, 3.1415927410125732, 3.1415927410125732, 3.1415927410125732, 3.1415927410125732, 3.1415927410125732, 3.1415927410125732, 3.1415927410125732, 3.1415927410125732, 3.1415927410125732, 3.1415927410125732, 3.1415927410125732, 3.1415927410125732, 3.1415927410125732, 3.1415927410125732, 0.0, 0.0, 0.0, 0.0, 0.0, 0.0, 0.0, 0.0, 0.0, 0.0, 0.0, 0.0, 0.0, 0.0, 0.0, 0.0, 3.1415927410125732, 3.1415927410125732, 3.1415927410125732, 3.1415927410125732, 3.1415927410125732, 3.1415927410125732, 3.1415927410125732, 3.1415927410125732, 3.1415927410125732, 3.1415927410125732, 3.1415927410125732, 3.1415927410125732, 3.1415927410125732, 3.1415927410125732, 3.1415927410125732, 3.1415927410125732, 0.0, 0.0, 0.0, 0.0, 0.0, 0.0, 0.0, 0.0, 0.0, 0.0, 0.0, 0.0, 0.0, 0.0, 0.0, 0.0, 3.1415927410125732, 3.1415927410125732, 3.1415927410125732, 3.1415927410125732, 3.1415927410125732, 3.1415927410125732, 3.1415927410125732, 3.1415927410125732, 3.1415927410125732, 3.1415927410125732, 3.1415927410125732, 3.1415927410125732, 3.1415927410125732, 3.1415927410125732, 3.1415927410125732, 3.1415927410125732, 0.0, 0.0, 0.0, 0.0, 0.0, 0.0, 0.0, 0.0, 0.0, 0.0, 0.0, 0.0, 0.0, 0.0, 0.0, 0.0, 3.1415927410125732, 3.1415927410125732, 3.1415927410125732, 3.1415927410125732, 3.1415927410125732, 3.1415927410125732, 3.1415927410125732, 3.1415927410125732, 3.1415927410125732, 3.1415927410125732, 3.1415927410125732, 3.1415927410125732, 3.1415927410125732, 3.1415927410125732, 3.1415927410125732, 3.1415927410125732, 0.0, 0.0, 0.0, 0.0, 0.0, 0.0, 0.0, 0.0, 0.0, 0.0, 0.0, 0.0, 0.0, 0.0, 0.0, 0.0, 3.1415927410125732, 3.1415927410125732, 3.1415927410125732, 3.1415927410125732, 3.1415927410125732, 3.1415927410125732, 3.1415927410125732, 3.1415927410125732, 3.1415927410125732, 3.1415927410125732, 3.1415927410125732, 3.1415927410125732, 3.1415927410125732, 3.1415927410125732, 3.1415927410125732, 3.1415927410125732, 0.0, 0.0, 0.0, 0.0, 0.0, 0.0, 0.0, 0.0, 0.0, 0.0, 0.0, 0.0, 0.0, 0.0, 0.0, 0.0, 3.1415927410125732, 3.1415927410125732, 3.1415927410125732, 3.1415927410125732, 3.1415927410125732, 3.1415927410125732, 3.1415927410125732, 3.1415927410125732, 3.1415927410125732, 3.1415927410125732, 3.1415927410125732, 3.1415927410125732, 3.1415927410125732, 3.1415927410125732, 3.1415927410125732, 3.1415927410125732, 0.0, 0.0, 0.0, 0.0, 0.0, 0.0, 0.0, 0.0, 0.0, 0.0, 0.0, 0.0, 0.0, 0.0, 0.0, 0.0, 0.0, 0.0, 0.0, 0.0, 0.0, 0.0, 0.0, 0.0, 0.0, 0.0, 0.0, 0.0, 0.0, 0.0, 0.0, 0.0, 0.0, 0.0, 0.0, 0.0, 0.0, 0.0, 0.0, 0.0, 0.0, 0.0, 0.0, 0.0, 0.0, 0.0, 0.0, 0.0, 0.0, 0.0, 0.0, 0.0, 0.0, 0.0, 0.0, 0.0, 0.0, 0.0, 0.0, 0.0, 0.0, 0.0, 0.0, 0.0, 0.0, 0.0, 0.0, 0.0, 0.0, 0.0, 0.0, 0.0, 0.0, 0.0, 0.0, 0.0, 0.0, 0.0, 0.0, 0.0, 0.0, 0.0, 0.0, 0.0, 0.0, 0.0, 0.0, 0.0, 0.0, 0.0, 0.0, 0.0, 0.0, 0.0, 0.0, 0.0, 0.0, 0.0, 0.0, 0.0, 0.0, 0.0, 0.0, 0.0, 0.0, 0.0, 0.0, 0.0, 0.0, 0.0, 0.0, 0.0, 0.0, 0.0, 0.0, 0.0, 0.0, 0.0, 0.0, 0.0, 0.0, 0.0, 0.0, 0.0, 0.0, 0.0, 0.0, 0.0, 0.0, 0.0, 0.0, 0.0, 0.0, 0.0, 0.0, 0.0, 0.0, 0.0, 0.0, 0.0, 0.0, 0.0, 0.0, 0.0, 0.0, 0.0, 0.0, 0.0, 0.0, 0.0, 0.0, 0.0, 0.0, 0.0, 0.0, 0.0, 0.0, 0.0, 0.0, 0.0, 0.0, 0.0, 0.0, 0.0, 0.0, 0.0, 0.0, 0.0, 0.0, 0.0, 0.0, 0.0, 0.0, 0.0, 0.0, 0.0, 0.0, 0.0, 0.0, 0.0, 0.0, 0.0, 0.0, 0.0, 0.0, 0.0, 0.0, 0.0, 0.0, 0.0, 0.0, 0.0, 0.0, 0.0, 0.0, 0.0, 0.0, 0.0, 0.0, 0.0, 0.0, 0.0, 0.0, 0.0, 0.0, 0.0, 0.0, 0.0, 0.0, 0.0, 0.0, 0.0, 0.0, 0.0, 0.0, 0.0, 0.0, 0.0, 0.0, 0.0, 0.0, 0.0, 0.0, 0.0, 0.0, 0.0, 0.0, 0.0, 0.0, 0.0, 0.0, 0.0, 0.0, 0.0, 0.0, 0.0, 0.0, 0.0, 0.0, 0.0, 0.0, 0.0, 0.0, 0.0, 0.0, 0.0, 0.0, 0.0, 0.0, 0.0, 0.0, 0.0, 0.0, 0.0, 0.0, 0.0, 0.0, 0.0, 0.0, 0.0, 0.0, 0.0, 0.0, 0.0, 3.1415927410125732, 3.1415927410125732, 3.1415927410125732, 3.1415927410125732, 3.1415927410125732, 3.1415927410125732, 3.1415927410125732, 3.1415927410125732, 0.0, 0.0, 0.0, 0.0, 0.0, 0.0, 0.0, 0.0, 0.0, 0.0, 0.0, 0.0, 0.0, 0.0, 0.0, 0.0, 0.0, 0.0, 0.0, 0.0, 0.0, 0.0, 0.0, 0.0, 3.1415927410125732, 3.1415927410125732, 3.1415927410125732, 3.1415927410125732, 3.1415927410125732, 3.1415927410125732, 3.1415927410125732, 3.1415927410125732, 0.0, 0.0, 0.0, 0.0, 0.0, 0.0, 0.0, 0.0, 0.0, 0.0, 0.0, 0.0, 0.0, 0.0, 0.0, 0.0, 0.0, 0.0, 0.0, 0.0, 0.0, 0.0, 0.0, 0.0, 3.1415927410125732, 3.1415927410125732, 3.1415927410125732, 3.1415927410125732, 3.1415927410125732, 3.1415927410125732, 3.1415927410125732, 3.1415927410125732, 0.0, 0.0, 0.0, 0.0, 0.0, 0.0, 0.0, 0.0, 0.0, 0.0, 0.0, 0.0, 0.0, 0.0, 0.0, 0.0, 0.0, 0.0, 0.0, 0.0, 0.0, 0.0, 0.0, 0.0, 3.1415927410125732, 3.1415927410125732, 3.1415927410125732, 3.1415927410125732, 3.1415927410125732, 3.1415927410125732, 3.1415927410125732, 3.1415927410125732, 0.0, 0.0, 0.0, 0.0, 0.0, 0.0, 0.0, 0.0, 0.0, 0.0, 0.0, 0.0, 0.0, 0.0, 0.0, 0.0, 0.0, 0.0, 0.0, 0.0, 0.0, 0.0, 0.0, 0.0, 3.1415927410125732, 3.1415927410125732, 3.1415927410125732, 3.1415927410125732, 3.1415927410125732, 3.1415927410125732, 3.1415927410125732, 3.1415927410125732, 0.0, 0.0, 0.0, 0.0, 0.0, 0.0, 0.0, 0.0, 0.0, 0.0, 0.0, 0.0, 0.0, 0.0, 0.0, 0.0, 0.0, 0.0, 0.0, 0.0, 0.0, 0.0, 0.0, 0.0, 3.1415927410125732, 3.1415927410125732, 3.1415927410125732, 3.1415927410125732, 3.1415927410125732, 3.1415927410125732, 3.1415927410125732, 3.1415927410125732, 0.0, 0.0, 0.0, 0.0, 0.0, 0.0, 0.0, 0.0, 0.0, 0.0, 0.0, 0.0, 0.0, 0.0, 0.0, 0.0, 0.0, 0.0, 0.0, 0.0, 0.0, 0.0, 0.0, 0.0, 3.1415927410125732, 3.1415927410125732, 3.1415927410125732, 3.1415927410125732, 3.1415927410125732, 3.1415927410125732, 3.1415927410125732, 3.1415927410125732, 0.0, 0.0, 0.0, 0.0, 0.0, 0.0, 0.0, 0.0, 0.0, 0.0, 0.0, 0.0, 0.0, 0.0, 0.0, 0.0, 0.0, 0.0, 0.0, 0.0, 0.0, 0.0, 0.0, 0.0, 3.1415927410125732, 3.1415927410125732, 3.1415927410125732, 3.1415927410125732, 3.1415927410125732, 3.1415927410125732, 3.1415927410125732, 3.1415927410125732, 0.0, 0.0, 0.0, 0.0, 0.0, 0.0, 0.0, 0.0, 0.0, 0.0, 0.0, 0.0, 0.0, 0.0, 0.0, 0.0]"
0.6088365,0.15223686,0.15219523,0.15220979,0.15219462,0.15220913,-9.53539467,-9.53664207,-9.53620815,-9.53666496,"[3.1415927410125732, 3.1415927410125732, 3.1415927410125732, 3.1415927410125732, 3.1415927410125732, 3.1415927410125732, 3.1415927410125732, 3.1415927410125732, 3.1415927410125732, 3.1415927410125732, 3.1415927410125732, 3.1415927410125732, 3.1415927410125732, 3.1415927410125732, 3.1415927410125732, 3.1415927410125732, 3.1415927410125732, 3.1415927410125732, 3.1415927410125732, 3.1415927410125732, 3.1415927410125732, 3.1415927410125732, 3.1415927410125732, 3.1415927410125732, 3.1415927410125732, 3.1415927410125732, 3.1415927410125732, 3.1415927410125732, 3.1415927410125732, 3.1415927410125732, 3.1415927410125732, 3.1415927410125732, 3.1415927410125732, 3.1415927410125732, 3.1415927410125732, 3.1415927410125732, 3.1415927410125732, 3.1415927410125732, 3.1415927410125732, 3.1415927410125732, 3.1415927410125732, 3.1415927410125732, 3.1415927410125732, 3.1415927410125732, 3.1415927410125732, 3.1415927410125732, 3.1415927410125732, 3.1415927410125732, 3.1415927410125732, 3.1415927410125732, 3.1415927410125732, 3.1415927410125732, 3.1415927410125732, 3.1415927410125732, 3.1415927410125732, 3.1415927410125732, 3.1415927410125732, 3.1415927410125732, 3.1415927410125732, 3.1415927410125732, 3.1415927410125732, 3.1415927410125732, 3.1415927410125732, 3.1415927410125732, 3.1415927410125732, 3.1415927410125732, 3.1415927410125732, 3.1415927410125732, 3.1415927410125732, 3.1415927410125732, 3.1415927410125732, 3.1415927410125732, 3.1415927410125732, 3.1415927410125732, 3.1415927410125732, 3.1415927410125732, 3.1415927410125732, 3.1415927410125732, 3.1415927410125732, 3.1415927410125732, 3.1415927410125732, 3.1415927410125732, 3.1415927410125732, 3.1415927410125732, 3.1415927410125732, 3.1415927410125732, 3.1415927410125732, 3.1415927410125732, 3.1415927410125732, 3.1415927410125732, 3.1415927410125732, 3.1415927410125732, 3.1415927410125732, 3.1415927410125732, 3.1415927410125732, 3.1415927410125732, 3.1415927410125732, 3.1415927410125732, 3.1415927410125732, 3.1415927410125732, 3.1415927410125732, 3.1415927410125732, 3.1415927410125732, 3.1415927410125732, 3.1415927410125732, 3.1415927410125732, 3.1415927410125732, 3.1415927410125732, 3.1415927410125732, 3.1415927410125732, 3.1415927410125732, 3.1415927410125732, 3.1415927410125732, 3.1415927410125732, 3.1415927410125732, 3.1415927410125732, 3.1415927410125732, 3.1415927410125732, 3.1415927410125732, 3.1415927410125732, 3.1415927410125732, 3.1415927410125732, 3.1415927410125732, 3.1415927410125732, 3.1415927410125732, 3.1415927410125732, 3.1415927410125732, 3.1415927410125732, 3.1415927410125732, 3.1415927410125732, 3.1415927410125732, 3.1415927410125732, 3.1415927410125732, 3.1415927410125732, 3.1415927410125732, 3.1415927410125732, 3.1415927410125732, 3.1415927410125732, 3.1415927410125732, 3.1415927410125732, 3.1415927410125732, 3.1415927410125732, 3.1415927410125732, 3.1415927410125732, 3.1415927410125732, 3.1415927410125732, 3.1415927410125732, 3.1415927410125732, 3.1415927410125732, 3.1415927410125732, 3.1415927410125732, 3.1415927410125732, 3.1415927410125732, 3.1415927410125732, 3.1415927410125732, 3.1415927410125732, 3.1415927410125732, 3.1415927410125732, 3.1415927410125732, 3.1415927410125732, 3.1415927410125732, 3.1415927410125732, 3.1415927410125732, 3.1415927410125732, 3.1415927410125732, 3.1415927410125732, 3.1415927410125732, 3.1415927410125732, 3.1415927410125732, 3.1415927410125732, 3.1415927410125732, 3.1415927410125732, 3.1415927410125732, 3.1415927410125732, 3.1415927410125732, 3.1415927410125732, 3.1415927410125732, 3.1415927410125732, 3.1415927410125732, 3.1415927410125732, 3.1415927410125732, 3.1415927410125732, 3.1415927410125732, 3.1415927410125732, 3.1415927410125732, 3.1415927410125732, 3.1415927410125732, 3.1415927410125732, 3.1415927410125732, 3.1415927410125732, 3.1415927410125732, 3.1415927410125732, 3.1415927410125732, 3.1415927410125732, 3.1415927410125732, 3.1415927410125732, 3.1415927410125732, 3.1415927410125732, 3.1415927410125732, 3.1415927410125732, 3.1415927410125732, 3.1415927410125732, 3.1415927410125732, 3.1415927410125732, 3.1415927410125732, 3.1415927410125732, 3.1415927410125732, 3.1415927410125732, 3.1415927410125732, 3.1415927410125732, 3.1415927410125732, 3.1415927410125732, 3.1415927410125732, 3.1415927410125732, 3.1415927410125732, 3.1415927410125732, 3.1415927410125732, 3.1415927410125732, 3.1415927410125732, 3.1415927410125732, 3.1415927410125732, 3.1415927410125732, 3.1415927410125732, 3.1415927410125732, 3.1415927410125732, 3.1415927410125732, 3.1415927410125732, 3.1415927410125732, 3.1415927410125732, 3.1415927410125732, 3.1415927410125732, 3.1415927410125732, 3.1415927410125732, 3.1415927410125732, 3.1415927410125732, 3.1415927410125732, 3.1415927410125732, 3.1415927410125732, 3.1415927410125732, 3.1415927410125732, 3.1415927410125732, 3.1415927410125732, 3.1415927410125732, 3.1415927410125732, 3.1415927410125732, 3.1415927410125732, 3.1415927410125732, 3.1415927410125732, 3.1415927410125732, 3.1415927410125732, 3.1415927410125732, 3.1415927410125732, 3.1415927410125732, 3.1415927410125732, 3.1415927410125732, 3.1415927410125732, 0.0, 0.0, 0.0, 0.0, 0.0, 0.0, 0.0, 0.0, 0.0, 0.0, 0.0, 0.0, 0.0, 0.0, 0.0, 0.0, 3.1415927410125732, 3.1415927410125732, 3.1415927410125732, 3.1415927410125732, 3.1415927410125732, 3.1415927410125732, 3.1415927410125732, 3.1415927410125732, 3.1415927410125732, 3.1415927410125732, 3.1415927410125732, 3.1415927410125732, 3.1415927410125732, 3.1415927410125732, 3.1415927410125732, 3.1415927410125732, 0.0, 0.0, 0.0, 0.0, 0.0, 0.0, 0.0, 0.0, 0.0, 0.0, 0.0, 0.0, 0.0, 0.0, 0.0, 0.0, 3.1415927410125732, 3.1415927410125732, 3.1415927410125732, 3.1415927410125732, 3.1415927410125732, 3.1415927410125732, 3.1415927410125732, 3.1415927410125732, 3.1415927410125732, 3.1415927410125732, 3.1415927410125732, 3.1415927410125732, 3.1415927410125732, 3.1415927410125732, 3.1415927410125732, 3.1415927410125732, 0.0, 0.0, 0.0, 0.0, 0.0, 0.0, 0.0, 0.0, 0.0, 0.0, 0.0, 0.0, 0.0, 0.0, 0.0, 0.0, 3.1415927410125732, 3.1415927410125732, 3.1415927410125732, 3.1415927410125732, 3.1415927410125732, 3.1415927410125732, 3.1415927410125732, 3.1415927410125732, 3.1415927410125732, 3.1415927410125732, 3.1415927410125732, 3.1415927410125732, 3.1415927410125732, 3.1415927410125732, 3.1415927410125732, 3.1415927410125732, 0.0, 0.0, 0.0, 0.0, 0.0, 0.0, 0.0, 0.0, 0.0, 0.0, 0.0, 0.0, 0.0, 0.0, 0.0, 0.0, 3.1415927410125732, 3.1415927410125732, 3.1415927410125732, 3.1415927410125732, 3.1415927410125732, 3.1415927410125732, 3.1415927410125732, 3.1415927410125732, 3.1415927410125732, 3.1415927410125732, 3.1415927410125732, 3.1415927410125732, 3.1415927410125732, 3.1415927410125732, 3.1415927410125732, 3.1415927410125732, 0.0, 0.0, 0.0, 0.0, 0.0, 0.0, 0.0, 0.0, 0.0, 0.0, 0.0, 0.0, 0.0, 0.0, 0.0, 0.0, 3.1415927410125732, 3.1415927410125732, 3.1415927410125732, 3.1415927410125732, 3.1415927410125732, 3.1415927410125732, 3.1415927410125732, 3.1415927410125732, 3.1415927410125732, 3.1415927410125732, 3.1415927410125732, 3.1415927410125732, 3.1415927410125732, 3.1415927410125732, 3.1415927410125732, 3.1415927410125732, 0.0, 0.0, 0.0, 0.0, 0.0, 0.0, 0.0, 0.0, 0.0, 0.0, 0.0, 0.0, 0.0, 0.0, 0.0, 0.0, 3.1415927410125732, 3.1415927410125732, 3.1415927410125732, 3.1415927410125732, 3.1415927410125732, 3.1415927410125732, 3.1415927410125732, 3.1415927410125732, 3.1415927410125732, 3.1415927410125732, 3.1415927410125732, 3.1415927410125732, 3.1415927410125732, 3.1415927410125732, 3.1415927410125732, 3.1415927410125732, 0.0, 0.0, 0.0, 0.0, 0.0, 0.0, 0.0, 0.0, 0.0, 0.0, 0.0, 0.0, 0.0, 0.0, 0.0, 0.0, 3.1415927410125732, 3.1415927410125732, 3.1415927410125732, 3.1415927410125732, 3.1415927410125732, 3.1415927410125732, 3.1415927410125732, 3.1415927410125732, 3.1415927410125732, 3.1415927410125732, 3.1415927410125732, 3.1415927410125732, 3.1415927410125732, 3.1415927410125732, 3.1415927410125732, 3.1415927410125732, 0.0, 0.0, 0.0, 0.0, 0.0, 0.0, 0.0, 0.0, 0.0, 0.0, 0.0, 0.0, 0.0, 0.0, 0.0, 0.0, 3.1415927410125732, 3.1415927410125732, 3.1415927410125732, 3.1415927410125732, 3.1415927410125732, 3.1415927410125732, 3.1415927410125732, 3.1415927410125732, 3.1415927410125732, 3.1415927410125732, 3.1415927410125732, 3.1415927410125732, 3.1415927410125732, 3.1415927410125732, 3.1415927410125732, 3.1415927410125732, 0.0, 0.0, 0.0, 0.0, 0.0, 0.0, 0.0, 0.0, 0.0, 0.0, 0.0, 0.0, 0.0, 0.0, 0.0, 0.0, 0.0, 0.0, 0.0, 0.0, 0.0, 0.0, 0.0, 0.0, 0.0, 0.0, 0.0, 0.0, 0.0, 0.0, 0.0, 0.0, 0.0, 0.0, 0.0, 0.0, 0.0, 0.0, 0.0, 0.0, 0.0, 0.0, 0.0, 0.0, 0.0, 0.0, 0.0, 0.0, 0.0, 0.0, 0.0, 0.0, 0.0, 0.0, 0.0, 0.0, 0.0, 0.0, 0.0, 0.0, 0.0, 0.0, 0.0, 0.0, 0.0, 0.0, 0.0, 0.0, 0.0, 0.0, 0.0, 0.0, 0.0, 0.0, 0.0, 0.0, 0.0, 0.0, 0.0, 0.0, 0.0, 0.0, 0.0, 0.0, 0.0, 0.0, 0.0, 0.0, 0.0, 0.0, 0.0, 0.0, 0.0, 0.0, 0.0, 0.0, 0.0, 0.0, 0.0, 0.0, 0.0, 0.0, 0.0, 0.0, 0.0, 0.0, 0.0, 0.0, 0.0, 0.0, 0.0, 0.0, 0.0, 0.0, 0.0, 0.0, 0.0, 0.0, 0.0, 0.0, 0.0, 0.0, 0.0, 0.0, 0.0, 0.0, 0.0, 0.0, 0.0, 0.0, 0.0, 0.0, 0.0, 0.0, 0.0, 0.0, 0.0, 0.0, 0.0, 0.0, 0.0, 0.0, 0.0, 0.0, 0.0, 0.0, 0.0, 0.0, 0.0, 0.0, 0.0, 0.0, 0.0, 0.0, 0.0, 0.0, 0.0, 0.0, 0.0, 0.0, 0.0, 0.0, 0.0, 0.0, 0.0, 0.0, 0.0, 0.0, 0.0, 0.0, 0.0, 0.0, 0.0, 0.0, 0.0, 0.0, 0.0, 0.0, 0.0, 0.0, 0.0, 0.0, 0.0, 0.0, 0.0, 0.0, 0.0, 0.0, 0.0, 0.0, 0.0, 0.0, 0.0, 0.0, 0.0, 0.0, 0.0, 0.0, 0.0, 0.0, 0.0, 0.0, 0.0, 0.0, 0.0, 0.0, 0.0, 0.0, 0.0, 0.0, 0.0, 0.0, 0.0, 0.0, 0.0, 0.0, 0.0, 0.0, 0.0, 0.0, 0.0, 0.0, 0.0, 0.0, 0.0, 0.0, 0.0, 0.0, 0.0, 0.0, 0.0, 0.0, 0.0, 0.0, 0.0, 0.0, 0.0, 0.0, 0.0, 0.0, 0.0, 0.0, 0.0, 0.0, 0.0, 0.0, 0.0, 0.0, 0.0, 0.0, 0.0, 0.0, 0.0, 0.0, 0.0, 0.0, 0.0, 0.0, 0.0, 0.0, 0.0, 0.0, 0.0, 0.0, 3.1415927410125732, 3.1415927410125732, 3.1415927410125732, 3.1415927410125732, 3.1415927410125732, 3.1415927410125732, 3.1415927410125732, 3.1415927410125732, 0.0, 0.0, 0.0, 0.0, 0.0, 0.0, 0.0, 0.0, 0.0, 0.0, 0.0, 0.0, 0.0, 0.0, 0.0, 0.0, 0.0, 0.0, 0.0, 0.0, 0.0, 0.0, 0.0, 0.0, 3.1415927410125732, 3.1415927410125732, 3.1415927410125732, 3.1415927410125732, 3.1415927410125732, 3.1415927410125732, 3.1415927410125732, 3.1415927410125732, 0.0, 0.0, 0.0, 0.0, 0.0, 0.0, 0.0, 0.0, 0.0, 0.0, 0.0, 0.0, 0.0, 0.0, 0.0, 0.0, 0.0, 0.0, 0.0, 0.0, 0.0, 0.0, 0.0, 0.0, 3.1415927410125732, 3.1415927410125732, 3.1415927410125732, 3.1415927410125732, 3.1415927410125732, 3.1415927410125732, 3.1415927410125732, 3.1415927410125732, 0.0, 0.0, 0.0, 0.0, 0.0, 0.0, 0.0, 0.0, 0.0, 0.0, 0.0, 0.0, 0.0, 0.0, 0.0, 0.0, 0.0, 0.0, 0.0, 0.0, 0.0, 0.0, 0.0, 0.0, 3.1415927410125732, 3.1415927410125732, 3.1415927410125732, 3.1415927410125732, 3.1415927410125732, 3.1415927410125732, 3.1415927410125732, 3.1415927410125732, 0.0, 0.0, 0.0, 0.0, 0.0, 0.0, 0.0, 0.0, 0.0, 0.0, 0.0, 0.0, 0.0, 0.0, 0.0, 0.0, 0.0, 0.0, 0.0, 0.0, 0.0, 0.0, 0.0, 0.0, 3.1415927410125732, 3.1415927410125732, 3.1415927410125732, 3.1415927410125732, 3.1415927410125732, 3.1415927410125732, 3.1415927410125732, 3.1415927410125732, 0.0, 0.0, 0.0, 0.0, 0.0, 0.0, 0.0, 0.0, 0.0, 0.0, 0.0, 0.0, 0.0, 0.0, 0.0, 0.0, 0.0, 0.0, 0.0, 0.0, 0.0, 0.0, 0.0, 0.0, 3.1415927410125732, 3.1415927410125732, 3.1415927410125732, 3.1415927410125732, 3.1415927410125732, 3.1415927410125732, 3.1415927410125732, 3.1415927410125732, 0.0, 0.0, 0.0, 0.0, 0.0, 0.0, 0.0, 0.0, 0.0, 0.0, 0.0, 0.0, 0.0, 0.0, 0.0, 0.0, 0.0, 0.0, 0.0, 0.0, 0.0, 0.0, 0.0, 0.0, 3.1415927410125732, 3.1415927410125732, 3.1415927410125732, 3.1415927410125732, 3.1415927410125732, 3.1415927410125732, 3.1415927410125732, 3.1415927410125732, 0.0, 0.0, 0.0, 0.0, 0.0, 0.0, 0.0, 0.0, 0.0, 0.0, 0.0, 0.0, 0.0, 0.0, 0.0, 0.0, 0.0, 0.0, 0.0, 0.0, 0.0, 0.0, 0.0, 0.0, 3.1415927410125732, 3.1415927410125732, 3.1415927410125732, 3.1415927410125732, 3.1415927410125732, 3.1415927410125732, 3.1415927410125732, 3.1415927410125732, 0.0, 0.0, 0.0, 0.0, 0.0, 0.0, 0.0, 0.0, 0.0, 0.0, 0.0, 0.0, 0.0, 0.0, 0.0, 0.0]"
0.6088365,0.15223686,0.15219523,0.15220979,0.15219462,0.15220913,-9.53539467,-9.53664207,-9.53620815,-9.53666496,"[3.1415927410125732, 3.1415927410125732, 3.1415927410125732, 3.1415927410125732, 3.1415927410125732, 3.1415927410125732, 3.1415927410125732, 3.1415927410125732, 3.1415927410125732, 3.1415927410125732, 3.1415927410125732, 3.1415927410125732, 3.1415927410125732, 3.1415927410125732, 3.1415927410125732, 3.1415927410125732, 3.1415927410125732, 3.1415927410125732, 3.1415927410125732, 3.1415927410125732, 3.1415927410125732, 3.1415927410125732, 3.1415927410125732, 3.1415927410125732, 3.1415927410125732, 3.1415927410125732, 3.1415927410125732, 3.1415927410125732, 3.1415927410125732, 3.1415927410125732, 3.1415927410125732, 3.1415927410125732, 3.1415927410125732, 3.1415927410125732, 3.1415927410125732, 3.1415927410125732, 3.1415927410125732, 3.1415927410125732, 3.1415927410125732, 3.1415927410125732, 3.1415927410125732, 3.1415927410125732, 3.1415927410125732, 3.1415927410125732, 3.1415927410125732, 3.1415927410125732, 3.1415927410125732, 3.1415927410125732, 3.1415927410125732, 3.1415927410125732, 3.1415927410125732, 3.1415927410125732, 3.1415927410125732, 3.1415927410125732, 3.1415927410125732, 3.1415927410125732, 3.1415927410125732, 3.1415927410125732, 3.1415927410125732, 3.1415927410125732, 3.1415927410125732, 3.1415927410125732, 3.1415927410125732, 3.1415927410125732, 3.1415927410125732, 3.1415927410125732, 3.1415927410125732, 3.1415927410125732, 3.1415927410125732, 3.1415927410125732, 3.1415927410125732, 3.1415927410125732, 3.1415927410125732, 3.1415927410125732, 3.1415927410125732, 3.1415927410125732, 3.1415927410125732, 3.1415927410125732, 3.1415927410125732, 3.1415927410125732, 3.1415927410125732, 3.1415927410125732, 3.1415927410125732, 3.1415927410125732, 3.1415927410125732, 3.1415927410125732, 3.1415927410125732, 3.1415927410125732, 3.1415927410125732, 3.1415927410125732, 3.1415927410125732, 3.1415927410125732, 3.1415927410125732, 3.1415927410125732, 3.1415927410125732, 3.1415927410125732, 3.1415927410125732, 3.1415927410125732, 3.1415927410125732, 3.1415927410125732, 3.1415927410125732, 3.1415927410125732, 3.1415927410125732, 3.1415927410125732, 3.1415927410125732, 3.1415927410125732, 3.1415927410125732, 3.1415927410125732, 3.1415927410125732, 3.1415927410125732, 3.1415927410125732, 3.1415927410125732, 3.1415927410125732, 3.1415927410125732, 3.1415927410125732, 3.1415927410125732, 3.1415927410125732, 3.1415927410125732, 3.1415927410125732, 3.1415927410125732, 3.1415927410125732, 3.1415927410125732, 3.1415927410125732, 3.1415927410125732, 3.1415927410125732, 3.1415927410125732, 3.1415927410125732, 3.1415927410125732, 3.1415927410125732, 3.1415927410125732, 3.1415927410125732, 3.1415927410125732, 3.1415927410125732, 3.1415927410125732, 3.1415927410125732, 3.1415927410125732, 3.1415927410125732, 3.1415927410125732, 3.1415927410125732, 3.1415927410125732, 3.1415927410125732, 3.1415927410125732, 3.1415927410125732, 3.1415927410125732, 3.1415927410125732, 3.1415927410125732, 3.1415927410125732, 3.1415927410125732, 3.1415927410125732, 3.1415927410125732, 3.1415927410125732, 3.1415927410125732, 3.1415927410125732, 3.1415927410125732, 3.1415927410125732, 3.1415927410125732, 3.1415927410125732, 3.1415927410125732, 3.1415927410125732, 3.1415927410125732, 3.1415927410125732, 3.1415927410125732, 3.1415927410125732, 3.1415927410125732, 3.1415927410125732, 3.1415927410125732, 3.1415927410125732, 3.1415927410125732, 3.1415927410125732, 3.1415927410125732, 3.1415927410125732, 3.1415927410125732, 3.1415927410125732, 3.1415927410125732, 3.1415927410125732, 3.1415927410125732, 3.1415927410125732, 3.1415927410125732, 3.1415927410125732, 3.1415927410125732, 3.1415927410125732, 3.1415927410125732, 3.1415927410125732, 3.1415927410125732, 3.1415927410125732, 3.1415927410125732, 3.1415927410125732, 3.1415927410125732, 3.1415927410125732, 3.1415927410125732, 3.1415927410125732, 3.1415927410125732, 3.1415927410125732, 3.1415927410125732, 3.1415927410125732, 3.1415927410125732, 3.1415927410125732, 3.1415927410125732, 3.1415927410125732, 3.1415927410125732, 3.1415927410125732, 3.1415927410125732, 3.1415927410125732, 3.1415927410125732, 3.1415927410125732, 3.1415927410125732, 3.1415927410125732, 3.1415927410125732, 3.1415927410125732, 3.1415927410125732, 3.1415927410125732, 3.1415927410125732, 3.1415927410125732, 3.1415927410125732, 3.1415927410125732, 3.1415927410125732, 3.1415927410125732, 3.1415927410125732, 3.1415927410125732, 3.1415927410125732, 3.1415927410125732, 3.1415927410125732, 3.1415927410125732, 3.1415927410125732, 3.1415927410125732, 3.1415927410125732, 3.1415927410125732, 3.1415927410125732, 3.1415927410125732, 3.1415927410125732, 3.1415927410125732, 3.1415927410125732, 3.1415927410125732, 3.1415927410125732, 3.1415927410125732, 3.1415927410125732, 3.1415927410125732, 3.1415927410125732, 3.1415927410125732, 3.1415927410125732, 3.1415927410125732, 3.1415927410125732, 3.1415927410125732, 3.1415927410125732, 3.1415927410125732, 3.1415927410125732, 3.1415927410125732, 3.1415927410125732, 3.1415927410125732, 3.1415927410125732, 3.1415927410125732, 3.1415927410125732, 3.1415927410125732, 3.1415927410125732, 3.1415927410125732, 3.1415927410125732, 0.0, 0.0, 0.0, 0.0, 0.0, 0.0, 0.0, 0.0, 0.0, 0.0, 0.0, 0.0, 0.0, 0.0, 0.0, 0.0, 3.1415927410125732, 3.1415927410125732, 3.1415927410125732, 3.1415927410125732, 3.1415927410125732, 3.1415927410125732, 3.1415927410125732, 3.1415927410125732, 3.1415927410125732, 3.1415927410125732, 3.1415927410125732, 3.1415927410125732, 3.1415927410125732, 3.1415927410125732, 3.1415927410125732, 3.1415927410125732, 0.0, 0.0, 0.0, 0.0, 0.0, 0.0, 0.0, 0.0, 0.0, 0.0, 0.0, 0.0, 0.0, 0.0, 0.0, 0.0, 3.1415927410125732, 3.1415927410125732, 3.1415927410125732, 3.1415927410125732, 3.1415927410125732, 3.1415927410125732, 3.1415927410125732, 3.1415927410125732, 3.1415927410125732, 3.1415927410125732, 3.1415927410125732, 3.1415927410125732, 3.1415927410125732, 3.1415927410125732, 3.1415927410125732, 3.1415927410125732, 0.0, 0.0, 0.0, 0.0, 0.0, 0.0, 0.0, 0.0, 0.0, 0.0, 0.0, 0.0, 0.0, 0.0, 0.0, 0.0, 3.1415927410125732, 3.1415927410125732, 3.1415927410125732, 3.1415927410125732, 3.1415927410125732, 3.1415927410125732, 3.1415927410125732, 3.1415927410125732, 3.1415927410125732, 3.1415927410125732, 3.1415927410125732, 3.1415927410125732, 3.1415927410125732, 3.1415927410125732, 3.1415927410125732, 3.1415927410125732, 0.0, 0.0, 0.0, 0.0, 0.0, 0.0, 0.0, 0.0, 0.0, 0.0, 0.0, 0.0, 0.0, 0.0, 0.0, 0.0, 3.1415927410125732, 3.1415927410125732, 3.1415927410125732, 3.1415927410125732, 3.1415927410125732, 3.1415927410125732, 3.1415927410125732, 3.1415927410125732, 3.1415927410125732, 3.1415927410125732, 3.1415927410125732, 3.1415927410125732, 3.1415927410125732, 3.1415927410125732, 3.1415927410125732, 3.1415927410125732, 0.0, 0.0, 0.0, 0.0, 0.0, 0.0, 0.0, 0.0, 0.0, 0.0, 0.0, 0.0, 0.0, 0.0, 0.0, 0.0, 3.1415927410125732, 3.1415927410125732, 3.1415927410125732, 3.1415927410125732, 3.1415927410125732, 3.1415927410125732, 3.1415927410125732, 3.1415927410125732, 3.1415927410125732, 3.1415927410125732, 3.1415927410125732, 3.1415927410125732, 3.1415927410125732, 3.1415927410125732, 3.1415927410125732, 3.1415927410125732, 0.0, 0.0, 0.0, 0.0, 0.0, 0.0, 0.0, 0.0, 0.0, 0.0, 0.0, 0.0, 0.0, 0.0, 0.0, 0.0, 3.1415927410125732, 3.1415927410125732, 3.1415927410125732, 3.1415927410125732, 3.1415927410125732, 3.1415927410125732, 3.1415927410125732, 3.1415927410125732, 3.1415927410125732, 3.1415927410125732, 3.1415927410125732, 3.1415927410125732, 3.1415927410125732, 3.1415927410125732, 3.1415927410125732, 3.1415927410125732, 0.0, 0.0, 0.0, 0.0, 0.0, 0.0, 0.0, 0.0, 0.0, 0.0, 0.0, 0.0, 0.0, 0.0, 0.0, 0.0, 3.1415927410125732, 3.1415927410125732, 3.1415927410125732, 3.1415927410125732, 3.1415927410125732, 3.1415927410125732, 3.1415927410125732, 3.1415927410125732, 3.1415927410125732, 3.1415927410125732, 3.1415927410125732, 3.1415927410125732, 3.1415927410125732, 3.1415927410125732, 3.1415927410125732, 3.1415927410125732, 0.0, 0.0, 0.0, 0.0, 0.0, 0.0, 0.0, 0.0, 0.0, 0.0, 0.0, 0.0, 0.0, 0.0, 0.0, 0.0, 3.1415927410125732, 3.1415927410125732, 3.1415927410125732, 3.1415927410125732, 3.1415927410125732, 3.1415927410125732, 3.1415927410125732, 3.1415927410125732, 3.1415927410125732, 3.1415927410125732, 3.1415927410125732, 3.1415927410125732, 3.1415927410125732, 3.1415927410125732, 3.1415927410125732, 3.1415927410125732, 0.0, 0.0, 0.0, 0.0, 0.0, 0.0, 0.0, 0.0, 0.0, 0.0, 0.0, 0.0, 0.0, 0.0, 0.0, 0.0, 0.0, 0.0, 0.0, 0.0, 0.0, 0.0, 0.0, 0.0, 0.0, 0.0, 0.0, 0.0, 0.0, 0.0, 0.0, 0.0, 0.0, 0.0, 0.0, 0.0, 0.0, 0.0, 0.0, 0.0, 0.0, 0.0, 0.0, 0.0, 0.0, 0.0, 0.0, 0.0, 0.0, 0.0, 0.0, 0.0, 0.0, 0.0, 0.0, 0.0, 0.0, 0.0, 0.0, 0.0, 0.0, 0.0, 0.0, 0.0, 0.0, 0.0, 0.0, 0.0, 0.0, 0.0, 0.0, 0.0, 0.0, 0.0, 0.0, 0.0, 0.0, 0.0, 0.0, 0.0, 0.0, 0.0, 0.0, 0.0, 0.0, 0.0, 0.0, 0.0, 0.0, 0.0, 0.0, 0.0, 0.0, 0.0, 0.0, 0.0, 0.0, 0.0, 0.0, 0.0, 0.0, 0.0, 0.0, 0.0, 0.0, 0.0, 0.0, 0.0, 0.0, 0.0, 0.0, 0.0, 0.0, 0.0, 0.0, 0.0, 0.0, 0.0, 0.0, 0.0, 0.0, 0.0, 0.0, 0.0, 0.0, 0.0, 0.0, 0.0, 0.0, 0.0, 0.0, 0.0, 0.0, 0.0, 0.0, 0.0, 0.0, 0.0, 0.0, 0.0, 0.0, 0.0, 0.0, 0.0, 0.0, 0.0, 0.0, 0.0, 0.0, 0.0, 0.0, 0.0, 0.0, 0.0, 0.0, 0.0, 0.0, 0.0, 0.0, 0.0, 0.0, 0.0, 0.0, 0.0, 0.0, 0.0, 0.0, 0.0, 0.0, 0.0, 0.0, 0.0, 0.0, 0.0, 0.0, 0.0, 0.0, 0.0, 0.0, 0.0, 0.0, 0.0, 0.0, 0.0, 0.0, 0.0, 0.0, 0.0, 0.0, 0.0, 0.0, 0.0, 0.0, 0.0, 0.0, 0.0, 0.0, 0.0, 0.0, 0.0, 0.0, 0.0, 0.0, 0.0, 0.0, 0.0, 0.0, 0.0, 0.0, 0.0, 0.0, 0.0, 0.0, 0.0, 0.0, 0.0, 0.0, 0.0, 0.0, 0.0, 0.0, 0.0, 0.0, 0.0, 0.0, 0.0, 0.0, 0.0, 0.0, 0.0, 0.0, 0.0, 0.0, 0.0, 0.0, 0.0, 0.0, 0.0, 0.0, 0.0, 0.0, 0.0, 0.0, 0.0, 0.0, 0.0, 0.0, 0.0, 0.0, 0.0, 0.0, 0.0, 0.0, 0.0, 0.0, 0.0, 0.0, 0.0, 0.0, 0.0, 0.0, 0.0, 0.0, 0.0, 3.1415927410125732, 3.1415927410125732, 3.1415927410125732, 3.1415927410125732, 3.1415927410125732, 3.1415927410125732, 3.1415927410125732, 3.1415927410125732, 0.0, 0.0, 0.0, 0.0, 0.0, 0.0, 0.0, 0.0, 0.0, 0.0, 0.0, 0.0, 0.0, 0.0, 0.0, 0.0, 0.0, 0.0, 0.0, 0.0, 0.0, 0.0, 0.0, 0.0, 3.1415927410125732, 3.1415927410125732, 3.1415927410125732, 3.1415927410125732, 3.1415927410125732, 3.1415927410125732, 3.1415927410125732, 3.1415927410125732, 0.0, 0.0, 0.0, 0.0, 0.0, 0.0, 0.0, 0.0, 0.0, 0.0, 0.0, 0.0, 0.0, 0.0, 0.0, 0.0, 0.0, 0.0, 0.0, 0.0, 0.0, 0.0, 0.0, 0.0, 3.1415927410125732, 3.1415927410125732, 3.1415927410125732, 3.1415927410125732, 3.1415927410125732, 3.1415927410125732, 3.1415927410125732, 3.1415927410125732, 0.0, 0.0, 0.0, 0.0, 0.0, 0.0, 0.0, 0.0, 0.0, 0.0, 0.0, 0.0, 0.0, 0.0, 0.0, 0.0, 0.0, 0.0, 0.0, 0.0, 0.0, 0.0, 0.0, 0.0, 3.1415927410125732, 3.1415927410125732, 3.1415927410125732, 3.1415927410125732, 3.1415927410125732, 3.1415927410125732, 3.1415927410125732, 3.1415927410125732, 0.0, 0.0, 0.0, 0.0, 0.0, 0.0, 0.0, 0.0, 0.0, 0.0, 0.0, 0.0, 0.0, 0.0, 0.0, 0.0, 0.0, 0.0, 0.0, 0.0, 0.0, 0.0, 0.0, 0.0, 3.1415927410125732, 3.1415927410125732, 3.1415927410125732, 3.1415927410125732, 3.1415927410125732, 3.1415927410125732, 3.1415927410125732, 3.1415927410125732, 0.0, 0.0, 0.0, 0.0, 0.0, 0.0, 0.0, 0.0, 0.0, 0.0, 0.0, 0.0, 0.0, 0.0, 0.0, 0.0, 0.0, 0.0, 0.0, 0.0, 0.0, 0.0, 0.0, 0.0, 3.1415927410125732, 3.1415927410125732, 3.1415927410125732, 3.1415927410125732, 3.1415927410125732, 3.1415927410125732, 3.1415927410125732, 3.1415927410125732, 0.0, 0.0, 0.0, 0.0, 0.0, 0.0, 0.0, 0.0, 0.0, 0.0, 0.0, 0.0, 0.0, 0.0, 0.0, 0.0, 0.0, 0.0, 0.0, 0.0, 0.0, 0.0, 0.0, 0.0, 3.1415927410125732, 3.1415927410125732, 3.1415927410125732, 3.1415927410125732, 3.1415927410125732, 3.1415927410125732, 3.1415927410125732, 3.1415927410125732, 0.0, 0.0, 0.0, 0.0, 0.0, 0.0, 0.0, 0.0, 0.0, 0.0, 0.0, 0.0, 0.0, 0.0, 0.0, 0.0, 0.0, 0.0, 0.0, 0.0, 0.0, 0.0, 0.0, 0.0, 3.1415927410125732, 3.1415927410125732, 3.1415927410125732, 3.1415927410125732, 3.1415927410125732, 3.1415927410125732, 3.1415927410125732, 3.1415927410125732, 0.0, 0.0, 0.0, 0.0, 0.0, 0.0, 0.0, 0.0, 0.0, 0.0, 0.0, 0.0, 0.0, 0.0, 0.0, 0.0]"
0.6088365,0.15223686,0.15219523,0.15220979,0.15219462,0.15220913,-9.53539467,-9.53664207,-9.53620815,-9.53666496,"[3.1415927410125732, 3.1415927410125732, 3.1415927410125732, 3.1415927410125732, 3.1415927410125732, 3.1415927410125732, 3.1415927410125732, 3.1415927410125732, 3.1415927410125732, 3.1415927410125732, 3.1415927410125732, 3.1415927410125732, 3.1415927410125732, 3.1415927410125732, 3.1415927410125732, 3.1415927410125732, 3.1415927410125732, 3.1415927410125732, 3.1415927410125732, 3.1415927410125732, 3.1415927410125732, 3.1415927410125732, 3.1415927410125732, 3.1415927410125732, 3.1415927410125732, 3.1415927410125732, 3.1415927410125732, 3.1415927410125732, 3.1415927410125732, 3.1415927410125732, 3.1415927410125732, 3.1415927410125732, 3.1415927410125732, 3.1415927410125732, 3.1415927410125732, 3.1415927410125732, 3.1415927410125732, 3.1415927410125732, 3.1415927410125732, 3.1415927410125732, 3.1415927410125732, 3.1415927410125732, 3.1415927410125732, 3.1415927410125732, 3.1415927410125732, 3.1415927410125732, 3.1415927410125732, 3.1415927410125732, 3.1415927410125732, 3.1415927410125732, 3.1415927410125732, 3.1415927410125732, 3.1415927410125732, 3.1415927410125732, 3.1415927410125732, 3.1415927410125732, 3.1415927410125732, 3.1415927410125732, 3.1415927410125732, 3.1415927410125732, 3.1415927410125732, 3.1415927410125732, 3.1415927410125732, 3.1415927410125732, 3.1415927410125732, 3.1415927410125732, 3.1415927410125732, 3.1415927410125732, 3.1415927410125732, 3.1415927410125732, 3.1415927410125732, 3.1415927410125732, 3.1415927410125732, 3.1415927410125732, 3.1415927410125732, 3.1415927410125732, 3.1415927410125732, 3.1415927410125732, 3.1415927410125732, 3.1415927410125732, 3.1415927410125732, 3.1415927410125732, 3.1415927410125732, 3.1415927410125732, 3.1415927410125732, 3.1415927410125732, 3.1415927410125732, 3.1415927410125732, 3.1415927410125732, 3.1415927410125732, 3.1415927410125732, 3.1415927410125732, 3.1415927410125732, 3.1415927410125732, 3.1415927410125732, 3.1415927410125732, 3.1415927410125732, 3.1415927410125732, 3.1415927410125732, 3.1415927410125732, 3.1415927410125732, 3.1415927410125732, 3.1415927410125732, 3.1415927410125732, 3.1415927410125732, 3.1415927410125732, 3.1415927410125732, 3.1415927410125732, 3.1415927410125732, 3.1415927410125732, 3.1415927410125732, 3.1415927410125732, 3.1415927410125732, 3.1415927410125732, 3.1415927410125732, 3.1415927410125732, 3.1415927410125732, 3.1415927410125732, 3.1415927410125732, 3.1415927410125732, 3.1415927410125732, 3.1415927410125732, 3.1415927410125732, 3.1415927410125732, 3.1415927410125732, 3.1415927410125732, 3.1415927410125732, 3.1415927410125732, 3.1415927410125732, 3.1415927410125732, 3.1415927410125732, 3.1415927410125732, 3.1415927410125732, 3.1415927410125732, 3.1415927410125732, 3.1415927410125732, 3.1415927410125732, 3.1415927410125732, 3.1415927410125732, 3.1415927410125732, 3.1415927410125732, 3.1415927410125732, 3.1415927410125732, 3.1415927410125732, 3.1415927410125732, 3.1415927410125732, 3.1415927410125732, 3.1415927410125732, 3.1415927410125732, 3.1415927410125732, 3.1415927410125732, 3.1415927410125732, 3.1415927410125732, 3.1415927410125732, 3.1415927410125732, 3.1415927410125732, 3.1415927410125732, 3.1415927410125732, 3.1415927410125732, 3.1415927410125732, 3.1415927410125732, 3.1415927410125732, 3.1415927410125732, 3.1415927410125732, 3.1415927410125732, 3.1415927410125732, 3.1415927410125732, 3.1415927410125732, 3.1415927410125732, 3.1415927410125732, 3.1415927410125732, 3.1415927410125732, 3.1415927410125732, 3.1415927410125732, 3.1415927410125732, 3.1415927410125732, 3.1415927410125732, 3.1415927410125732, 3.1415927410125732, 3.1415927410125732, 3.1415927410125732, 3.1415927410125732, 3.1415927410125732, 3.1415927410125732, 3.1415927410125732, 3.1415927410125732, 3.1415927410125732, 3.1415927410125732, 3.1415927410125732, 3.1415927410125732, 3.1415927410125732, 3.1415927410125732, 3.1415927410125732, 3.1415927410125732, 3.1415927410125732, 3.1415927410125732, 3.1415927410125732, 3.1415927410125732, 3.1415927410125732, 3.1415927410125732, 3.1415927410125732, 3.1415927410125732, 3.1415927410125732, 3.1415927410125732, 3.1415927410125732, 3.1415927410125732, 3.1415927410125732, 3.1415927410125732, 3.1415927410125732, 3.1415927410125732, 3.1415927410125732, 3.1415927410125732, 3.1415927410125732, 3.1415927410125732, 3.1415927410125732, 3.1415927410125732, 3.1415927410125732, 3.1415927410125732, 3.1415927410125732, 3.1415927410125732, 3.1415927410125732, 3.1415927410125732, 3.1415927410125732, 3.1415927410125732, 3.1415927410125732, 3.1415927410125732, 3.1415927410125732, 3.1415927410125732, 3.1415927410125732, 3.1415927410125732, 3.1415927410125732, 3.1415927410125732, 3.1415927410125732, 3.1415927410125732, 3.1415927410125732, 3.1415927410125732, 3.1415927410125732, 3.1415927410125732, 3.1415927410125732, 3.1415927410125732, 3.1415927410125732, 3.1415927410125732, 3.1415927410125732, 3.1415927410125732, 3.1415927410125732, 3.1415927410125732, 3.1415927410125732, 3.1415927410125732, 3.1415927410125732, 3.1415927410125732, 3.1415927410125732, 3.1415927410125732, 3.1415927410125732, 3.1415927410125732, 3.1415927410125732, 3.1415927410125732, 0.0, 0.0, 0.0, 0.0, 0.0, 0.0, 0.0, 0.0, 0.0, 0.0, 0.0, 0.0, 0.0, 0.0, 0.0, 0.0, 3.1415927410125732, 3.1415927410125732, 3.1415927410125732, 3.1415927410125732, 3.1415927410125732, 3.1415927410125732, 3.1415927410125732, 3.1415927410125732, 3.1415927410125732, 3.1415927410125732, 3.1415927410125732, 3.1415927410125732, 3.1415927410125732, 3.1415927410125732, 3.1415927410125732, 3.1415927410125732, 0.0, 0.0, 0.0, 0.0, 0.0, 0.0, 0.0, 0.0, 0.0, 0.0, 0.0, 0.0, 0.0, 0.0, 0.0, 0.0, 3.1415927410125732, 3.1415927410125732, 3.1415927410125732, 3.1415927410125732, 3.1415927410125732, 3.1415927410125732, 3.1415927410125732, 3.1415927410125732, 3.1415927410125732, 3.1415927410125732, 3.1415927410125732, 3.1415927410125732, 3.1415927410125732, 3.1415927410125732, 3.1415927410125732, 3.1415927410125732, 0.0, 0.0, 0.0, 0.0, 0.0, 0.0, 0.0, 0.0, 0.0, 0.0, 0.0, 0.0, 0.0, 0.0, 0.0, 0.0, 3.1415927410125732, 3.1415927410125732, 3.1415927410125732, 3.1415927410125732, 3.1415927410125732, 3.1415927410125732, 3.1415927410125732, 3.1415927410125732, 3.1415927410125732, 3.1415927410125732, 3.1415927410125732, 3.1415927410125732, 3.1415927410125732, 3.1415927410125732, 3.1415927410125732, 3.1415927410125732, 0.0, 0.0, 0.0, 0.0, 0.0, 0.0, 0.0, 0.0, 0.0, 0.0, 0.0, 0.0, 0.0, 0.0, 0.0, 0.0, 3.1415927410125732, 3.1415927410125732, 3.1415927410125732, 3.1415927410125732, 3.1415927410125732, 3.1415927410125732, 3.1415927410125732, 3.1415927410125732, 3.1415927410125732, 3.1415927410125732, 3.1415927410125732, 3.1415927410125732, 3.1415927410125732, 3.1415927410125732, 3.1415927410125732, 3.1415927410125732, 0.0, 0.0, 0.0, 0.0, 0.0, 0.0, 0.0, 0.0, 0.0, 0.0, 0.0, 0.0, 0.0, 0.0, 0.0, 0.0, 3.1415927410125732, 3.1415927410125732, 3.1415927410125732, 3.1415927410125732, 3.1415927410125732, 3.1415927410125732, 3.1415927410125732, 3.1415927410125732, 3.1415927410125732, 3.1415927410125732, 3.1415927410125732, 3.1415927410125732, 3.1415927410125732, 3.1415927410125732, 3.1415927410125732, 3.1415927410125732, 0.0, 0.0, 0.0, 0.0, 0.0, 0.0, 0.0, 0.0, 0.0, 0.0, 0.0, 0.0, 0.0, 0.0, 0.0, 0.0, 3.1415927410125732, 3.1415927410125732, 3.1415927410125732, 3.1415927410125732, 3.1415927410125732, 3.1415927410125732, 3.1415927410125732, 3.1415927410125732, 3.1415927410125732, 3.1415927410125732, 3.1415927410125732, 3.1415927410125732, 3.1415927410125732, 3.1415927410125732, 3.1415927410125732, 3.1415927410125732, 0.0, 0.0, 0.0, 0.0, 0.0, 0.0, 0.0, 0.0, 0.0, 0.0, 0.0, 0.0, 0.0, 0.0, 0.0, 0.0, 3.1415927410125732, 3.1415927410125732, 3.1415927410125732, 3.1415927410125732, 3.1415927410125732, 3.1415927410125732, 3.1415927410125732, 3.1415927410125732, 3.1415927410125732, 3.1415927410125732, 3.1415927410125732, 3.1415927410125732, 3.1415927410125732, 3.1415927410125732, 3.1415927410125732, 3.1415927410125732, 0.0, 0.0, 0.0, 0.0, 0.0, 0.0, 0.0, 0.0, 0.0, 0.0, 0.0, 0.0, 0.0, 0.0, 0.0, 0.0, 3.1415927410125732, 3.1415927410125732, 3.1415927410125732, 3.1415927410125732, 3.1415927410125732, 3.1415927410125732, 3.1415927410125732, 3.1415927410125732, 3.1415927410125732, 3.1415927410125732, 3.1415927410125732, 3.1415927410125732, 3.1415927410125732, 3.1415927410125732, 3.1415927410125732, 3.1415927410125732, 0.0, 0.0, 0.0, 0.0, 0.0, 0.0, 0.0, 0.0, 0.0, 0.0, 0.0, 0.0, 0.0, 0.0, 0.0, 0.0, 0.0, 0.0, 0.0, 0.0, 0.0, 0.0, 0.0, 0.0, 0.0, 0.0, 0.0, 0.0, 0.0, 0.0, 0.0, 0.0, 0.0, 0.0, 0.0, 0.0, 0.0, 0.0, 0.0, 0.0, 0.0, 0.0, 0.0, 0.0, 0.0, 0.0, 0.0, 0.0, 0.0, 0.0, 0.0, 0.0, 0.0, 0.0, 0.0, 0.0, 0.0, 0.0, 0.0, 0.0, 0.0, 0.0, 0.0, 0.0, 0.0, 0.0, 0.0, 0.0, 0.0, 0.0, 0.0, 0.0, 0.0, 0.0, 0.0, 0.0, 0.0, 0.0, 0.0, 0.0, 0.0, 0.0, 0.0, 0.0, 0.0, 0.0, 0.0, 0.0, 0.0, 0.0, 0.0, 0.0, 0.0, 0.0, 0.0, 0.0, 0.0, 0.0, 0.0, 0.0, 0.0, 0.0, 0.0, 0.0, 0.0, 0.0, 0.0, 0.0, 0.0, 0.0, 0.0, 0.0, 0.0, 0.0, 0.0, 0.0, 0.0, 0.0, 0.0, 0.0, 0.0, 0.0, 0.0, 0.0, 0.0, 0.0, 0.0, 0.0, 0.0, 0.0, 0.0, 0.0, 0.0, 0.0, 0.0, 0.0, 0.0, 0.0, 0.0, 0.0, 0.0, 0.0, 0.0, 0.0, 0.0, 0.0, 0.0, 0.0, 0.0, 0.0, 0.0, 0.0, 0.0, 0.0, 0.0, 0.0, 0.0, 0.0, 0.0, 0.0, 0.0, 0.0, 0.0, 0.0, 0.0, 0.0, 0.0, 0.0, 0.0, 0.0, 0.0, 0.0, 0.0, 0.0, 0.0, 0.0, 0.0, 0.0, 0.0, 0.0, 0.0, 0.0, 0.0, 0.0, 0.0, 0.0, 0.0, 0.0, 0.0, 0.0, 0.0, 0.0, 0.0, 0.0, 0.0, 0.0, 0.0, 0.0, 0.0, 0.0, 0.0, 0.0, 0.0, 0.0, 0.0, 0.0, 0.0, 0.0, 0.0, 0.0, 0.0, 0.0, 0.0, 0.0, 0.0, 0.0, 0.0, 0.0, 0.0, 0.0, 0.0, 0.0, 0.0, 0.0, 0.0, 0.0, 0.0, 0.0, 0.0, 0.0, 0.0, 0.0, 0.0, 0.0, 0.0, 0.0, 0.0, 0.0, 0.0, 0.0, 0.0, 0.0, 0.0, 0.0, 0.0, 0.0, 0.0, 0.0, 0.0, 0.0, 0.0, 0.0, 0.0, 0.0, 0.0, 0.0, 0.0, 0.0, 0.0, 0.0, 0.0, 0.0, 0.0, 0.0, 3.1415927410125732, 3.1415927410125732, 3.1415927410125732, 3.1415927410125732, 3.1415927410125732, 3.1415927410125732, 3.1415927410125732, 3.1415927410125732, 0.0, 0.0, 0.0, 0.0, 0.0, 0.0, 0.0, 0.0, 0.0, 0.0, 0.0, 0.0, 0.0, 0.0, 0.0, 0.0, 0.0, 0.0, 0.0, 0.0, 0.0, 0.0, 0.0, 0.0, 3.1415927410125732, 3.1415927410125732, 3.1415927410125732, 3.1415927410125732, 3.1415927410125732, 3.1415927410125732, 3.1415927410125732, 3.1415927410125732, 0.0, 0.0, 0.0, 0.0, 0.0, 0.0, 0.0, 0.0, 0.0, 0.0, 0.0, 0.0, 0.0, 0.0, 0.0, 0.0, 0.0, 0.0, 0.0, 0.0, 0.0, 0.0, 0.0, 0.0, 3.1415927410125732, 3.1415927410125732, 3.1415927410125732, 3.1415927410125732, 3.1415927410125732, 3.1415927410125732, 3.1415927410125732, 3.1415927410125732, 0.0, 0.0, 0.0, 0.0, 0.0, 0.0, 0.0, 0.0, 0.0, 0.0, 0.0, 0.0, 0.0, 0.0, 0.0, 0.0, 0.0, 0.0, 0.0, 0.0, 0.0, 0.0, 0.0, 0.0, 3.1415927410125732, 3.1415927410125732, 3.1415927410125732, 3.1415927410125732, 3.1415927410125732, 3.1415927410125732, 3.1415927410125732, 3.1415927410125732, 0.0, 0.0, 0.0, 0.0, 0.0, 0.0, 0.0, 0.0, 0.0, 0.0, 0.0, 0.0, 0.0, 0.0, 0.0, 0.0, 0.0, 0.0, 0.0, 0.0, 0.0, 0.0, 0.0, 0.0, 3.1415927410125732, 3.1415927410125732, 3.1415927410125732, 3.1415927410125732, 3.1415927410125732, 3.1415927410125732, 3.1415927410125732, 3.1415927410125732, 0.0, 0.0, 0.0, 0.0, 0.0, 0.0, 0.0, 0.0, 0.0, 0.0, 0.0, 0.0, 0.0, 0.0, 0.0, 0.0, 0.0, 0.0, 0.0, 0.0, 0.0, 0.0, 0.0, 0.0, 3.1415927410125732, 3.1415927410125732, 3.1415927410125732, 3.1415927410125732, 3.1415927410125732, 3.1415927410125732, 3.1415927410125732, 3.1415927410125732, 0.0, 0.0, 0.0, 0.0, 0.0, 0.0, 0.0, 0.0, 0.0, 0.0, 0.0, 0.0, 0.0, 0.0, 0.0, 0.0, 0.0, 0.0, 0.0, 0.0, 0.0, 0.0, 0.0, 0.0, 3.1415927410125732, 3.1415927410125732, 3.1415927410125732, 3.1415927410125732, 3.1415927410125732, 3.1415927410125732, 3.1415927410125732, 3.1415927410125732, 0.0, 0.0, 0.0, 0.0, 0.0, 0.0, 0.0, 0.0, 0.0, 0.0, 0.0, 0.0, 0.0, 0.0, 0.0, 0.0, 0.0, 0.0, 0.0, 0.0, 0.0, 0.0, 0.0, 0.0, 3.1415927410125732, 3.1415927410125732, 3.1415927410125732, 3.1415927410125732, 3.1415927410125732, 3.1415927410125732, 3.1415927410125732, 3.1415927410125732, 0.0, 0.0, 0.0, 0.0, 0.0, 0.0, 0.0, 0.0, 0.0, 0.0, 0.0, 0.0, 0.0, 0.0, 0.0, 0.0]"
0.6088365,0.15223686,0.15219523,0.15220979,0.15219462,0.15220913,-9.53539467,-9.53664207,-9.53620815,-9.53666496,"[3.1415927410125732, 3.1415927410125732, 3.1415927410125732, 3.1415927410125732, 3.1415927410125732, 3.1415927410125732, 3.1415927410125732, 3.1415927410125732, 3.1415927410125732, 3.1415927410125732, 3.1415927410125732, 3.1415927410125732, 3.1415927410125732, 3.1415927410125732, 3.1415927410125732, 3.1415927410125732, 3.1415927410125732, 3.1415927410125732, 3.1415927410125732, 3.1415927410125732, 3.1415927410125732, 3.1415927410125732, 3.1415927410125732, 3.1415927410125732, 3.1415927410125732, 3.1415927410125732, 3.1415927410125732, 3.1415927410125732, 3.1415927410125732, 3.1415927410125732, 3.1415927410125732, 3.1415927410125732, 3.1415927410125732, 3.1415927410125732, 3.1415927410125732, 3.1415927410125732, 3.1415927410125732, 3.1415927410125732, 3.1415927410125732, 3.1415927410125732, 3.1415927410125732, 3.1415927410125732, 3.1415927410125732, 3.1415927410125732, 3.1415927410125732, 3.1415927410125732, 3.1415927410125732, 3.1415927410125732, 3.1415927410125732, 3.1415927410125732, 3.1415927410125732, 3.1415927410125732, 3.1415927410125732, 3.1415927410125732, 3.1415927410125732, 3.1415927410125732, 3.1415927410125732, 3.1415927410125732, 3.1415927410125732, 3.1415927410125732, 3.1415927410125732, 3.1415927410125732, 3.1415927410125732, 3.1415927410125732, 3.1415927410125732, 3.1415927410125732, 3.1415927410125732, 3.1415927410125732, 3.1415927410125732, 3.1415927410125732, 3.1415927410125732, 3.1415927410125732, 3.1415927410125732, 3.1415927410125732, 3.1415927410125732, 3.1415927410125732, 3.1415927410125732, 3.1415927410125732, 3.1415927410125732, 3.1415927410125732, 3.1415927410125732, 3.1415927410125732, 3.1415927410125732, 3.1415927410125732, 3.1415927410125732, 3.1415927410125732, 3.1415927410125732, 3.1415927410125732, 3.1415927410125732, 3.1415927410125732, 3.1415927410125732, 3.1415927410125732, 3.1415927410125732, 3.1415927410125732, 3.1415927410125732, 3.1415927410125732, 3.1415927410125732, 3.1415927410125732, 3.1415927410125732, 3.1415927410125732, 3.1415927410125732, 3.1415927410125732, 3.1415927410125732, 3.1415927410125732, 3.1415927410125732, 3.1415927410125732, 3.1415927410125732, 3.1415927410125732, 3.1415927410125732, 3.1415927410125732, 3.1415927410125732, 3.1415927410125732, 3.1415927410125732, 3.1415927410125732, 3.1415927410125732, 3.1415927410125732, 3.1415927410125732, 3.1415927410125732, 3.1415927410125732, 3.1415927410125732, 3.1415927410125732, 3.1415927410125732, 3.1415927410125732, 3.1415927410125732, 3.1415927410125732, 3.1415927410125732, 3.1415927410125732, 3.1415927410125732, 3.1415927410125732, 3.1415927410125732, 3.1415927410125732, 3.1415927410125732, 3.1415927410125732, 3.1415927410125732, 3.1415927410125732, 3.1415927410125732, 3.1415927410125732, 3.1415927410125732, 3.1415927410125732, 3.1415927410125732, 3.1415927410125732, 3.1415927410125732, 3.1415927410125732, 3.1415927410125732, 3.1415927410125732, 3.1415927410125732, 3.1415927410125732, 3.1415927410125732, 3.1415927410125732, 3.1415927410125732, 3.1415927410125732, 3.1415927410125732, 3.1415927410125732, 3.1415927410125732, 3.1415927410125732, 3.1415927410125732, 3.1415927410125732, 3.1415927410125732, 3.1415927410125732, 3.1415927410125732, 3.1415927410125732, 3.1415927410125732, 3.1415927410125732, 3.1415927410125732, 3.1415927410125732, 3.1415927410125732, 3.1415927410125732, 3.1415927410125732, 3.1415927410125732, 3.1415927410125732, 3.1415927410125732, 3.1415927410125732, 3.1415927410125732, 3.1415927410125732, 3.1415927410125732, 3.1415927410125732, 3.1415927410125732, 3.1415927410125732, 3.1415927410125732, 3.1415927410125732, 3.1415927410125732, 3.1415927410125732, 3.1415927410125732, 3.1415927410125732, 3.1415927410125732, 3.1415927410125732, 3.1415927410125732, 3.1415927410125732, 3.1415927410125732, 3.1415927410125732, 3.1415927410125732, 3.1415927410125732, 3.1415927410125732, 3.1415927410125732, 3.1415927410125732, 3.1415927410125732, 3.1415927410125732, 3.1415927410125732, 3.1415927410125732, 3.1415927410125732, 3.1415927410125732, 3.1415927410125732, 3.1415927410125732, 3.1415927410125732, 3.1415927410125732, 3.1415927410125732, 3.1415927410125732, 3.1415927410125732, 3.1415927410125732, 3.1415927410125732, 3.1415927410125732, 3.1415927410125732, 3.1415927410125732, 3.1415927410125732, 3.1415927410125732, 3.1415927410125732, 3.1415927410125732, 3.1415927410125732, 3.1415927410125732, 3.1415927410125732, 3.1415927410125732, 3.1415927410125732, 3.1415927410125732, 3.1415927410125732, 3.1415927410125732, 3.1415927410125732, 3.1415927410125732, 3.1415927410125732, 3.1415927410125732, 3.1415927410125732, 3.1415927410125732, 3.1415927410125732, 3.1415927410125732, 3.1415927410125732, 3.1415927410125732, 3.1415927410125732, 3.1415927410125732, 3.1415927410125732, 3.1415927410125732, 3.1415927410125732, 3.1415927410125732, 3.1415927410125732, 3.1415927410125732, 3.1415927410125732, 3.1415927410125732, 3.1415927410125732, 3.1415927410125732, 3.1415927410125732, 3.1415927410125732, 3.1415927410125732, 3.1415927410125732, 3.1415927410125732, 3.1415927410125732, 3.1415927410125732, 3.1415927410125732, 3.1415927410125732, 0.0, 0.0, 0.0, 0.0, 0.0, 0.0, 0.0, 0.0, 0.0, 0.0, 0.0, 0.0, 0.0, 0.0, 0.0, 0.0, 3.1415927410125732, 3.1415927410125732, 3.1415927410125732, 3.1415927410125732, 3.1415927410125732, 3.1415927410125732, 3.1415927410125732, 3.1415927410125732, 3.1415927410125732, 3.1415927410125732, 3.1415927410125732, 3.1415927410125732, 3.1415927410125732, 3.1415927410125732, 3.1415927410125732, 3.1415927410125732, 0.0, 0.0, 0.0, 0.0, 0.0, 0.0, 0.0, 0.0, 0.0, 0.0, 0.0, 0.0, 0.0, 0.0, 0.0, 0.0, 3.1415927410125732, 3.1415927410125732, 3.1415927410125732, 3.1415927410125732, 3.1415927410125732, 3.1415927410125732, 3.1415927410125732, 3.1415927410125732, 3.1415927410125732, 3.1415927410125732, 3.1415927410125732, 3.1415927410125732, 3.1415927410125732, 3.1415927410125732, 3.1415927410125732, 3.1415927410125732, 0.0, 0.0, 0.0, 0.0, 0.0, 0.0, 0.0, 0.0, 0.0, 0.0, 0.0, 0.0, 0.0, 0.0, 0.0, 0.0, 3.1415927410125732, 3.1415927410125732, 3.1415927410125732, 3.1415927410125732, 3.1415927410125732, 3.1415927410125732, 3.1415927410125732, 3.1415927410125732, 3.1415927410125732, 3.1415927410125732, 3.1415927410125732, 3.1415927410125732, 3.1415927410125732, 3.1415927410125732, 3.1415927410125732, 3.1415927410125732, 0.0, 0.0, 0.0, 0.0, 0.0, 0.0, 0.0, 0.0, 0.0, 0.0, 0.0, 0.0, 0.0, 0.0, 0.0, 0.0, 3.1415927410125732, 3.1415927410125732, 3.1415927410125732, 3.1415927410125732, 3.1415927410125732, 3.1415927410125732, 3.1415927410125732, 3.1415927410125732, 3.1415927410125732, 3.1415927410125732, 3.1415927410125732, 3.1415927410125732, 3.1415927410125732, 3.1415927410125732, 3.1415927410125732, 3.1415927410125732, 0.0, 0.0, 0.0, 0.0, 0.0, 0.0, 0.0, 0.0, 0.0, 0.0, 0.0, 0.0, 0.0, 0.0, 0.0, 0.0, 3.1415927410125732, 3.1415927410125732, 3.1415927410125732, 3.1415927410125732, 3.1415927410125732, 3.1415927410125732, 3.1415927410125732, 3.1415927410125732, 3.1415927410125732, 3.1415927410125732, 3.1415927410125732, 3.1415927410125732, 3.1415927410125732, 3.1415927410125732, 3.1415927410125732, 3.1415927410125732, 0.0, 0.0, 0.0, 0.0, 0.0, 0.0, 0.0, 0.0, 0.0, 0.0, 0.0, 0.0, 0.0, 0.0, 0.0, 0.0, 3.1415927410125732, 3.1415927410125732, 3.1415927410125732, 3.1415927410125732, 3.1415927410125732, 3.1415927410125732, 3.1415927410125732, 3.1415927410125732, 3.1415927410125732, 3.1415927410125732, 3.1415927410125732, 3.1415927410125732, 3.1415927410125732, 3.1415927410125732, 3.1415927410125732, 3.1415927410125732, 0.0, 0.0, 0.0, 0.0, 0.0, 0.0, 0.0, 0.0, 0.0, 0.0, 0.0, 0.0, 0.0, 0.0, 0.0, 0.0, 3.1415927410125732, 3.1415927410125732, 3.1415927410125732, 3.1415927410125732, 3.1415927410125732, 3.1415927410125732, 3.1415927410125732, 3.1415927410125732, 3.1415927410125732, 3.1415927410125732, 3.1415927410125732, 3.1415927410125732, 3.1415927410125732, 3.1415927410125732, 3.1415927410125732, 3.1415927410125732, 0.0, 0.0, 0.0, 0.0, 0.0, 0.0, 0.0, 0.0, 0.0, 0.0, 0.0, 0.0, 0.0, 0.0, 0.0, 0.0, 3.1415927410125732, 3.1415927410125732, 3.1415927410125732, 3.1415927410125732, 3.1415927410125732, 3.1415927410125732, 3.1415927410125732, 3.1415927410125732, 3.1415927410125732, 3.1415927410125732, 3.1415927410125732, 3.1415927410125732, 3.1415927410125732, 3.1415927410125732, 3.1415927410125732, 3.1415927410125732, 0.0, 0.0, 0.0, 0.0, 0.0, 0.0, 0.0, 0.0, 0.0, 0.0, 0.0, 0.0, 0.0, 0.0, 0.0, 0.0, 0.0, 0.0, 0.0, 0.0, 0.0, 0.0, 0.0, 0.0, 0.0, 0.0, 0.0, 0.0, 0.0, 0.0, 0.0, 0.0, 0.0, 0.0, 0.0, 0.0, 0.0, 0.0, 0.0, 0.0, 0.0, 0.0, 0.0, 0.0, 0.0, 0.0, 0.0, 0.0, 0.0, 0.0, 0.0, 0.0, 0.0, 0.0, 0.0, 0.0, 0.0, 0.0, 0.0, 0.0, 0.0, 0.0, 0.0, 0.0, 0.0, 0.0, 0.0, 0.0, 0.0, 0.0, 0.0, 0.0, 0.0, 0.0, 0.0, 0.0, 0.0, 0.0, 0.0, 0.0, 0.0, 0.0, 0.0, 0.0, 0.0, 0.0, 0.0, 0.0, 0.0, 0.0, 0.0, 0.0, 0.0, 0.0, 0.0, 0.0, 0.0, 0.0, 0.0, 0.0, 0.0, 0.0, 0.0, 0.0, 0.0, 0.0, 0.0, 0.0, 0.0, 0.0, 0.0, 0.0, 0.0, 0.0, 0.0, 0.0, 0.0, 0.0, 0.0, 0.0, 0.0, 0.0, 0.0, 0.0, 0.0, 0.0, 0.0, 0.0, 0.0, 0.0, 0.0, 0.0, 0.0, 0.0, 0.0, 0.0, 0.0, 0.0, 0.0, 0.0, 0.0, 0.0, 0.0, 0.0, 0.0, 0.0, 0.0, 0.0, 0.0, 0.0, 0.0, 0.0, 0.0, 0.0, 0.0, 0.0, 0.0, 0.0, 0.0, 0.0, 0.0, 0.0, 0.0, 0.0, 0.0, 0.0, 0.0, 0.0, 0.0, 0.0, 0.0, 0.0, 0.0, 0.0, 0.0, 0.0, 0.0, 0.0, 0.0, 0.0, 0.0, 0.0, 0.0, 0.0, 0.0, 0.0, 0.0, 0.0, 0.0, 0.0, 0.0, 0.0, 0.0, 0.0, 0.0, 0.0, 0.0, 0.0, 0.0, 0.0, 0.0, 0.0, 0.0, 0.0, 0.0, 0.0, 0.0, 0.0, 0.0, 0.0, 0.0, 0.0, 0.0, 0.0, 0.0, 0.0, 0.0, 0.0, 0.0, 0.0, 0.0, 0.0, 0.0, 0.0, 0.0, 0.0, 0.0, 0.0, 0.0, 0.0, 0.0, 0.0, 0.0, 0.0, 0.0, 0.0, 0.0, 0.0, 0.0, 0.0, 0.0, 0.0, 0.0, 0.0, 0.0, 0.0, 0.0, 0.0, 0.0, 0.0, 0.0, 0.0, 0.0, 0.0, 0.0, 0.0, 0.0, 0.0, 0.0, 0.0, 0.0, 0.0, 0.0, 0.0, 3.1415927410125732, 3.1415927410125732, 3.1415927410125732, 3.1415927410125732, 3.1415927410125732, 3.1415927410125732, 3.1415927410125732, 3.1415927410125732, 0.0, 0.0, 0.0, 0.0, 0.0, 0.0, 0.0, 0.0, 0.0, 0.0, 0.0, 0.0, 0.0, 0.0, 0.0, 0.0, 0.0, 0.0, 0.0, 0.0, 0.0, 0.0, 0.0, 0.0, 3.1415927410125732, 3.1415927410125732, 3.1415927410125732, 3.1415927410125732, 3.1415927410125732, 3.1415927410125732, 3.1415927410125732, 3.1415927410125732, 0.0, 0.0, 0.0, 0.0, 0.0, 0.0, 0.0, 0.0, 0.0, 0.0, 0.0, 0.0, 0.0, 0.0, 0.0, 0.0, 0.0, 0.0, 0.0, 0.0, 0.0, 0.0, 0.0, 0.0, 3.1415927410125732, 3.1415927410125732, 3.1415927410125732, 3.1415927410125732, 3.1415927410125732, 3.1415927410125732, 3.1415927410125732, 3.1415927410125732, 0.0, 0.0, 0.0, 0.0, 0.0, 0.0, 0.0, 0.0, 0.0, 0.0, 0.0, 0.0, 0.0, 0.0, 0.0, 0.0, 0.0, 0.0, 0.0, 0.0, 0.0, 0.0, 0.0, 0.0, 3.1415927410125732, 3.1415927410125732, 3.1415927410125732, 3.1415927410125732, 3.1415927410125732, 3.1415927410125732, 3.1415927410125732, 3.1415927410125732, 0.0, 0.0, 0.0, 0.0, 0.0, 0.0, 0.0, 0.0, 0.0, 0.0, 0.0, 0.0, 0.0, 0.0, 0.0, 0.0, 0.0, 0.0, 0.0, 0.0, 0.0, 0.0, 0.0, 0.0, 3.1415927410125732, 3.1415927410125732, 3.1415927410125732, 3.1415927410125732, 3.1415927410125732, 3.1415927410125732, 3.1415927410125732, 3.1415927410125732, 0.0, 0.0, 0.0, 0.0, 0.0, 0.0, 0.0, 0.0, 0.0, 0.0, 0.0, 0.0, 0.0, 0.0, 0.0, 0.0, 0.0, 0.0, 0.0, 0.0, 0.0, 0.0, 0.0, 0.0, 3.1415927410125732, 3.1415927410125732, 3.1415927410125732, 3.1415927410125732, 3.1415927410125732, 3.1415927410125732, 3.1415927410125732, 3.1415927410125732, 0.0, 0.0, 0.0, 0.0, 0.0, 0.0, 0.0, 0.0, 0.0, 0.0, 0.0, 0.0, 0.0, 0.0, 0.0, 0.0, 0.0, 0.0, 0.0, 0.0, 0.0, 0.0, 0.0, 0.0, 3.1415927410125732, 3.1415927410125732, 3.1415927410125732, 3.1415927410125732, 3.1415927410125732, 3.1415927410125732, 3.1415927410125732, 3.1415927410125732, 0.0, 0.0, 0.0, 0.0, 0.0, 0.0, 0.0, 0.0, 0.0, 0.0, 0.0, 0.0, 0.0, 0.0, 0.0, 0.0, 0.0, 0.0, 0.0, 0.0, 0.0, 0.0, 0.0, 0.0, 3.1415927410125732, 3.1415927410125732, 3.1415927410125732, 3.1415927410125732, 3.1415927410125732, 3.1415927410125732, 3.1415927410125732, 3.1415927410125732, 0.0, 0.0, 0.0, 0.0, 0.0, 0.0, 0.0, 0.0, 0.0, 0.0, 0.0, 0.0, 0.0, 0.0, 0.0, 0.0]"
0.6088365,0.15223686,0.15219523,0.15220979,0.15219462,0.15220913,-9.53539467,-9.53664207,-9.53620815,-9.53666496,"[3.1415927410125732, 3.1415927410125732, 3.1415927410125732, 3.1415927410125732, 3.1415927410125732, 3.1415927410125732, 3.1415927410125732, 3.1415927410125732, 3.1415927410125732, 3.1415927410125732, 3.1415927410125732, 3.1415927410125732, 3.1415927410125732, 3.1415927410125732, 3.1415927410125732, 3.1415927410125732, 3.1415927410125732, 3.1415927410125732, 3.1415927410125732, 3.1415927410125732, 3.1415927410125732, 3.1415927410125732, 3.1415927410125732, 3.1415927410125732, 3.1415927410125732, 3.1415927410125732, 3.1415927410125732, 3.1415927410125732, 3.1415927410125732, 3.1415927410125732, 3.1415927410125732, 3.1415927410125732, 3.1415927410125732, 3.1415927410125732, 3.1415927410125732, 3.1415927410125732, 3.1415927410125732, 3.1415927410125732, 3.1415927410125732, 3.1415927410125732, 3.1415927410125732, 3.1415927410125732, 3.1415927410125732, 3.1415927410125732, 3.1415927410125732, 3.1415927410125732, 3.1415927410125732, 3.1415927410125732, 3.1415927410125732, 3.1415927410125732, 3.1415927410125732, 3.1415927410125732, 3.1415927410125732, 3.1415927410125732, 3.1415927410125732, 3.1415927410125732, 3.1415927410125732, 3.1415927410125732, 3.1415927410125732, 3.1415927410125732, 3.1415927410125732, 3.1415927410125732, 3.1415927410125732, 3.1415927410125732, 3.1415927410125732, 3.1415927410125732, 3.1415927410125732, 3.1415927410125732, 3.1415927410125732, 3.1415927410125732, 3.1415927410125732, 3.1415927410125732, 3.1415927410125732, 3.1415927410125732, 3.1415927410125732, 3.1415927410125732, 3.1415927410125732, 3.1415927410125732, 3.1415927410125732, 3.1415927410125732, 3.1415927410125732, 3.1415927410125732, 3.1415927410125732, 3.1415927410125732, 3.1415927410125732, 3.1415927410125732, 3.1415927410125732, 3.1415927410125732, 3.1415927410125732, 3.1415927410125732, 3.1415927410125732, 3.1415927410125732, 3.1415927410125732, 3.1415927410125732, 3.1415927410125732, 3.1415927410125732, 3.1415927410125732, 3.1415927410125732, 3.1415927410125732, 3.1415927410125732, 3.1415927410125732, 3.1415927410125732, 3.1415927410125732, 3.1415927410125732, 3.1415927410125732, 3.1415927410125732, 3.1415927410125732, 3.1415927410125732, 3.1415927410125732, 3.1415927410125732, 3.1415927410125732, 3.1415927410125732, 3.1415927410125732, 3.1415927410125732, 3.1415927410125732, 3.1415927410125732, 3.1415927410125732, 3.1415927410125732, 3.1415927410125732, 3.1415927410125732, 3.1415927410125732, 3.1415927410125732, 3.1415927410125732, 3.1415927410125732, 3.1415927410125732, 3.1415927410125732, 3.1415927410125732, 3.1415927410125732, 3.1415927410125732, 3.1415927410125732, 3.1415927410125732, 3.1415927410125732, 3.1415927410125732, 3.1415927410125732, 3.1415927410125732, 3.1415927410125732, 3.1415927410125732, 3.1415927410125732, 3.1415927410125732, 3.1415927410125732, 3.1415927410125732, 3.1415927410125732, 3.1415927410125732, 3.1415927410125732, 3.1415927410125732, 3.1415927410125732, 3.1415927410125732, 3.1415927410125732, 3.1415927410125732, 3.1415927410125732, 3.1415927410125732, 3.1415927410125732, 3.1415927410125732, 3.1415927410125732, 3.1415927410125732, 3.1415927410125732, 3.1415927410125732, 3.1415927410125732, 3.1415927410125732, 3.1415927410125732, 3.1415927410125732, 3.1415927410125732, 3.1415927410125732, 3.1415927410125732, 3.1415927410125732, 3.1415927410125732, 3.1415927410125732, 3.1415927410125732, 3.1415927410125732, 3.1415927410125732, 3.1415927410125732, 3.1415927410125732, 3.1415927410125732, 3.1415927410125732, 3.1415927410125732, 3.1415927410125732, 3.1415927410125732, 3.1415927410125732, 3.1415927410125732, 3.1415927410125732, 3.1415927410125732, 3.1415927410125732, 3.1415927410125732, 3.1415927410125732, 3.1415927410125732, 3.1415927410125732, 3.1415927410125732, 3.1415927410125732, 3.1415927410125732, 3.1415927410125732, 3.1415927410125732, 3.1415927410125732, 3.1415927410125732, 3.1415927410125732, 3.1415927410125732, 3.1415927410125732, 3.1415927410125732, 3.1415927410125732, 3.1415927410125732, 3.1415927410125732, 3.1415927410125732, 3.1415927410125732, 3.1415927410125732, 3.1415927410125732, 3.1415927410125732, 3.1415927410125732, 3.1415927410125732, 3.1415927410125732, 3.1415927410125732, 3.1415927410125732, 3.1415927410125732, 3.1415927410125732, 3.1415927410125732, 3.1415927410125732, 3.1415927410125732, 3.1415927410125732, 3.1415927410125732, 3.1415927410125732, 3.1415927410125732, 3.1415927410125732, 3.1415927410125732, 3.1415927410125732, 3.1415927410125732, 3.1415927410125732, 3.1415927410125732, 3.1415927410125732, 3.1415927410125732, 3.1415927410125732, 3.1415927410125732, 3.1415927410125732, 3.1415927410125732, 3.1415927410125732, 3.1415927410125732, 3.1415927410125732, 3.1415927410125732, 3.1415927410125732, 3.1415927410125732, 3.1415927410125732, 3.1415927410125732, 3.1415927410125732, 3.1415927410125732, 3.1415927410125732, 3.1415927410125732, 3.1415927410125732, 3.1415927410125732, 3.1415927410125732, 3.1415927410125732, 3.1415927410125732, 3.1415927410125732, 3.1415927410125732, 3.1415927410125732, 3.1415927410125732, 3.1415927410125732, 3.1415927410125732, 3.1415927410125732, 3.1415927410125732, 0.0, 0.0, 0.0, 0.0, 0.0, 0.0, 0.0, 0.0, 0.0, 0.0, 0.0, 0.0, 0.0, 0.0, 0.0, 0.0, 3.1415927410125732, 3.1415927410125732, 3.1415927410125732, 3.1415927410125732, 3.1415927410125732, 3.1415927410125732, 3.1415927410125732, 3.1415927410125732, 3.1415927410125732, 3.1415927410125732, 3.1415927410125732, 3.1415927410125732, 3.1415927410125732, 3.1415927410125732, 3.1415927410125732, 3.1415927410125732, 0.0, 0.0, 0.0, 0.0, 0.0, 0.0, 0.0, 0.0, 0.0, 0.0, 0.0, 0.0, 0.0, 0.0, 0.0, 0.0, 3.1415927410125732, 3.1415927410125732, 3.1415927410125732, 3.1415927410125732, 3.1415927410125732, 3.1415927410125732, 3.1415927410125732, 3.1415927410125732, 3.1415927410125732, 3.1415927410125732, 3.1415927410125732, 3.1415927410125732, 3.1415927410125732, 3.1415927410125732, 3.1415927410125732, 3.1415927410125732, 0.0, 0.0, 0.0, 0.0, 0.0, 0.0, 0.0, 0.0, 0.0, 0.0, 0.0, 0.0, 0.0, 0.0, 0.0, 0.0, 3.1415927410125732, 3.1415927410125732, 3.1415927410125732, 3.1415927410125732, 3.1415927410125732, 3.1415927410125732, 3.1415927410125732, 3.1415927410125732, 3.1415927410125732, 3.1415927410125732, 3.1415927410125732, 3.1415927410125732, 3.1415927410125732, 3.1415927410125732, 3.1415927410125732, 3.1415927410125732, 0.0, 0.0, 0.0, 0.0, 0.0, 0.0, 0.0, 0.0, 0.0, 0.0, 0.0, 0.0, 0.0, 0.0, 0.0, 0.0, 3.1415927410125732, 3.1415927410125732, 3.1415927410125732, 3.1415927410125732, 3.1415927410125732, 3.1415927410125732, 3.1415927410125732, 3.1415927410125732, 3.1415927410125732, 3.1415927410125732, 3.1415927410125732, 3.1415927410125732, 3.1415927410125732, 3.1415927410125732, 3.1415927410125732, 3.1415927410125732, 0.0, 0.0, 0.0, 0.0, 0.0, 0.0, 0.0, 0.0, 0.0, 0.0, 0.0, 0.0, 0.0, 0.0, 0.0, 0.0, 3.1415927410125732, 3.1415927410125732, 3.1415927410125732, 3.1415927410125732, 3.1415927410125732, 3.1415927410125732, 3.1415927410125732, 3.1415927410125732, 3.1415927410125732, 3.1415927410125732, 3.1415927410125732, 3.1415927410125732, 3.1415927410125732, 3.1415927410125732, 3.1415927410125732, 3.1415927410125732, 0.0, 0.0, 0.0, 0.0, 0.0, 0.0, 0.0, 0.0, 0.0, 0.0, 0.0, 0.0, 0.0, 0.0, 0.0, 0.0, 3.1415927410125732, 3.1415927410125732, 3.1415927410125732, 3.1415927410125732, 3.1415927410125732, 3.1415927410125732, 3.1415927410125732, 3.1415927410125732, 3.1415927410125732, 3.1415927410125732, 3.1415927410125732, 3.1415927410125732, 3.1415927410125732, 3.1415927410125732, 3.1415927410125732, 3.1415927410125732, 0.0, 0.0, 0.0, 0.0, 0.0, 0.0, 0.0, 0.0, 0.0, 0.0, 0.0, 0.0, 0.0, 0.0, 0.0, 0.0, 3.1415927410125732, 3.1415927410125732, 3.1415927410125732, 3.1415927410125732, 3.1415927410125732, 3.1415927410125732, 3.1415927410125732, 3.1415927410125732, 3.1415927410125732, 3.1415927410125732, 3.1415927410125732, 3.1415927410125732, 3.1415927410125732, 3.1415927410125732, 3.1415927410125732, 3.1415927410125732, 0.0, 0.0, 0.0, 0.0, 0.0, 0.0, 0.0, 0.0, 0.0, 0.0, 0.0, 0.0, 0.0, 0.0, 0.0, 0.0, 3.1415927410125732, 3.1415927410125732, 3.1415927410125732, 3.1415927410125732, 3.1415927410125732, 3.1415927410125732, 3.1415927410125732, 3.1415927410125732, 3.1415927410125732, 3.1415927410125732, 3.1415927410125732, 3.1415927410125732, 3.1415927410125732, 3.1415927410125732, 3.1415927410125732, 3.1415927410125732, 0.0, 0.0, 0.0, 0.0, 0.0, 0.0, 0.0, 0.0, 0.0, 0.0, 0.0, 0.0, 0.0, 0.0, 0.0, 0.0, 0.0, 0.0, 0.0, 0.0, 0.0, 0.0, 0.0, 0.0, 0.0, 0.0, 0.0, 0.0, 0.0, 0.0, 0.0, 0.0, 0.0, 0.0, 0.0, 0.0, 0.0, 0.0, 0.0, 0.0, 0.0, 0.0, 0.0, 0.0, 0.0, 0.0, 0.0, 0.0, 0.0, 0.0, 0.0, 0.0, 0.0, 0.0, 0.0, 0.0, 0.0, 0.0, 0.0, 0.0, 0.0, 0.0, 0.0, 0.0, 0.0, 0.0, 0.0, 0.0, 0.0, 0.0, 0.0, 0.0, 0.0, 0.0, 0.0, 0.0, 0.0, 0.0, 0.0, 0.0, 0.0, 0.0, 0.0, 0.0, 0.0, 0.0, 0.0, 0.0, 0.0, 0.0, 0.0, 0.0, 0.0, 0.0, 0.0, 0.0, 0.0, 0.0, 0.0, 0.0, 0.0, 0.0, 0.0, 0.0, 0.0, 0.0, 0.0, 0.0, 0.0, 0.0, 0.0, 0.0, 0.0, 0.0, 0.0, 0.0, 0.0, 0.0, 0.0, 0.0, 0.0, 0.0, 0.0, 0.0, 0.0, 0.0, 0.0, 0.0, 0.0, 0.0, 0.0, 0.0, 0.0, 0.0, 0.0, 0.0, 0.0, 0.0, 0.0, 0.0, 0.0, 0.0, 0.0, 0.0, 0.0, 0.0, 0.0, 0.0, 0.0, 0.0, 0.0, 0.0, 0.0, 0.0, 0.0, 0.0, 0.0, 0.0, 0.0, 0.0, 0.0, 0.0, 0.0, 0.0, 0.0, 0.0, 0.0, 0.0, 0.0, 0.0, 0.0, 0.0, 0.0, 0.0, 0.0, 0.0, 0.0, 0.0, 0.0, 0.0, 0.0, 0.0, 0.0, 0.0, 0.0, 0.0, 0.0, 0.0, 0.0, 0.0, 0.0, 0.0, 0.0, 0.0, 0.0, 0.0, 0.0, 0.0, 0.0, 0.0, 0.0, 0.0, 0.0, 0.0, 0.0, 0.0, 0.0, 0.0, 0.0, 0.0, 0.0, 0.0, 0.0, 0.0, 0.0, 0.0, 0.0, 0.0, 0.0, 0.0, 0.0, 0.0, 0.0, 0.0, 0.0, 0.0, 0.0, 0.0, 0.0, 0.0, 0.0, 0.0, 0.0, 0.0, 0.0, 0.0, 0.0, 0.0, 0.0, 0.0, 0.0, 0.0, 0.0, 0.0, 0.0, 0.0, 0.0, 0.0, 0.0, 0.0, 0.0, 0.0, 0.0, 0.0, 0.0, 0.0, 0.0, 0.0, 0.0, 0.0, 0.0, 0.0, 0.0, 0.0, 3.1415927410125732, 3.1415927410125732, 3.1415927410125732, 3.1415927410125732, 3.1415927410125732, 3.1415927410125732, 3.1415927410125732, 3.1415927410125732, 0.0, 0.0, 0.0, 0.0, 0.0, 0.0, 0.0, 0.0, 0.0, 0.0, 0.0, 0.0, 0.0, 0.0, 0.0, 0.0, 0.0, 0.0, 0.0, 0.0, 0.0, 0.0, 0.0, 0.0, 3.1415927410125732, 3.1415927410125732, 3.1415927410125732, 3.1415927410125732, 3.1415927410125732, 3.1415927410125732, 3.1415927410125732, 3.1415927410125732, 0.0, 0.0, 0.0, 0.0, 0.0, 0.0, 0.0, 0.0, 0.0, 0.0, 0.0, 0.0, 0.0, 0.0, 0.0, 0.0, 0.0, 0.0, 0.0, 0.0, 0.0, 0.0, 0.0, 0.0, 3.1415927410125732, 3.1415927410125732, 3.1415927410125732, 3.1415927410125732, 3.1415927410125732, 3.1415927410125732, 3.1415927410125732, 3.1415927410125732, 0.0, 0.0, 0.0, 0.0, 0.0, 0.0, 0.0, 0.0, 0.0, 0.0, 0.0, 0.0, 0.0, 0.0, 0.0, 0.0, 0.0, 0.0, 0.0, 0.0, 0.0, 0.0, 0.0, 0.0, 3.1415927410125732, 3.1415927410125732, 3.1415927410125732, 3.1415927410125732, 3.1415927410125732, 3.1415927410125732, 3.1415927410125732, 3.1415927410125732, 0.0, 0.0, 0.0, 0.0, 0.0, 0.0, 0.0, 0.0, 0.0, 0.0, 0.0, 0.0, 0.0, 0.0, 0.0, 0.0, 0.0, 0.0, 0.0, 0.0, 0.0, 0.0, 0.0, 0.0, 3.1415927410125732, 3.1415927410125732, 3.1415927410125732, 3.1415927410125732, 3.1415927410125732, 3.1415927410125732, 3.1415927410125732, 3.1415927410125732, 0.0, 0.0, 0.0, 0.0, 0.0, 0.0, 0.0, 0.0, 0.0, 0.0, 0.0, 0.0, 0.0, 0.0, 0.0, 0.0, 0.0, 0.0, 0.0, 0.0, 0.0, 0.0, 0.0, 0.0, 3.1415927410125732, 3.1415927410125732, 3.1415927410125732, 3.1415927410125732, 3.1415927410125732, 3.1415927410125732, 3.1415927410125732, 3.1415927410125732, 0.0, 0.0, 0.0, 0.0, 0.0, 0.0, 0.0, 0.0, 0.0, 0.0, 0.0, 0.0, 0.0, 0.0, 0.0, 0.0, 0.0, 0.0, 0.0, 0.0, 0.0, 0.0, 0.0, 0.0, 3.1415927410125732, 3.1415927410125732, 3.1415927410125732, 3.1415927410125732, 3.1415927410125732, 3.1415927410125732, 3.1415927410125732, 3.1415927410125732, 0.0, 0.0, 0.0, 0.0, 0.0, 0.0, 0.0, 0.0, 0.0, 0.0, 0.0, 0.0, 0.0, 0.0, 0.0, 0.0, 0.0, 0.0, 0.0, 0.0, 0.0, 0.0, 0.0, 0.0, 3.1415927410125732, 3.1415927410125732, 3.1415927410125732, 3.1415927410125732, 3.1415927410125732, 3.1415927410125732, 3.1415927410125732, 3.1415927410125732, 0.0, 0.0, 0.0, 0.0, 0.0, 0.0, 0.0, 0.0, 0.0, 0.0, 0.0, 0.0, 0.0, 0.0, 0.0, 0.0]"
0.6088365,0.15223686,0.15219523,0.15220979,0.15219462,0.15220913,-9.53539467,-9.53664207,-9.53620815,-9.53666496,"[3.1415927410125732, 3.1415927410125732, 3.1415927410125732, 3.1415927410125732, 3.1415927410125732, 3.1415927410125732, 3.1415927410125732, 3.1415927410125732, 3.1415927410125732, 3.1415927410125732, 3.1415927410125732, 3.1415927410125732, 3.1415927410125732, 3.1415927410125732, 3.1415927410125732, 3.1415927410125732, 3.1415927410125732, 3.1415927410125732, 3.1415927410125732, 3.1415927410125732, 3.1415927410125732, 3.1415927410125732, 3.1415927410125732, 3.1415927410125732, 3.1415927410125732, 3.1415927410125732, 3.1415927410125732, 3.1415927410125732, 3.1415927410125732, 3.1415927410125732, 3.1415927410125732, 3.1415927410125732, 3.1415927410125732, 3.1415927410125732, 3.1415927410125732, 3.1415927410125732, 3.1415927410125732, 3.1415927410125732, 3.1415927410125732, 3.1415927410125732, 3.1415927410125732, 3.1415927410125732, 3.1415927410125732, 3.1415927410125732, 3.1415927410125732, 3.1415927410125732, 3.1415927410125732, 3.1415927410125732, 3.1415927410125732, 3.1415927410125732, 3.1415927410125732, 3.1415927410125732, 3.1415927410125732, 3.1415927410125732, 3.1415927410125732, 3.1415927410125732, 3.1415927410125732, 3.1415927410125732, 3.1415927410125732, 3.1415927410125732, 3.1415927410125732, 3.1415927410125732, 3.1415927410125732, 3.1415927410125732, 3.1415927410125732, 3.1415927410125732, 3.1415927410125732, 3.1415927410125732, 3.1415927410125732, 3.1415927410125732, 3.1415927410125732, 3.1415927410125732, 3.1415927410125732, 3.1415927410125732, 3.1415927410125732, 3.1415927410125732, 3.1415927410125732, 3.1415927410125732, 3.1415927410125732, 3.1415927410125732, 3.1415927410125732, 3.1415927410125732, 3.1415927410125732, 3.1415927410125732, 3.1415927410125732, 3.1415927410125732, 3.1415927410125732, 3.1415927410125732, 3.1415927410125732, 3.1415927410125732, 3.1415927410125732, 3.1415927410125732, 3.1415927410125732, 3.1415927410125732, 3.1415927410125732, 3.1415927410125732, 3.1415927410125732, 3.1415927410125732, 3.1415927410125732, 3.1415927410125732, 3.1415927410125732, 3.1415927410125732, 3.1415927410125732, 3.1415927410125732, 3.1415927410125732, 3.1415927410125732, 3.1415927410125732, 3.1415927410125732, 3.1415927410125732, 3.1415927410125732, 3.1415927410125732, 3.1415927410125732, 3.1415927410125732, 3.1415927410125732, 3.1415927410125732, 3.1415927410125732, 3.1415927410125732, 3.1415927410125732, 3.1415927410125732, 3.1415927410125732, 3.1415927410125732, 3.1415927410125732, 3.1415927410125732, 3.1415927410125732, 3.1415927410125732, 3.1415927410125732, 3.1415927410125732, 3.1415927410125732, 3.1415927410125732, 3.1415927410125732, 3.1415927410125732, 3.1415927410125732, 3.1415927410125732, 3.1415927410125732, 3.1415927410125732, 3.1415927410125732, 3.1415927410125732, 3.1415927410125732, 3.1415927410125732, 3.1415927410125732, 3.1415927410125732, 3.1415927410125732, 3.1415927410125732, 3.1415927410125732, 3.1415927410125732, 3.1415927410125732, 3.1415927410125732, 3.1415927410125732, 3.1415927410125732, 3.1415927410125732, 3.1415927410125732, 3.1415927410125732, 3.1415927410125732, 3.1415927410125732, 3.1415927410125732, 3.1415927410125732, 3.1415927410125732, 3.1415927410125732, 3.1415927410125732, 3.1415927410125732, 3.1415927410125732, 3.1415927410125732, 3.1415927410125732, 3.1415927410125732, 3.1415927410125732, 3.1415927410125732, 3.1415927410125732, 3.1415927410125732, 3.1415927410125732, 3.1415927410125732, 3.1415927410125732, 3.1415927410125732, 3.1415927410125732, 3.1415927410125732, 3.1415927410125732, 3.1415927410125732, 3.1415927410125732, 3.1415927410125732, 3.1415927410125732, 3.1415927410125732, 3.1415927410125732, 3.1415927410125732, 3.1415927410125732, 3.1415927410125732, 3.1415927410125732, 3.1415927410125732, 3.1415927410125732, 3.1415927410125732, 3.1415927410125732, 3.1415927410125732, 3.1415927410125732, 3.1415927410125732, 3.1415927410125732, 3.1415927410125732, 3.1415927410125732, 3.1415927410125732, 3.1415927410125732, 3.1415927410125732, 3.1415927410125732, 3.1415927410125732, 3.1415927410125732, 3.1415927410125732, 3.1415927410125732, 3.1415927410125732, 3.1415927410125732, 3.1415927410125732, 3.1415927410125732, 3.1415927410125732, 3.1415927410125732, 3.1415927410125732, 3.1415927410125732, 3.1415927410125732, 3.1415927410125732, 3.1415927410125732, 3.1415927410125732, 3.1415927410125732, 3.1415927410125732, 3.1415927410125732, 3.1415927410125732, 3.1415927410125732, 3.1415927410125732, 3.1415927410125732, 3.1415927410125732, 3.1415927410125732, 3.1415927410125732, 3.1415927410125732, 3.1415927410125732, 3.1415927410125732, 3.1415927410125732, 3.1415927410125732, 3.1415927410125732, 3.1415927410125732, 3.1415927410125732, 3.1415927410125732, 3.1415927410125732, 3.1415927410125732, 3.1415927410125732, 3.1415927410125732, 3.1415927410125732, 3.1415927410125732, 3.1415927410125732, 3.1415927410125732, 3.1415927410125732, 3.1415927410125732, 3.1415927410125732, 3.1415927410125732, 3.1415927410125732, 3.1415927410125732, 3.1415927410125732, 3.1415927410125732, 3.1415927410125732, 3.1415927410125732, 3.1415927410125732, 3.1415927410125732, 3.1415927410125732, 3.1415927410125732, 0.0, 0.0, 0.0, 0.0, 0.0, 0.0, 0.0, 0.0, 0.0, 0.0, 0.0, 0.0, 0.0, 0.0, 0.0, 0.0, 3.1415927410125732, 3.1415927410125732, 3.1415927410125732, 3.1415927410125732, 3.1415927410125732, 3.1415927410125732, 3.1415927410125732, 3.1415927410125732, 3.1415927410125732, 3.1415927410125732, 3.1415927410125732, 3.1415927410125732, 3.1415927410125732, 3.1415927410125732, 3.1415927410125732, 3.1415927410125732, 0.0, 0.0, 0.0, 0.0, 0.0, 0.0, 0.0, 0.0, 0.0, 0.0, 0.0, 0.0, 0.0, 0.0, 0.0, 0.0, 3.1415927410125732, 3.1415927410125732, 3.1415927410125732, 3.1415927410125732, 3.1415927410125732, 3.1415927410125732, 3.1415927410125732, 3.1415927410125732, 3.1415927410125732, 3.1415927410125732, 3.1415927410125732, 3.1415927410125732, 3.1415927410125732, 3.1415927410125732, 3.1415927410125732, 3.1415927410125732, 0.0, 0.0, 0.0, 0.0, 0.0, 0.0, 0.0, 0.0, 0.0, 0.0, 0.0, 0.0, 0.0, 0.0, 0.0, 0.0, 3.1415927410125732, 3.1415927410125732, 3.1415927410125732, 3.1415927410125732, 3.1415927410125732, 3.1415927410125732, 3.1415927410125732, 3.1415927410125732, 3.1415927410125732, 3.1415927410125732, 3.1415927410125732, 3.1415927410125732, 3.1415927410125732, 3.1415927410125732, 3.1415927410125732, 3.1415927410125732, 0.0, 0.0, 0.0, 0.0, 0.0, 0.0, 0.0, 0.0, 0.0, 0.0, 0.0, 0.0, 0.0, 0.0, 0.0, 0.0, 3.1415927410125732, 3.1415927410125732, 3.1415927410125732, 3.1415927410125732, 3.1415927410125732, 3.1415927410125732, 3.1415927410125732, 3.1415927410125732, 3.1415927410125732, 3.1415927410125732, 3.1415927410125732, 3.1415927410125732, 3.1415927410125732, 3.1415927410125732, 3.1415927410125732, 3.1415927410125732, 0.0, 0.0, 0.0, 0.0, 0.0, 0.0, 0.0, 0.0, 0.0, 0.0, 0.0, 0.0, 0.0, 0.0, 0.0, 0.0, 3.1415927410125732, 3.1415927410125732, 3.1415927410125732, 3.1415927410125732, 3.1415927410125732, 3.1415927410125732, 3.1415927410125732, 3.1415927410125732, 3.1415927410125732, 3.1415927410125732, 3.1415927410125732, 3.1415927410125732, 3.1415927410125732, 3.1415927410125732, 3.1415927410125732, 3.1415927410125732, 0.0, 0.0, 0.0, 0.0, 0.0, 0.0, 0.0, 0.0, 0.0, 0.0, 0.0, 0.0, 0.0, 0.0, 0.0, 0.0, 3.1415927410125732, 3.1415927410125732, 3.1415927410125732, 3.1415927410125732, 3.1415927410125732, 3.1415927410125732, 3.1415927410125732, 3.1415927410125732, 3.1415927410125732, 3.1415927410125732, 3.1415927410125732, 3.1415927410125732, 3.1415927410125732, 3.1415927410125732, 3.1415927410125732, 3.1415927410125732, 0.0, 0.0, 0.0, 0.0, 0.0, 0.0, 0.0, 0.0, 0.0, 0.0, 0.0, 0.0, 0.0, 0.0, 0.0, 0.0, 3.1415927410125732, 3.1415927410125732, 3.1415927410125732, 3.1415927410125732, 3.1415927410125732, 3.1415927410125732, 3.1415927410125732, 3.1415927410125732, 3.1415927410125732, 3.1415927410125732, 3.1415927410125732, 3.1415927410125732, 3.1415927410125732, 3.1415927410125732, 3.1415927410125732, 3.1415927410125732, 0.0, 0.0, 0.0, 0.0, 0.0, 0.0, 0.0, 0.0, 0.0, 0.0, 0.0, 0.0, 0.0, 0.0, 0.0, 0.0, 3.1415927410125732, 3.1415927410125732, 3.1415927410125732, 3.1415927410125732, 3.1415927410125732, 3.1415927410125732, 3.1415927410125732, 3.1415927410125732, 3.1415927410125732, 3.1415927410125732, 3.1415927410125732, 3.1415927410125732, 3.1415927410125732, 3.1415927410125732, 3.1415927410125732, 3.1415927410125732, 0.0, 0.0, 0.0, 0.0, 0.0, 0.0, 0.0, 0.0, 0.0, 0.0, 0.0, 0.0, 0.0, 0.0, 0.0, 0.0, 0.0, 0.0, 0.0, 0.0, 0.0, 0.0, 0.0, 0.0, 0.0, 0.0, 0.0, 0.0, 0.0, 0.0, 0.0, 0.0, 0.0, 0.0, 0.0, 0.0, 0.0, 0.0, 0.0, 0.0, 0.0, 0.0, 0.0, 0.0, 0.0, 0.0, 0.0, 0.0, 0.0, 0.0, 0.0, 0.0, 0.0, 0.0, 0.0, 0.0, 0.0, 0.0, 0.0, 0.0, 0.0, 0.0, 0.0, 0.0, 0.0, 0.0, 0.0, 0.0, 0.0, 0.0, 0.0, 0.0, 0.0, 0.0, 0.0, 0.0, 0.0, 0.0, 0.0, 0.0, 0.0, 0.0, 0.0, 0.0, 0.0, 0.0, 0.0, 0.0, 0.0, 0.0, 0.0, 0.0, 0.0, 0.0, 0.0, 0.0, 0.0, 0.0, 0.0, 0.0, 0.0, 0.0, 0.0, 0.0, 0.0, 0.0, 0.0, 0.0, 0.0, 0.0, 0.0, 0.0, 0.0, 0.0, 0.0, 0.0, 0.0, 0.0, 0.0, 0.0, 0.0, 0.0, 0.0, 0.0, 0.0, 0.0, 0.0, 0.0, 0.0, 0.0, 0.0, 0.0, 0.0, 0.0, 0.0, 0.0, 0.0, 0.0, 0.0, 0.0, 0.0, 0.0, 0.0, 0.0, 0.0, 0.0, 0.0, 0.0, 0.0, 0.0, 0.0, 0.0, 0.0, 0.0, 0.0, 0.0, 0.0, 0.0, 0.0, 0.0, 0.0, 0.0, 0.0, 0.0, 0.0, 0.0, 0.0, 0.0, 0.0, 0.0, 0.0, 0.0, 0.0, 0.0, 0.0, 0.0, 0.0, 0.0, 0.0, 0.0, 0.0, 0.0, 0.0, 0.0, 0.0, 0.0, 0.0, 0.0, 0.0, 0.0, 0.0, 0.0, 0.0, 0.0, 0.0, 0.0, 0.0, 0.0, 0.0, 0.0, 0.0, 0.0, 0.0, 0.0, 0.0, 0.0, 0.0, 0.0, 0.0, 0.0, 0.0, 0.0, 0.0, 0.0, 0.0, 0.0, 0.0, 0.0, 0.0, 0.0, 0.0, 0.0, 0.0, 0.0, 0.0, 0.0, 0.0, 0.0, 0.0, 0.0, 0.0, 0.0, 0.0, 0.0, 0.0, 0.0, 0.0, 0.0, 0.0, 0.0, 0.0, 0.0, 0.0, 0.0, 0.0, 0.0, 0.0, 0.0, 0.0, 0.0, 0.0, 0.0, 0.0, 0.0, 0.0, 0.0, 0.0, 0.0, 0.0, 0.0, 0.0, 0.0, 0.0, 0.0, 3.1415927410125732, 3.1415927410125732, 3.1415927410125732, 3.1415927410125732, 3.1415927410125732, 3.1415927410125732, 3.1415927410125732, 3.1415927410125732, 0.0, 0.0, 0.0, 0.0, 0.0, 0.0, 0.0, 0.0, 0.0, 0.0, 0.0, 0.0, 0.0, 0.0, 0.0, 0.0, 0.0, 0.0, 0.0, 0.0, 0.0, 0.0, 0.0, 0.0, 3.1415927410125732, 3.1415927410125732, 3.1415927410125732, 3.1415927410125732, 3.1415927410125732, 3.1415927410125732, 3.1415927410125732, 3.1415927410125732, 0.0, 0.0, 0.0, 0.0, 0.0, 0.0, 0.0, 0.0, 0.0, 0.0, 0.0, 0.0, 0.0, 0.0, 0.0, 0.0, 0.0, 0.0, 0.0, 0.0, 0.0, 0.0, 0.0, 0.0, 3.1415927410125732, 3.1415927410125732, 3.1415927410125732, 3.1415927410125732, 3.1415927410125732, 3.1415927410125732, 3.1415927410125732, 3.1415927410125732, 0.0, 0.0, 0.0, 0.0, 0.0, 0.0, 0.0, 0.0, 0.0, 0.0, 0.0, 0.0, 0.0, 0.0, 0.0, 0.0, 0.0, 0.0, 0.0, 0.0, 0.0, 0.0, 0.0, 0.0, 3.1415927410125732, 3.1415927410125732, 3.1415927410125732, 3.1415927410125732, 3.1415927410125732, 3.1415927410125732, 3.1415927410125732, 3.1415927410125732, 0.0, 0.0, 0.0, 0.0, 0.0, 0.0, 0.0, 0.0, 0.0, 0.0, 0.0, 0.0, 0.0, 0.0, 0.0, 0.0, 0.0, 0.0, 0.0, 0.0, 0.0, 0.0, 0.0, 0.0, 3.1415927410125732, 3.1415927410125732, 3.1415927410125732, 3.1415927410125732, 3.1415927410125732, 3.1415927410125732, 3.1415927410125732, 3.1415927410125732, 0.0, 0.0, 0.0, 0.0, 0.0, 0.0, 0.0, 0.0, 0.0, 0.0, 0.0, 0.0, 0.0, 0.0, 0.0, 0.0, 0.0, 0.0, 0.0, 0.0, 0.0, 0.0, 0.0, 0.0, 3.1415927410125732, 3.1415927410125732, 3.1415927410125732, 3.1415927410125732, 3.1415927410125732, 3.1415927410125732, 3.1415927410125732, 3.1415927410125732, 0.0, 0.0, 0.0, 0.0, 0.0, 0.0, 0.0, 0.0, 0.0, 0.0, 0.0, 0.0, 0.0, 0.0, 0.0, 0.0, 0.0, 0.0, 0.0, 0.0, 0.0, 0.0, 0.0, 0.0, 3.1415927410125732, 3.1415927410125732, 3.1415927410125732, 3.1415927410125732, 3.1415927410125732, 3.1415927410125732, 3.1415927410125732, 3.1415927410125732, 0.0, 0.0, 0.0, 0.0, 0.0, 0.0, 0.0, 0.0, 0.0, 0.0, 0.0, 0.0, 0.0, 0.0, 0.0, 0.0, 0.0, 0.0, 0.0, 0.0, 0.0, 0.0, 0.0, 0.0, 3.1415927410125732, 3.1415927410125732, 3.1415927410125732, 3.1415927410125732, 3.1415927410125732, 3.1415927410125732, 3.1415927410125732, 3.1415927410125732, 0.0, 0.0, 0.0, 0.0, 0.0, 0.0, 0.0, 0.0, 0.0, 0.0, 0.0, 0.0, 0.0, 0.0, 0.0, 0.0]"
0.6088365,0.15223686,0.15219523,0.15220979,0.15219462,0.15220913,-9.53539467,-9.53664207,-9.53620815,-9.53666496,"[3.1415927410125732, 3.1415927410125732, 3.1415927410125732, 3.1415927410125732, 3.1415927410125732, 3.1415927410125732, 3.1415927410125732, 3.1415927410125732, 3.1415927410125732, 3.1415927410125732, 3.1415927410125732, 3.1415927410125732, 3.1415927410125732, 3.1415927410125732, 3.1415927410125732, 3.1415927410125732, 3.1415927410125732, 3.1415927410125732, 3.1415927410125732, 3.1415927410125732, 3.1415927410125732, 3.1415927410125732, 3.1415927410125732, 3.1415927410125732, 3.1415927410125732, 3.1415927410125732, 3.1415927410125732, 3.1415927410125732, 3.1415927410125732, 3.1415927410125732, 3.1415927410125732, 3.1415927410125732, 3.1415927410125732, 3.1415927410125732, 3.1415927410125732, 3.1415927410125732, 3.1415927410125732, 3.1415927410125732, 3.1415927410125732, 3.1415927410125732, 3.1415927410125732, 3.1415927410125732, 3.1415927410125732, 3.1415927410125732, 3.1415927410125732, 3.1415927410125732, 3.1415927410125732, 3.1415927410125732, 3.1415927410125732, 3.1415927410125732, 3.1415927410125732, 3.1415927410125732, 3.1415927410125732, 3.1415927410125732, 3.1415927410125732, 3.1415927410125732, 3.1415927410125732, 3.1415927410125732, 3.1415927410125732, 3.1415927410125732, 3.1415927410125732, 3.1415927410125732, 3.1415927410125732, 3.1415927410125732, 3.1415927410125732, 3.1415927410125732, 3.1415927410125732, 3.1415927410125732, 3.1415927410125732, 3.1415927410125732, 3.1415927410125732, 3.1415927410125732, 3.1415927410125732, 3.1415927410125732, 3.1415927410125732, 3.1415927410125732, 3.1415927410125732, 3.1415927410125732, 3.1415927410125732, 3.1415927410125732, 3.1415927410125732, 3.1415927410125732, 3.1415927410125732, 3.1415927410125732, 3.1415927410125732, 3.1415927410125732, 3.1415927410125732, 3.1415927410125732, 3.1415927410125732, 3.1415927410125732, 3.1415927410125732, 3.1415927410125732, 3.1415927410125732, 3.1415927410125732, 3.1415927410125732, 3.1415927410125732, 3.1415927410125732, 3.1415927410125732, 3.1415927410125732, 3.1415927410125732, 3.1415927410125732, 3.1415927410125732, 3.1415927410125732, 3.1415927410125732, 3.1415927410125732, 3.1415927410125732, 3.1415927410125732, 3.1415927410125732, 3.1415927410125732, 3.1415927410125732, 3.1415927410125732, 3.1415927410125732, 3.1415927410125732, 3.1415927410125732, 3.1415927410125732, 3.1415927410125732, 3.1415927410125732, 3.1415927410125732, 3.1415927410125732, 3.1415927410125732, 3.1415927410125732, 3.1415927410125732, 3.1415927410125732, 3.1415927410125732, 3.1415927410125732, 3.1415927410125732, 3.1415927410125732, 3.1415927410125732, 3.1415927410125732, 3.1415927410125732, 3.1415927410125732, 3.1415927410125732, 3.1415927410125732, 3.1415927410125732, 3.1415927410125732, 3.1415927410125732, 3.1415927410125732, 3.1415927410125732, 3.1415927410125732, 3.1415927410125732, 3.1415927410125732, 3.1415927410125732, 3.1415927410125732, 3.1415927410125732, 3.1415927410125732, 3.1415927410125732, 3.1415927410125732, 3.1415927410125732, 3.1415927410125732, 3.1415927410125732, 3.1415927410125732, 3.1415927410125732, 3.1415927410125732, 3.1415927410125732, 3.1415927410125732, 3.1415927410125732, 3.1415927410125732, 3.1415927410125732, 3.1415927410125732, 3.1415927410125732, 3.1415927410125732, 3.1415927410125732, 3.1415927410125732, 3.1415927410125732, 3.1415927410125732, 3.1415927410125732, 3.1415927410125732, 3.1415927410125732, 3.1415927410125732, 3.1415927410125732, 3.1415927410125732, 3.1415927410125732, 3.1415927410125732, 3.1415927410125732, 3.1415927410125732, 3.1415927410125732, 3.1415927410125732, 3.1415927410125732, 3.1415927410125732, 3.1415927410125732, 3.1415927410125732, 3.1415927410125732, 3.1415927410125732, 3.1415927410125732, 3.1415927410125732, 3.1415927410125732, 3.1415927410125732, 3.1415927410125732, 3.1415927410125732, 3.1415927410125732, 3.1415927410125732, 3.1415927410125732, 3.1415927410125732, 3.1415927410125732, 3.1415927410125732, 3.1415927410125732, 3.1415927410125732, 3.1415927410125732, 3.1415927410125732, 3.1415927410125732, 3.1415927410125732, 3.1415927410125732, 3.1415927410125732, 3.1415927410125732, 3.1415927410125732, 3.1415927410125732, 3.1415927410125732, 3.1415927410125732, 3.1415927410125732, 3.1415927410125732, 3.1415927410125732, 3.1415927410125732, 3.1415927410125732, 3.1415927410125732, 3.1415927410125732, 3.1415927410125732, 3.1415927410125732, 3.1415927410125732, 3.1415927410125732, 3.1415927410125732, 3.1415927410125732, 3.1415927410125732, 3.1415927410125732, 3.1415927410125732, 3.1415927410125732, 3.1415927410125732, 3.1415927410125732, 3.1415927410125732, 3.1415927410125732, 3.1415927410125732, 3.1415927410125732, 3.1415927410125732, 3.1415927410125732, 3.1415927410125732, 3.1415927410125732, 3.1415927410125732, 3.1415927410125732, 3.1415927410125732, 3.1415927410125732, 3.1415927410125732, 3.1415927410125732, 3.1415927410125732, 3.1415927410125732, 3.1415927410125732, 3.1415927410125732, 3.1415927410125732, 3.1415927410125732, 3.1415927410125732, 3.1415927410125732, 3.1415927410125732, 3.1415927410125732, 3.1415927410125732, 3.1415927410125732, 3.1415927410125732, 3.1415927410125732, 3.1415927410125732, 0.0, 0.0, 0.0, 0.0, 0.0, 0.0, 0.0, 0.0, 0.0, 0.0, 0.0, 0.0, 0.0, 0.0, 0.0, 0.0, 3.1415927410125732, 3.1415927410125732, 3.1415927410125732, 3.1415927410125732, 3.1415927410125732, 3.1415927410125732, 3.1415927410125732, 3.1415927410125732, 3.1415927410125732, 3.1415927410125732, 3.1415927410125732, 3.1415927410125732, 3.1415927410125732, 3.1415927410125732, 3.1415927410125732, 3.1415927410125732, 0.0, 0.0, 0.0, 0.0, 0.0, 0.0, 0.0, 0.0, 0.0, 0.0, 0.0, 0.0, 0.0, 0.0, 0.0, 0.0, 3.1415927410125732, 3.1415927410125732, 3.1415927410125732, 3.1415927410125732, 3.1415927410125732, 3.1415927410125732, 3.1415927410125732, 3.1415927410125732, 3.1415927410125732, 3.1415927410125732, 3.1415927410125732, 3.1415927410125732, 3.1415927410125732, 3.1415927410125732, 3.1415927410125732, 3.1415927410125732, 0.0, 0.0, 0.0, 0.0, 0.0, 0.0, 0.0, 0.0, 0.0, 0.0, 0.0, 0.0, 0.0, 0.0, 0.0, 0.0, 3.1415927410125732, 3.1415927410125732, 3.1415927410125732, 3.1415927410125732, 3.1415927410125732, 3.1415927410125732, 3.1415927410125732, 3.1415927410125732, 3.1415927410125732, 3.1415927410125732, 3.1415927410125732, 3.1415927410125732, 3.1415927410125732, 3.1415927410125732, 3.1415927410125732, 3.1415927410125732, 0.0, 0.0, 0.0, 0.0, 0.0, 0.0, 0.0, 0.0, 0.0, 0.0, 0.0, 0.0, 0.0, 0.0, 0.0, 0.0, 3.1415927410125732, 3.1415927410125732, 3.1415927410125732, 3.1415927410125732, 3.1415927410125732, 3.1415927410125732, 3.1415927410125732, 3.1415927410125732, 3.1415927410125732, 3.1415927410125732, 3.1415927410125732, 3.1415927410125732, 3.1415927410125732, 3.1415927410125732, 3.1415927410125732, 3.1415927410125732, 0.0, 0.0, 0.0, 0.0, 0.0, 0.0, 0.0, 0.0, 0.0, 0.0, 0.0, 0.0, 0.0, 0.0, 0.0, 0.0, 3.1415927410125732, 3.1415927410125732, 3.1415927410125732, 3.1415927410125732, 3.1415927410125732, 3.1415927410125732, 3.1415927410125732, 3.1415927410125732, 3.1415927410125732, 3.1415927410125732, 3.1415927410125732, 3.1415927410125732, 3.1415927410125732, 3.1415927410125732, 3.1415927410125732, 3.1415927410125732, 0.0, 0.0, 0.0, 0.0, 0.0, 0.0, 0.0, 0.0, 0.0, 0.0, 0.0, 0.0, 0.0, 0.0, 0.0, 0.0, 3.1415927410125732, 3.1415927410125732, 3.1415927410125732, 3.1415927410125732, 3.1415927410125732, 3.1415927410125732, 3.1415927410125732, 3.1415927410125732, 3.1415927410125732, 3.1415927410125732, 3.1415927410125732, 3.1415927410125732, 3.1415927410125732, 3.1415927410125732, 3.1415927410125732, 3.1415927410125732, 0.0, 0.0, 0.0, 0.0, 0.0, 0.0, 0.0, 0.0, 0.0, 0.0, 0.0, 0.0, 0.0, 0.0, 0.0, 0.0, 3.1415927410125732, 3.1415927410125732, 3.1415927410125732, 3.1415927410125732, 3.1415927410125732, 3.1415927410125732, 3.1415927410125732, 3.1415927410125732, 3.1415927410125732, 3.1415927410125732, 3.1415927410125732, 3.1415927410125732, 3.1415927410125732, 3.1415927410125732, 3.1415927410125732, 3.1415927410125732, 0.0, 0.0, 0.0, 0.0, 0.0, 0.0, 0.0, 0.0, 0.0, 0.0, 0.0, 0.0, 0.0, 0.0, 0.0, 0.0, 3.1415927410125732, 3.1415927410125732, 3.1415927410125732, 3.1415927410125732, 3.1415927410125732, 3.1415927410125732, 3.1415927410125732, 3.1415927410125732, 3.1415927410125732, 3.1415927410125732, 3.1415927410125732, 3.1415927410125732, 3.1415927410125732, 3.1415927410125732, 3.1415927410125732, 3.1415927410125732, 0.0, 0.0, 0.0, 0.0, 0.0, 0.0, 0.0, 0.0, 0.0, 0.0, 0.0, 0.0, 0.0, 0.0, 0.0, 0.0, 0.0, 0.0, 0.0, 0.0, 0.0, 0.0, 0.0, 0.0, 0.0, 0.0, 0.0, 0.0, 0.0, 0.0, 0.0, 0.0, 0.0, 0.0, 0.0, 0.0, 0.0, 0.0, 0.0, 0.0, 0.0, 0.0, 0.0, 0.0, 0.0, 0.0, 0.0, 0.0, 0.0, 0.0, 0.0, 0.0, 0.0, 0.0, 0.0, 0.0, 0.0, 0.0, 0.0, 0.0, 0.0, 0.0, 0.0, 0.0, 0.0, 0.0, 0.0, 0.0, 0.0, 0.0, 0.0, 0.0, 0.0, 0.0, 0.0, 0.0, 0.0, 0.0, 0.0, 0.0, 0.0, 0.0, 0.0, 0.0, 0.0, 0.0, 0.0, 0.0, 0.0, 0.0, 0.0, 0.0, 0.0, 0.0, 0.0, 0.0, 0.0, 0.0, 0.0, 0.0, 0.0, 0.0, 0.0, 0.0, 0.0, 0.0, 0.0, 0.0, 0.0, 0.0, 0.0, 0.0, 0.0, 0.0, 0.0, 0.0, 0.0, 0.0, 0.0, 0.0, 0.0, 0.0, 0.0, 0.0, 0.0, 0.0, 0.0, 0.0, 0.0, 0.0, 0.0, 0.0, 0.0, 0.0, 0.0, 0.0, 0.0, 0.0, 0.0, 0.0, 0.0, 0.0, 0.0, 0.0, 0.0, 0.0, 0.0, 0.0, 0.0, 0.0, 0.0, 0.0, 0.0, 0.0, 0.0, 0.0, 0.0, 0.0, 0.0, 0.0, 0.0, 0.0, 0.0, 0.0, 0.0, 0.0, 0.0, 0.0, 0.0, 0.0, 0.0, 0.0, 0.0, 0.0, 0.0, 0.0, 0.0, 0.0, 0.0, 0.0, 0.0, 0.0, 0.0, 0.0, 0.0, 0.0, 0.0, 0.0, 0.0, 0.0, 0.0, 0.0, 0.0, 0.0, 0.0, 0.0, 0.0, 0.0, 0.0, 0.0, 0.0, 0.0, 0.0, 0.0, 0.0, 0.0, 0.0, 0.0, 0.0, 0.0, 0.0, 0.0, 0.0, 0.0, 0.0, 0.0, 0.0, 0.0, 0.0, 0.0, 0.0, 0.0, 0.0, 0.0, 0.0, 0.0, 0.0, 0.0, 0.0, 0.0, 0.0, 0.0, 0.0, 0.0, 0.0, 0.0, 0.0, 0.0, 0.0, 0.0, 0.0, 0.0, 0.0, 0.0, 0.0, 0.0, 0.0, 0.0, 0.0, 0.0, 0.0, 0.0, 0.0, 0.0, 0.0, 0.0, 0.0, 0.0, 0.0, 0.0, 0.0, 0.0, 0.0, 0.0, 3.1415927410125732, 3.1415927410125732, 3.1415927410125732, 3.1415927410125732, 3.1415927410125732, 3.1415927410125732, 3.1415927410125732, 3.1415927410125732, 0.0, 0.0, 0.0, 0.0, 0.0, 0.0, 0.0, 0.0, 0.0, 0.0, 0.0, 0.0, 0.0, 0.0, 0.0, 0.0, 0.0, 0.0, 0.0, 0.0, 0.0, 0.0, 0.0, 0.0, 3.1415927410125732, 3.1415927410125732, 3.1415927410125732, 3.1415927410125732, 3.1415927410125732, 3.1415927410125732, 3.1415927410125732, 3.1415927410125732, 0.0, 0.0, 0.0, 0.0, 0.0, 0.0, 0.0, 0.0, 0.0, 0.0, 0.0, 0.0, 0.0, 0.0, 0.0, 0.0, 0.0, 0.0, 0.0, 0.0, 0.0, 0.0, 0.0, 0.0, 3.1415927410125732, 3.1415927410125732, 3.1415927410125732, 3.1415927410125732, 3.1415927410125732, 3.1415927410125732, 3.1415927410125732, 3.1415927410125732, 0.0, 0.0, 0.0, 0.0, 0.0, 0.0, 0.0, 0.0, 0.0, 0.0, 0.0, 0.0, 0.0, 0.0, 0.0, 0.0, 0.0, 0.0, 0.0, 0.0, 0.0, 0.0, 0.0, 0.0, 3.1415927410125732, 3.1415927410125732, 3.1415927410125732, 3.1415927410125732, 3.1415927410125732, 3.1415927410125732, 3.1415927410125732, 3.1415927410125732, 0.0, 0.0, 0.0, 0.0, 0.0, 0.0, 0.0, 0.0, 0.0, 0.0, 0.0, 0.0, 0.0, 0.0, 0.0, 0.0, 0.0, 0.0, 0.0, 0.0, 0.0, 0.0, 0.0, 0.0, 3.1415927410125732, 3.1415927410125732, 3.1415927410125732, 3.1415927410125732, 3.1415927410125732, 3.1415927410125732, 3.1415927410125732, 3.1415927410125732, 0.0, 0.0, 0.0, 0.0, 0.0, 0.0, 0.0, 0.0, 0.0, 0.0, 0.0, 0.0, 0.0, 0.0, 0.0, 0.0, 0.0, 0.0, 0.0, 0.0, 0.0, 0.0, 0.0, 0.0, 3.1415927410125732, 3.1415927410125732, 3.1415927410125732, 3.1415927410125732, 3.1415927410125732, 3.1415927410125732, 3.1415927410125732, 3.1415927410125732, 0.0, 0.0, 0.0, 0.0, 0.0, 0.0, 0.0, 0.0, 0.0, 0.0, 0.0, 0.0, 0.0, 0.0, 0.0, 0.0, 0.0, 0.0, 0.0, 0.0, 0.0, 0.0, 0.0, 0.0, 3.1415927410125732, 3.1415927410125732, 3.1415927410125732, 3.1415927410125732, 3.1415927410125732, 3.1415927410125732, 3.1415927410125732, 3.1415927410125732, 0.0, 0.0, 0.0, 0.0, 0.0, 0.0, 0.0, 0.0, 0.0, 0.0, 0.0, 0.0, 0.0, 0.0, 0.0, 0.0, 0.0, 0.0, 0.0, 0.0, 0.0, 0.0, 0.0, 0.0, 3.1415927410125732, 3.1415927410125732, 3.1415927410125732, 3.1415927410125732, 3.1415927410125732, 3.1415927410125732, 3.1415927410125732, 3.1415927410125732, 0.0, 0.0, 0.0, 0.0, 0.0, 0.0, 0.0, 0.0, 0.0, 0.0, 0.0, 0.0, 0.0, 0.0, 0.0, 0.0]"
0.6088365,0.15223686,0.15219523,0.15220979,0.15219462,0.15220913,-9.53539467,-9.53664207,-9.53620815,-9.53666496,"[3.1415927410125732, 3.1415927410125732, 3.1415927410125732, 3.1415927410125732, 3.1415927410125732, 3.1415927410125732, 3.1415927410125732, 3.1415927410125732, 3.1415927410125732, 3.1415927410125732, 3.1415927410125732, 3.1415927410125732, 3.1415927410125732, 3.1415927410125732, 3.1415927410125732, 3.1415927410125732, 3.1415927410125732, 3.1415927410125732, 3.1415927410125732, 3.1415927410125732, 3.1415927410125732, 3.1415927410125732, 3.1415927410125732, 3.1415927410125732, 3.1415927410125732, 3.1415927410125732, 3.1415927410125732, 3.1415927410125732, 3.1415927410125732, 3.1415927410125732, 3.1415927410125732, 3.1415927410125732, 3.1415927410125732, 3.1415927410125732, 3.1415927410125732, 3.1415927410125732, 3.1415927410125732, 3.1415927410125732, 3.1415927410125732, 3.1415927410125732, 3.1415927410125732, 3.1415927410125732, 3.1415927410125732, 3.1415927410125732, 3.1415927410125732, 3.1415927410125732, 3.1415927410125732, 3.1415927410125732, 3.1415927410125732, 3.1415927410125732, 3.1415927410125732, 3.1415927410125732, 3.1415927410125732, 3.1415927410125732, 3.1415927410125732, 3.1415927410125732, 3.1415927410125732, 3.1415927410125732, 3.1415927410125732, 3.1415927410125732, 3.1415927410125732, 3.1415927410125732, 3.1415927410125732, 3.1415927410125732, 3.1415927410125732, 3.1415927410125732, 3.1415927410125732, 3.1415927410125732, 3.1415927410125732, 3.1415927410125732, 3.1415927410125732, 3.1415927410125732, 3.1415927410125732, 3.1415927410125732, 3.1415927410125732, 3.1415927410125732, 3.1415927410125732, 3.1415927410125732, 3.1415927410125732, 3.1415927410125732, 3.1415927410125732, 3.1415927410125732, 3.1415927410125732, 3.1415927410125732, 3.1415927410125732, 3.1415927410125732, 3.1415927410125732, 3.1415927410125732, 3.1415927410125732, 3.1415927410125732, 3.1415927410125732, 3.1415927410125732, 3.1415927410125732, 3.1415927410125732, 3.1415927410125732, 3.1415927410125732, 3.1415927410125732, 3.1415927410125732, 3.1415927410125732, 3.1415927410125732, 3.1415927410125732, 3.1415927410125732, 3.1415927410125732, 3.1415927410125732, 3.1415927410125732, 3.1415927410125732, 3.1415927410125732, 3.1415927410125732, 3.1415927410125732, 3.1415927410125732, 3.1415927410125732, 3.1415927410125732, 3.1415927410125732, 3.1415927410125732, 3.1415927410125732, 3.1415927410125732, 3.1415927410125732, 3.1415927410125732, 3.1415927410125732, 3.1415927410125732, 3.1415927410125732, 3.1415927410125732, 3.1415927410125732, 3.1415927410125732, 3.1415927410125732, 3.1415927410125732, 3.1415927410125732, 3.1415927410125732, 3.1415927410125732, 3.1415927410125732, 3.1415927410125732, 3.1415927410125732, 3.1415927410125732, 3.1415927410125732, 3.1415927410125732, 3.1415927410125732, 3.1415927410125732, 3.1415927410125732, 3.1415927410125732, 3.1415927410125732, 3.1415927410125732, 3.1415927410125732, 3.1415927410125732, 3.1415927410125732, 3.1415927410125732, 3.1415927410125732, 3.1415927410125732, 3.1415927410125732, 3.1415927410125732, 3.1415927410125732, 3.1415927410125732, 3.1415927410125732, 3.1415927410125732, 3.1415927410125732, 3.1415927410125732, 3.1415927410125732, 3.1415927410125732, 3.1415927410125732, 3.1415927410125732, 3.1415927410125732, 3.1415927410125732, 3.1415927410125732, 3.1415927410125732, 3.1415927410125732, 3.1415927410125732, 3.1415927410125732, 3.1415927410125732, 3.1415927410125732, 3.1415927410125732, 3.1415927410125732, 3.1415927410125732, 3.1415927410125732, 3.1415927410125732, 3.1415927410125732, 3.1415927410125732, 3.1415927410125732, 3.1415927410125732, 3.1415927410125732, 3.1415927410125732, 3.1415927410125732, 3.1415927410125732, 3.1415927410125732, 3.1415927410125732, 3.1415927410125732, 3.1415927410125732, 3.1415927410125732, 3.1415927410125732, 3.1415927410125732, 3.1415927410125732, 3.1415927410125732, 3.1415927410125732, 3.1415927410125732, 3.1415927410125732, 3.1415927410125732, 3.1415927410125732, 3.1415927410125732, 3.1415927410125732, 3.1415927410125732, 3.1415927410125732, 3.1415927410125732, 3.1415927410125732, 3.1415927410125732, 3.1415927410125732, 3.1415927410125732, 3.1415927410125732, 3.1415927410125732, 3.1415927410125732, 3.1415927410125732, 3.1415927410125732, 3.1415927410125732, 3.1415927410125732, 3.1415927410125732, 3.1415927410125732, 3.1415927410125732, 3.1415927410125732, 3.1415927410125732, 3.1415927410125732, 3.1415927410125732, 3.1415927410125732, 3.1415927410125732, 3.1415927410125732, 3.1415927410125732, 3.1415927410125732, 3.1415927410125732, 3.1415927410125732, 3.1415927410125732, 3.1415927410125732, 3.1415927410125732, 3.1415927410125732, 3.1415927410125732, 3.1415927410125732, 3.1415927410125732, 3.1415927410125732, 3.1415927410125732, 3.1415927410125732, 3.1415927410125732, 3.1415927410125732, 3.1415927410125732, 3.1415927410125732, 3.1415927410125732, 3.1415927410125732, 3.1415927410125732, 3.1415927410125732, 3.1415927410125732, 3.1415927410125732, 3.1415927410125732, 3.1415927410125732, 3.1415927410125732, 3.1415927410125732, 3.1415927410125732, 3.1415927410125732, 3.1415927410125732, 3.1415927410125732, 3.1415927410125732, 3.1415927410125732, 3.1415927410125732, 0.0, 0.0, 0.0, 0.0, 0.0, 0.0, 0.0, 0.0, 0.0, 0.0, 0.0, 0.0, 0.0, 0.0, 0.0, 0.0, 3.1415927410125732, 3.1415927410125732, 3.1415927410125732, 3.1415927410125732, 3.1415927410125732, 3.1415927410125732, 3.1415927410125732, 3.1415927410125732, 3.1415927410125732, 3.1415927410125732, 3.1415927410125732, 3.1415927410125732, 3.1415927410125732, 3.1415927410125732, 3.1415927410125732, 3.1415927410125732, 0.0, 0.0, 0.0, 0.0, 0.0, 0.0, 0.0, 0.0, 0.0, 0.0, 0.0, 0.0, 0.0, 0.0, 0.0, 0.0, 3.1415927410125732, 3.1415927410125732, 3.1415927410125732, 3.1415927410125732, 3.1415927410125732, 3.1415927410125732, 3.1415927410125732, 3.1415927410125732, 3.1415927410125732, 3.1415927410125732, 3.1415927410125732, 3.1415927410125732, 3.1415927410125732, 3.1415927410125732, 3.1415927410125732, 3.1415927410125732, 0.0, 0.0, 0.0, 0.0, 0.0, 0.0, 0.0, 0.0, 0.0, 0.0, 0.0, 0.0, 0.0, 0.0, 0.0, 0.0, 3.1415927410125732, 3.1415927410125732, 3.1415927410125732, 3.1415927410125732, 3.1415927410125732, 3.1415927410125732, 3.1415927410125732, 3.1415927410125732, 3.1415927410125732, 3.1415927410125732, 3.1415927410125732, 3.1415927410125732, 3.1415927410125732, 3.1415927410125732, 3.1415927410125732, 3.1415927410125732, 0.0, 0.0, 0.0, 0.0, 0.0, 0.0, 0.0, 0.0, 0.0, 0.0, 0.0, 0.0, 0.0, 0.0, 0.0, 0.0, 3.1415927410125732, 3.1415927410125732, 3.1415927410125732, 3.1415927410125732, 3.1415927410125732, 3.1415927410125732, 3.1415927410125732, 3.1415927410125732, 3.1415927410125732, 3.1415927410125732, 3.1415927410125732, 3.1415927410125732, 3.1415927410125732, 3.1415927410125732, 3.1415927410125732, 3.1415927410125732, 0.0, 0.0, 0.0, 0.0, 0.0, 0.0, 0.0, 0.0, 0.0, 0.0, 0.0, 0.0, 0.0, 0.0, 0.0, 0.0, 3.1415927410125732, 3.1415927410125732, 3.1415927410125732, 3.1415927410125732, 3.1415927410125732, 3.1415927410125732, 3.1415927410125732, 3.1415927410125732, 3.1415927410125732, 3.1415927410125732, 3.1415927410125732, 3.1415927410125732, 3.1415927410125732, 3.1415927410125732, 3.1415927410125732, 3.1415927410125732, 0.0, 0.0, 0.0, 0.0, 0.0, 0.0, 0.0, 0.0, 0.0, 0.0, 0.0, 0.0, 0.0, 0.0, 0.0, 0.0, 3.1415927410125732, 3.1415927410125732, 3.1415927410125732, 3.1415927410125732, 3.1415927410125732, 3.1415927410125732, 3.1415927410125732, 3.1415927410125732, 3.1415927410125732, 3.1415927410125732, 3.1415927410125732, 3.1415927410125732, 3.1415927410125732, 3.1415927410125732, 3.1415927410125732, 3.1415927410125732, 0.0, 0.0, 0.0, 0.0, 0.0, 0.0, 0.0, 0.0, 0.0, 0.0, 0.0, 0.0, 0.0, 0.0, 0.0, 0.0, 3.1415927410125732, 3.1415927410125732, 3.1415927410125732, 3.1415927410125732, 3.1415927410125732, 3.1415927410125732, 3.1415927410125732, 3.1415927410125732, 3.1415927410125732, 3.1415927410125732, 3.1415927410125732, 3.1415927410125732, 3.1415927410125732, 3.1415927410125732, 3.1415927410125732, 3.1415927410125732, 0.0, 0.0, 0.0, 0.0, 0.0, 0.0, 0.0, 0.0, 0.0, 0.0, 0.0, 0.0, 0.0, 0.0, 0.0, 0.0, 3.1415927410125732, 3.1415927410125732, 3.1415927410125732, 3.1415927410125732, 3.1415927410125732, 3.1415927410125732, 3.1415927410125732, 3.1415927410125732, 3.1415927410125732, 3.1415927410125732, 3.1415927410125732, 3.1415927410125732, 3.1415927410125732, 3.1415927410125732, 3.1415927410125732, 3.1415927410125732, 0.0, 0.0, 0.0, 0.0, 0.0, 0.0, 0.0, 0.0, 0.0, 0.0, 0.0, 0.0, 0.0, 0.0, 0.0, 0.0, 0.0, 0.0, 0.0, 0.0, 0.0, 0.0, 0.0, 0.0, 0.0, 0.0, 0.0, 0.0, 0.0, 0.0, 0.0, 0.0, 0.0, 0.0, 0.0, 0.0, 0.0, 0.0, 0.0, 0.0, 0.0, 0.0, 0.0, 0.0, 0.0, 0.0, 0.0, 0.0, 0.0, 0.0, 0.0, 0.0, 0.0, 0.0, 0.0, 0.0, 0.0, 0.0, 0.0, 0.0, 0.0, 0.0, 0.0, 0.0, 0.0, 0.0, 0.0, 0.0, 0.0, 0.0, 0.0, 0.0, 0.0, 0.0, 0.0, 0.0, 0.0, 0.0, 0.0, 0.0, 0.0, 0.0, 0.0, 0.0, 0.0, 0.0, 0.0, 0.0, 0.0, 0.0, 0.0, 0.0, 0.0, 0.0, 0.0, 0.0, 0.0, 0.0, 0.0, 0.0, 0.0, 0.0, 0.0, 0.0, 0.0, 0.0, 0.0, 0.0, 0.0, 0.0, 0.0, 0.0, 0.0, 0.0, 0.0, 0.0, 0.0, 0.0, 0.0, 0.0, 0.0, 0.0, 0.0, 0.0, 0.0, 0.0, 0.0, 0.0, 0.0, 0.0, 0.0, 0.0, 0.0, 0.0, 0.0, 0.0, 0.0, 0.0, 0.0, 0.0, 0.0, 0.0, 0.0, 0.0, 0.0, 0.0, 0.0, 0.0, 0.0, 0.0, 0.0, 0.0, 0.0, 0.0, 0.0, 0.0, 0.0, 0.0, 0.0, 0.0, 0.0, 0.0, 0.0, 0.0, 0.0, 0.0, 0.0, 0.0, 0.0, 0.0, 0.0, 0.0, 0.0, 0.0, 0.0, 0.0, 0.0, 0.0, 0.0, 0.0, 0.0, 0.0, 0.0, 0.0, 0.0, 0.0, 0.0, 0.0, 0.0, 0.0, 0.0, 0.0, 0.0, 0.0, 0.0, 0.0, 0.0, 0.0, 0.0, 0.0, 0.0, 0.0, 0.0, 0.0, 0.0, 0.0, 0.0, 0.0, 0.0, 0.0, 0.0, 0.0, 0.0, 0.0, 0.0, 0.0, 0.0, 0.0, 0.0, 0.0, 0.0, 0.0, 0.0, 0.0, 0.0, 0.0, 0.0, 0.0, 0.0, 0.0, 0.0, 0.0, 0.0, 0.0, 0.0, 0.0, 0.0, 0.0, 0.0, 0.0, 0.0, 0.0, 0.0, 0.0, 0.0, 0.0, 0.0, 0.0, 0.0, 0.0, 0.0, 0.0, 0.0, 0.0, 0.0, 0.0, 0.0, 0.0, 0.0, 0.0, 0.0, 0.0, 0.0, 0.0, 3.1415927410125732, 3.1415927410125732, 3.1415927410125732, 3.1415927410125732, 3.1415927410125732, 3.1415927410125732, 3.1415927410125732, 3.1415927410125732, 0.0, 0.0, 0.0, 0.0, 0.0, 0.0, 0.0, 0.0, 0.0, 0.0, 0.0, 0.0, 0.0, 0.0, 0.0, 0.0, 0.0, 0.0, 0.0, 0.0, 0.0, 0.0, 0.0, 0.0, 3.1415927410125732, 3.1415927410125732, 3.1415927410125732, 3.1415927410125732, 3.1415927410125732, 3.1415927410125732, 3.1415927410125732, 3.1415927410125732, 0.0, 0.0, 0.0, 0.0, 0.0, 0.0, 0.0, 0.0, 0.0, 0.0, 0.0, 0.0, 0.0, 0.0, 0.0, 0.0, 0.0, 0.0, 0.0, 0.0, 0.0, 0.0, 0.0, 0.0, 3.1415927410125732, 3.1415927410125732, 3.1415927410125732, 3.1415927410125732, 3.1415927410125732, 3.1415927410125732, 3.1415927410125732, 3.1415927410125732, 0.0, 0.0, 0.0, 0.0, 0.0, 0.0, 0.0, 0.0, 0.0, 0.0, 0.0, 0.0, 0.0, 0.0, 0.0, 0.0, 0.0, 0.0, 0.0, 0.0, 0.0, 0.0, 0.0, 0.0, 3.1415927410125732, 3.1415927410125732, 3.1415927410125732, 3.1415927410125732, 3.1415927410125732, 3.1415927410125732, 3.1415927410125732, 3.1415927410125732, 0.0, 0.0, 0.0, 0.0, 0.0, 0.0, 0.0, 0.0, 0.0, 0.0, 0.0, 0.0, 0.0, 0.0, 0.0, 0.0, 0.0, 0.0, 0.0, 0.0, 0.0, 0.0, 0.0, 0.0, 3.1415927410125732, 3.1415927410125732, 3.1415927410125732, 3.1415927410125732, 3.1415927410125732, 3.1415927410125732, 3.1415927410125732, 3.1415927410125732, 0.0, 0.0, 0.0, 0.0, 0.0, 0.0, 0.0, 0.0, 0.0, 0.0, 0.0, 0.0, 0.0, 0.0, 0.0, 0.0, 0.0, 0.0, 0.0, 0.0, 0.0, 0.0, 0.0, 0.0, 3.1415927410125732, 3.1415927410125732, 3.1415927410125732, 3.1415927410125732, 3.1415927410125732, 3.1415927410125732, 3.1415927410125732, 3.1415927410125732, 0.0, 0.0, 0.0, 0.0, 0.0, 0.0, 0.0, 0.0, 0.0, 0.0, 0.0, 0.0, 0.0, 0.0, 0.0, 0.0, 0.0, 0.0, 0.0, 0.0, 0.0, 0.0, 0.0, 0.0, 3.1415927410125732, 3.1415927410125732, 3.1415927410125732, 3.1415927410125732, 3.1415927410125732, 3.1415927410125732, 3.1415927410125732, 3.1415927410125732, 0.0, 0.0, 0.0, 0.0, 0.0, 0.0, 0.0, 0.0, 0.0, 0.0, 0.0, 0.0, 0.0, 0.0, 0.0, 0.0, 0.0, 0.0, 0.0, 0.0, 0.0, 0.0, 0.0, 0.0, 3.1415927410125732, 3.1415927410125732, 3.1415927410125732, 3.1415927410125732, 3.1415927410125732, 3.1415927410125732, 3.1415927410125732, 3.1415927410125732, 0.0, 0.0, 0.0, 0.0, 0.0, 0.0, 0.0, 0.0, 0.0, 0.0, 0.0, 0.0, 0.0, 0.0, 0.0, 0.0]"
0.6088365,0.15223686,0.15219523,0.15220979,0.15219462,0.15220913,-9.53539467,-9.53664207,-9.53620815,-9.53666496,"[3.1415927410125732, 3.1415927410125732, 3.1415927410125732, 3.1415927410125732, 3.1415927410125732, 3.1415927410125732, 3.1415927410125732, 3.1415927410125732, 3.1415927410125732, 3.1415927410125732, 3.1415927410125732, 3.1415927410125732, 3.1415927410125732, 3.1415927410125732, 3.1415927410125732, 3.1415927410125732, 3.1415927410125732, 3.1415927410125732, 3.1415927410125732, 3.1415927410125732, 3.1415927410125732, 3.1415927410125732, 3.1415927410125732, 3.1415927410125732, 3.1415927410125732, 3.1415927410125732, 3.1415927410125732, 3.1415927410125732, 3.1415927410125732, 3.1415927410125732, 3.1415927410125732, 3.1415927410125732, 3.1415927410125732, 3.1415927410125732, 3.1415927410125732, 3.1415927410125732, 3.1415927410125732, 3.1415927410125732, 3.1415927410125732, 3.1415927410125732, 3.1415927410125732, 3.1415927410125732, 3.1415927410125732, 3.1415927410125732, 3.1415927410125732, 3.1415927410125732, 3.1415927410125732, 3.1415927410125732, 3.1415927410125732, 3.1415927410125732, 3.1415927410125732, 3.1415927410125732, 3.1415927410125732, 3.1415927410125732, 3.1415927410125732, 3.1415927410125732, 3.1415927410125732, 3.1415927410125732, 3.1415927410125732, 3.1415927410125732, 3.1415927410125732, 3.1415927410125732, 3.1415927410125732, 3.1415927410125732, 3.1415927410125732, 3.1415927410125732, 3.1415927410125732, 3.1415927410125732, 3.1415927410125732, 3.1415927410125732, 3.1415927410125732, 3.1415927410125732, 3.1415927410125732, 3.1415927410125732, 3.1415927410125732, 3.1415927410125732, 3.1415927410125732, 3.1415927410125732, 3.1415927410125732, 3.1415927410125732, 3.1415927410125732, 3.1415927410125732, 3.1415927410125732, 3.1415927410125732, 3.1415927410125732, 3.1415927410125732, 3.1415927410125732, 3.1415927410125732, 3.1415927410125732, 3.1415927410125732, 3.1415927410125732, 3.1415927410125732, 3.1415927410125732, 3.1415927410125732, 3.1415927410125732, 3.1415927410125732, 3.1415927410125732, 3.1415927410125732, 3.1415927410125732, 3.1415927410125732, 3.1415927410125732, 3.1415927410125732, 3.1415927410125732, 3.1415927410125732, 3.1415927410125732, 3.1415927410125732, 3.1415927410125732, 3.1415927410125732, 3.1415927410125732, 3.1415927410125732, 3.1415927410125732, 3.1415927410125732, 3.1415927410125732, 3.1415927410125732, 3.1415927410125732, 3.1415927410125732, 3.1415927410125732, 3.1415927410125732, 3.1415927410125732, 3.1415927410125732, 3.1415927410125732, 3.1415927410125732, 3.1415927410125732, 3.1415927410125732, 3.1415927410125732, 3.1415927410125732, 3.1415927410125732, 3.1415927410125732, 3.1415927410125732, 3.1415927410125732, 3.1415927410125732, 3.1415927410125732, 3.1415927410125732, 3.1415927410125732, 3.1415927410125732, 3.1415927410125732, 3.1415927410125732, 3.1415927410125732, 3.1415927410125732, 3.1415927410125732, 3.1415927410125732, 3.1415927410125732, 3.1415927410125732, 3.1415927410125732, 3.1415927410125732, 3.1415927410125732, 3.1415927410125732, 3.1415927410125732, 3.1415927410125732, 3.1415927410125732, 3.1415927410125732, 3.1415927410125732, 3.1415927410125732, 3.1415927410125732, 3.1415927410125732, 3.1415927410125732, 3.1415927410125732, 3.1415927410125732, 3.1415927410125732, 3.1415927410125732, 3.1415927410125732, 3.1415927410125732, 3.1415927410125732, 3.1415927410125732, 3.1415927410125732, 3.1415927410125732, 3.1415927410125732, 3.1415927410125732, 3.1415927410125732, 3.1415927410125732, 3.1415927410125732, 3.1415927410125732, 3.1415927410125732, 3.1415927410125732, 3.1415927410125732, 3.1415927410125732, 3.1415927410125732, 3.1415927410125732, 3.1415927410125732, 3.1415927410125732, 3.1415927410125732, 3.1415927410125732, 3.1415927410125732, 3.1415927410125732, 3.1415927410125732, 3.1415927410125732, 3.1415927410125732, 3.1415927410125732, 3.1415927410125732, 3.1415927410125732, 3.1415927410125732, 3.1415927410125732, 3.1415927410125732, 3.1415927410125732, 3.1415927410125732, 3.1415927410125732, 3.1415927410125732, 3.1415927410125732, 3.1415927410125732, 3.1415927410125732, 3.1415927410125732, 3.1415927410125732, 3.1415927410125732, 3.1415927410125732, 3.1415927410125732, 3.1415927410125732, 3.1415927410125732, 3.1415927410125732, 3.1415927410125732, 3.1415927410125732, 3.1415927410125732, 3.1415927410125732, 3.1415927410125732, 3.1415927410125732, 3.1415927410125732, 3.1415927410125732, 3.1415927410125732, 3.1415927410125732, 3.1415927410125732, 3.1415927410125732, 3.1415927410125732, 3.1415927410125732, 3.1415927410125732, 3.1415927410125732, 3.1415927410125732, 3.1415927410125732, 3.1415927410125732, 3.1415927410125732, 3.1415927410125732, 3.1415927410125732, 3.1415927410125732, 3.1415927410125732, 3.1415927410125732, 3.1415927410125732, 3.1415927410125732, 3.1415927410125732, 3.1415927410125732, 3.1415927410125732, 3.1415927410125732, 3.1415927410125732, 3.1415927410125732, 3.1415927410125732, 3.1415927410125732, 3.1415927410125732, 3.1415927410125732, 3.1415927410125732, 3.1415927410125732, 3.1415927410125732, 3.1415927410125732, 3.1415927410125732, 3.1415927410125732, 3.1415927410125732, 3.1415927410125732, 3.1415927410125732, 3.1415927410125732, 3.1415927410125732, 0.0, 0.0, 0.0, 0.0, 0.0, 0.0, 0.0, 0.0, 0.0, 0.0, 0.0, 0.0, 0.0, 0.0, 0.0, 0.0, 3.1415927410125732, 3.1415927410125732, 3.1415927410125732, 3.1415927410125732, 3.1415927410125732, 3.1415927410125732, 3.1415927410125732, 3.1415927410125732, 3.1415927410125732, 3.1415927410125732, 3.1415927410125732, 3.1415927410125732, 3.1415927410125732, 3.1415927410125732, 3.1415927410125732, 3.1415927410125732, 0.0, 0.0, 0.0, 0.0, 0.0, 0.0, 0.0, 0.0, 0.0, 0.0, 0.0, 0.0, 0.0, 0.0, 0.0, 0.0, 3.1415927410125732, 3.1415927410125732, 3.1415927410125732, 3.1415927410125732, 3.1415927410125732, 3.1415927410125732, 3.1415927410125732, 3.1415927410125732, 3.1415927410125732, 3.1415927410125732, 3.1415927410125732, 3.1415927410125732, 3.1415927410125732, 3.1415927410125732, 3.1415927410125732, 3.1415927410125732, 0.0, 0.0, 0.0, 0.0, 0.0, 0.0, 0.0, 0.0, 0.0, 0.0, 0.0, 0.0, 0.0, 0.0, 0.0, 0.0, 3.1415927410125732, 3.1415927410125732, 3.1415927410125732, 3.1415927410125732, 3.1415927410125732, 3.1415927410125732, 3.1415927410125732, 3.1415927410125732, 3.1415927410125732, 3.1415927410125732, 3.1415927410125732, 3.1415927410125732, 3.1415927410125732, 3.1415927410125732, 3.1415927410125732, 3.1415927410125732, 0.0, 0.0, 0.0, 0.0, 0.0, 0.0, 0.0, 0.0, 0.0, 0.0, 0.0, 0.0, 0.0, 0.0, 0.0, 0.0, 3.1415927410125732, 3.1415927410125732, 3.1415927410125732, 3.1415927410125732, 3.1415927410125732, 3.1415927410125732, 3.1415927410125732, 3.1415927410125732, 3.1415927410125732, 3.1415927410125732, 3.1415927410125732, 3.1415927410125732, 3.1415927410125732, 3.1415927410125732, 3.1415927410125732, 3.1415927410125732, 0.0, 0.0, 0.0, 0.0, 0.0, 0.0, 0.0, 0.0, 0.0, 0.0, 0.0, 0.0, 0.0, 0.0, 0.0, 0.0, 3.1415927410125732, 3.1415927410125732, 3.1415927410125732, 3.1415927410125732, 3.1415927410125732, 3.1415927410125732, 3.1415927410125732, 3.1415927410125732, 3.1415927410125732, 3.1415927410125732, 3.1415927410125732, 3.1415927410125732, 3.1415927410125732, 3.1415927410125732, 3.1415927410125732, 3.1415927410125732, 0.0, 0.0, 0.0, 0.0, 0.0, 0.0, 0.0, 0.0, 0.0, 0.0, 0.0, 0.0, 0.0, 0.0, 0.0, 0.0, 3.1415927410125732, 3.1415927410125732, 3.1415927410125732, 3.1415927410125732, 3.1415927410125732, 3.1415927410125732, 3.1415927410125732, 3.1415927410125732, 3.1415927410125732, 3.1415927410125732, 3.1415927410125732, 3.1415927410125732, 3.1415927410125732, 3.1415927410125732, 3.1415927410125732, 3.1415927410125732, 0.0, 0.0, 0.0, 0.0, 0.0, 0.0, 0.0, 0.0, 0.0, 0.0, 0.0, 0.0, 0.0, 0.0, 0.0, 0.0, 3.1415927410125732, 3.1415927410125732, 3.1415927410125732, 3.1415927410125732, 3.1415927410125732, 3.1415927410125732, 3.1415927410125732, 3.1415927410125732, 3.1415927410125732, 3.1415927410125732, 3.1415927410125732, 3.1415927410125732, 3.1415927410125732, 3.1415927410125732, 3.1415927410125732, 3.1415927410125732, 0.0, 0.0, 0.0, 0.0, 0.0, 0.0, 0.0, 0.0, 0.0, 0.0, 0.0, 0.0, 0.0, 0.0, 0.0, 0.0, 3.1415927410125732, 3.1415927410125732, 3.1415927410125732, 3.1415927410125732, 3.1415927410125732, 3.1415927410125732, 3.1415927410125732, 3.1415927410125732, 3.1415927410125732, 3.1415927410125732, 3.1415927410125732, 3.1415927410125732, 3.1415927410125732, 3.1415927410125732, 3.1415927410125732, 3.1415927410125732, 0.0, 0.0, 0.0, 0.0, 0.0, 0.0, 0.0, 0.0, 0.0, 0.0, 0.0, 0.0, 0.0, 0.0, 0.0, 0.0, 0.0, 0.0, 0.0, 0.0, 0.0, 0.0, 0.0, 0.0, 0.0, 0.0, 0.0, 0.0, 0.0, 0.0, 0.0, 0.0, 0.0, 0.0, 0.0, 0.0, 0.0, 0.0, 0.0, 0.0, 0.0, 0.0, 0.0, 0.0, 0.0, 0.0, 0.0, 0.0, 0.0, 0.0, 0.0, 0.0, 0.0, 0.0, 0.0, 0.0, 0.0, 0.0, 0.0, 0.0, 0.0, 0.0, 0.0, 0.0, 0.0, 0.0, 0.0, 0.0, 0.0, 0.0, 0.0, 0.0, 0.0, 0.0, 0.0, 0.0, 0.0, 0.0, 0.0, 0.0, 0.0, 0.0, 0.0, 0.0, 0.0, 0.0, 0.0, 0.0, 0.0, 0.0, 0.0, 0.0, 0.0, 0.0, 0.0, 0.0, 0.0, 0.0, 0.0, 0.0, 0.0, 0.0, 0.0, 0.0, 0.0, 0.0, 0.0, 0.0, 0.0, 0.0, 0.0, 0.0, 0.0, 0.0, 0.0, 0.0, 0.0, 0.0, 0.0, 0.0, 0.0, 0.0, 0.0, 0.0, 0.0, 0.0, 0.0, 0.0, 0.0, 0.0, 0.0, 0.0, 0.0, 0.0, 0.0, 0.0, 0.0, 0.0, 0.0, 0.0, 0.0, 0.0, 0.0, 0.0, 0.0, 0.0, 0.0, 0.0, 0.0, 0.0, 0.0, 0.0, 0.0, 0.0, 0.0, 0.0, 0.0, 0.0, 0.0, 0.0, 0.0, 0.0, 0.0, 0.0, 0.0, 0.0, 0.0, 0.0, 0.0, 0.0, 0.0, 0.0, 0.0, 0.0, 0.0, 0.0, 0.0, 0.0, 0.0, 0.0, 0.0, 0.0, 0.0, 0.0, 0.0, 0.0, 0.0, 0.0, 0.0, 0.0, 0.0, 0.0, 0.0, 0.0, 0.0, 0.0, 0.0, 0.0, 0.0, 0.0, 0.0, 0.0, 0.0, 0.0, 0.0, 0.0, 0.0, 0.0, 0.0, 0.0, 0.0, 0.0, 0.0, 0.0, 0.0, 0.0, 0.0, 0.0, 0.0, 0.0, 0.0, 0.0, 0.0, 0.0, 0.0, 0.0, 0.0, 0.0, 0.0, 0.0, 0.0, 0.0, 0.0, 0.0, 0.0, 0.0, 0.0, 0.0, 0.0, 0.0, 0.0, 0.0, 0.0, 0.0, 0.0, 0.0, 0.0, 0.0, 0.0, 0.0, 0.0, 0.0, 0.0, 0.0, 0.0, 0.0, 0.0, 0.0, 0.0, 0.0, 0.0, 0.0, 0.0, 0.0, 3.1415927410125732, 3.1415927410125732, 3.1415927410125732, 3.1415927410125732, 3.1415927410125732, 3.1415927410125732, 3.1415927410125732, 3.1415927410125732, 0.0, 0.0, 0.0, 0.0, 0.0, 0.0, 0.0, 0.0, 0.0, 0.0, 0.0, 0.0, 0.0, 0.0, 0.0, 0.0, 0.0, 0.0, 0.0, 0.0, 0.0, 0.0, 0.0, 0.0, 3.1415927410125732, 3.1415927410125732, 3.1415927410125732, 3.1415927410125732, 3.1415927410125732, 3.1415927410125732, 3.1415927410125732, 3.1415927410125732, 0.0, 0.0, 0.0, 0.0, 0.0, 0.0, 0.0, 0.0, 0.0, 0.0, 0.0, 0.0, 0.0, 0.0, 0.0, 0.0, 0.0, 0.0, 0.0, 0.0, 0.0, 0.0, 0.0, 0.0, 3.1415927410125732, 3.1415927410125732, 3.1415927410125732, 3.1415927410125732, 3.1415927410125732, 3.1415927410125732, 3.1415927410125732, 3.1415927410125732, 0.0, 0.0, 0.0, 0.0, 0.0, 0.0, 0.0, 0.0, 0.0, 0.0, 0.0, 0.0, 0.0, 0.0, 0.0, 0.0, 0.0, 0.0, 0.0, 0.0, 0.0, 0.0, 0.0, 0.0, 3.1415927410125732, 3.1415927410125732, 3.1415927410125732, 3.1415927410125732, 3.1415927410125732, 3.1415927410125732, 3.1415927410125732, 3.1415927410125732, 0.0, 0.0, 0.0, 0.0, 0.0, 0.0, 0.0, 0.0, 0.0, 0.0, 0.0, 0.0, 0.0, 0.0, 0.0, 0.0, 0.0, 0.0, 0.0, 0.0, 0.0, 0.0, 0.0, 0.0, 3.1415927410125732, 3.1415927410125732, 3.1415927410125732, 3.1415927410125732, 3.1415927410125732, 3.1415927410125732, 3.1415927410125732, 3.1415927410125732, 0.0, 0.0, 0.0, 0.0, 0.0, 0.0, 0.0, 0.0, 0.0, 0.0, 0.0, 0.0, 0.0, 0.0, 0.0, 0.0, 0.0, 0.0, 0.0, 0.0, 0.0, 0.0, 0.0, 0.0, 3.1415927410125732, 3.1415927410125732, 3.1415927410125732, 3.1415927410125732, 3.1415927410125732, 3.1415927410125732, 3.1415927410125732, 3.1415927410125732, 0.0, 0.0, 0.0, 0.0, 0.0, 0.0, 0.0, 0.0, 0.0, 0.0, 0.0, 0.0, 0.0, 0.0, 0.0, 0.0, 0.0, 0.0, 0.0, 0.0, 0.0, 0.0, 0.0, 0.0, 3.1415927410125732, 3.1415927410125732, 3.1415927410125732, 3.1415927410125732, 3.1415927410125732, 3.1415927410125732, 3.1415927410125732, 3.1415927410125732, 0.0, 0.0, 0.0, 0.0, 0.0, 0.0, 0.0, 0.0, 0.0, 0.0, 0.0, 0.0, 0.0, 0.0, 0.0, 0.0, 0.0, 0.0, 0.0, 0.0, 0.0, 0.0, 0.0, 0.0, 3.1415927410125732, 3.1415927410125732, 3.1415927410125732, 3.1415927410125732, 3.1415927410125732, 3.1415927410125732, 3.1415927410125732, 3.1415927410125732, 0.0, 0.0, 0.0, 0.0, 0.0, 0.0, 0.0, 0.0, 0.0, 0.0, 0.0, 0.0, 0.0, 0.0, 0.0, 0.0]"
0.6088365,0.15223686,0.15219523,0.15220979,0.15219462,0.15220913,-9.53539467,-9.53664207,-9.53620815,-9.53666496,"[3.1415927410125732, 3.1415927410125732, 3.1415927410125732, 3.1415927410125732, 3.1415927410125732, 3.1415927410125732, 3.1415927410125732, 3.1415927410125732, 3.1415927410125732, 3.1415927410125732, 3.1415927410125732, 3.1415927410125732, 3.1415927410125732, 3.1415927410125732, 3.1415927410125732, 3.1415927410125732, 3.1415927410125732, 3.1415927410125732, 3.1415927410125732, 3.1415927410125732, 3.1415927410125732, 3.1415927410125732, 3.1415927410125732, 3.1415927410125732, 3.1415927410125732, 3.1415927410125732, 3.1415927410125732, 3.1415927410125732, 3.1415927410125732, 3.1415927410125732, 3.1415927410125732, 3.1415927410125732, 3.1415927410125732, 3.1415927410125732, 3.1415927410125732, 3.1415927410125732, 3.1415927410125732, 3.1415927410125732, 3.1415927410125732, 3.1415927410125732, 3.1415927410125732, 3.1415927410125732, 3.1415927410125732, 3.1415927410125732, 3.1415927410125732, 3.1415927410125732, 3.1415927410125732, 3.1415927410125732, 3.1415927410125732, 3.1415927410125732, 3.1415927410125732, 3.1415927410125732, 3.1415927410125732, 3.1415927410125732, 3.1415927410125732, 3.1415927410125732, 3.1415927410125732, 3.1415927410125732, 3.1415927410125732, 3.1415927410125732, 3.1415927410125732, 3.1415927410125732, 3.1415927410125732, 3.1415927410125732, 3.1415927410125732, 3.1415927410125732, 3.1415927410125732, 3.1415927410125732, 3.1415927410125732, 3.1415927410125732, 3.1415927410125732, 3.1415927410125732, 3.1415927410125732, 3.1415927410125732, 3.1415927410125732, 3.1415927410125732, 3.1415927410125732, 3.1415927410125732, 3.1415927410125732, 3.1415927410125732, 3.1415927410125732, 3.1415927410125732, 3.1415927410125732, 3.1415927410125732, 3.1415927410125732, 3.1415927410125732, 3.1415927410125732, 3.1415927410125732, 3.1415927410125732, 3.1415927410125732, 3.1415927410125732, 3.1415927410125732, 3.1415927410125732, 3.1415927410125732, 3.1415927410125732, 3.1415927410125732, 3.1415927410125732, 3.1415927410125732, 3.1415927410125732, 3.1415927410125732, 3.1415927410125732, 3.1415927410125732, 3.1415927410125732, 3.1415927410125732, 3.1415927410125732, 3.1415927410125732, 3.1415927410125732, 3.1415927410125732, 3.1415927410125732, 3.1415927410125732, 3.1415927410125732, 3.1415927410125732, 3.1415927410125732, 3.1415927410125732, 3.1415927410125732, 3.1415927410125732, 3.1415927410125732, 3.1415927410125732, 3.1415927410125732, 3.1415927410125732, 3.1415927410125732, 3.1415927410125732, 3.1415927410125732, 3.1415927410125732, 3.1415927410125732, 3.1415927410125732, 3.1415927410125732, 3.1415927410125732, 3.1415927410125732, 3.1415927410125732, 3.1415927410125732, 3.1415927410125732, 3.1415927410125732, 3.1415927410125732, 3.1415927410125732, 3.1415927410125732, 3.1415927410125732, 3.1415927410125732, 3.1415927410125732, 3.1415927410125732, 3.1415927410125732, 3.1415927410125732, 3.1415927410125732, 3.1415927410125732, 3.1415927410125732, 3.1415927410125732, 3.1415927410125732, 3.1415927410125732, 3.1415927410125732, 3.1415927410125732, 3.1415927410125732, 3.1415927410125732, 3.1415927410125732, 3.1415927410125732, 3.1415927410125732, 3.1415927410125732, 3.1415927410125732, 3.1415927410125732, 3.1415927410125732, 3.1415927410125732, 3.1415927410125732, 3.1415927410125732, 3.1415927410125732, 3.1415927410125732, 3.1415927410125732, 3.1415927410125732, 3.1415927410125732, 3.1415927410125732, 3.1415927410125732, 3.1415927410125732, 3.1415927410125732, 3.1415927410125732, 3.1415927410125732, 3.1415927410125732, 3.1415927410125732, 3.1415927410125732, 3.1415927410125732, 3.1415927410125732, 3.1415927410125732, 3.1415927410125732, 3.1415927410125732, 3.1415927410125732, 3.1415927410125732, 3.1415927410125732, 3.1415927410125732, 3.1415927410125732, 3.1415927410125732, 3.1415927410125732, 3.1415927410125732, 3.1415927410125732, 3.1415927410125732, 3.1415927410125732, 3.1415927410125732, 3.1415927410125732, 3.1415927410125732, 3.1415927410125732, 3.1415927410125732, 3.1415927410125732, 3.1415927410125732, 3.1415927410125732, 3.1415927410125732, 3.1415927410125732, 3.1415927410125732, 3.1415927410125732, 3.1415927410125732, 3.1415927410125732, 3.1415927410125732, 3.1415927410125732, 3.1415927410125732, 3.1415927410125732, 3.1415927410125732, 3.1415927410125732, 3.1415927410125732, 3.1415927410125732, 3.1415927410125732, 3.1415927410125732, 3.1415927410125732, 3.1415927410125732, 3.1415927410125732, 3.1415927410125732, 3.1415927410125732, 3.1415927410125732, 3.1415927410125732, 3.1415927410125732, 3.1415927410125732, 3.1415927410125732, 3.1415927410125732, 3.1415927410125732, 3.1415927410125732, 3.1415927410125732, 3.1415927410125732, 3.1415927410125732, 3.1415927410125732, 3.1415927410125732, 3.1415927410125732, 3.1415927410125732, 3.1415927410125732, 3.1415927410125732, 3.1415927410125732, 3.1415927410125732, 3.1415927410125732, 3.1415927410125732, 3.1415927410125732, 3.1415927410125732, 3.1415927410125732, 3.1415927410125732, 3.1415927410125732, 3.1415927410125732, 3.1415927410125732, 3.1415927410125732, 3.1415927410125732, 3.1415927410125732, 3.1415927410125732, 3.1415927410125732, 3.1415927410125732, 3.1415927410125732, 0.0, 0.0, 0.0, 0.0, 0.0, 0.0, 0.0, 0.0, 0.0, 0.0, 0.0, 0.0, 0.0, 0.0, 0.0, 0.0, 3.1415927410125732, 3.1415927410125732, 3.1415927410125732, 3.1415927410125732, 3.1415927410125732, 3.1415927410125732, 3.1415927410125732, 3.1415927410125732, 3.1415927410125732, 3.1415927410125732, 3.1415927410125732, 3.1415927410125732, 3.1415927410125732, 3.1415927410125732, 3.1415927410125732, 3.1415927410125732, 0.0, 0.0, 0.0, 0.0, 0.0, 0.0, 0.0, 0.0, 0.0, 0.0, 0.0, 0.0, 0.0, 0.0, 0.0, 0.0, 3.1415927410125732, 3.1415927410125732, 3.1415927410125732, 3.1415927410125732, 3.1415927410125732, 3.1415927410125732, 3.1415927410125732, 3.1415927410125732, 3.1415927410125732, 3.1415927410125732, 3.1415927410125732, 3.1415927410125732, 3.1415927410125732, 3.1415927410125732, 3.1415927410125732, 3.1415927410125732, 0.0, 0.0, 0.0, 0.0, 0.0, 0.0, 0.0, 0.0, 0.0, 0.0, 0.0, 0.0, 0.0, 0.0, 0.0, 0.0, 3.1415927410125732, 3.1415927410125732, 3.1415927410125732, 3.1415927410125732, 3.1415927410125732, 3.1415927410125732, 3.1415927410125732, 3.1415927410125732, 3.1415927410125732, 3.1415927410125732, 3.1415927410125732, 3.1415927410125732, 3.1415927410125732, 3.1415927410125732, 3.1415927410125732, 3.1415927410125732, 0.0, 0.0, 0.0, 0.0, 0.0, 0.0, 0.0, 0.0, 0.0, 0.0, 0.0, 0.0, 0.0, 0.0, 0.0, 0.0, 3.1415927410125732, 3.1415927410125732, 3.1415927410125732, 3.1415927410125732, 3.1415927410125732, 3.1415927410125732, 3.1415927410125732, 3.1415927410125732, 3.1415927410125732, 3.1415927410125732, 3.1415927410125732, 3.1415927410125732, 3.1415927410125732, 3.1415927410125732, 3.1415927410125732, 3.1415927410125732, 0.0, 0.0, 0.0, 0.0, 0.0, 0.0, 0.0, 0.0, 0.0, 0.0, 0.0, 0.0, 0.0, 0.0, 0.0, 0.0, 3.1415927410125732, 3.1415927410125732, 3.1415927410125732, 3.1415927410125732, 3.1415927410125732, 3.1415927410125732, 3.1415927410125732, 3.1415927410125732, 3.1415927410125732, 3.1415927410125732, 3.1415927410125732, 3.1415927410125732, 3.1415927410125732, 3.1415927410125732, 3.1415927410125732, 3.1415927410125732, 0.0, 0.0, 0.0, 0.0, 0.0, 0.0, 0.0, 0.0, 0.0, 0.0, 0.0, 0.0, 0.0, 0.0, 0.0, 0.0, 3.1415927410125732, 3.1415927410125732, 3.1415927410125732, 3.1415927410125732, 3.1415927410125732, 3.1415927410125732, 3.1415927410125732, 3.1415927410125732, 3.1415927410125732, 3.1415927410125732, 3.1415927410125732, 3.1415927410125732, 3.1415927410125732, 3.1415927410125732, 3.1415927410125732, 3.1415927410125732, 0.0, 0.0, 0.0, 0.0, 0.0, 0.0, 0.0, 0.0, 0.0, 0.0, 0.0, 0.0, 0.0, 0.0, 0.0, 0.0, 3.1415927410125732, 3.1415927410125732, 3.1415927410125732, 3.1415927410125732, 3.1415927410125732, 3.1415927410125732, 3.1415927410125732, 3.1415927410125732, 3.1415927410125732, 3.1415927410125732, 3.1415927410125732, 3.1415927410125732, 3.1415927410125732, 3.1415927410125732, 3.1415927410125732, 3.1415927410125732, 0.0, 0.0, 0.0, 0.0, 0.0, 0.0, 0.0, 0.0, 0.0, 0.0, 0.0, 0.0, 0.0, 0.0, 0.0, 0.0, 3.1415927410125732, 3.1415927410125732, 3.1415927410125732, 3.1415927410125732, 3.1415927410125732, 3.1415927410125732, 3.1415927410125732, 3.1415927410125732, 3.1415927410125732, 3.1415927410125732, 3.1415927410125732, 3.1415927410125732, 3.1415927410125732, 3.1415927410125732, 3.1415927410125732, 3.1415927410125732, 0.0, 0.0, 0.0, 0.0, 0.0, 0.0, 0.0, 0.0, 0.0, 0.0, 0.0, 0.0, 0.0, 0.0, 0.0, 0.0, 0.0, 0.0, 0.0, 0.0, 0.0, 0.0, 0.0, 0.0, 0.0, 0.0, 0.0, 0.0, 0.0, 0.0, 0.0, 0.0, 0.0, 0.0, 0.0, 0.0, 0.0, 0.0, 0.0, 0.0, 0.0, 0.0, 0.0, 0.0, 0.0, 0.0, 0.0, 0.0, 0.0, 0.0, 0.0, 0.0, 0.0, 0.0, 0.0, 0.0, 0.0, 0.0, 0.0, 0.0, 0.0, 0.0, 0.0, 0.0, 0.0, 0.0, 0.0, 0.0, 0.0, 0.0, 0.0, 0.0, 0.0, 0.0, 0.0, 0.0, 0.0, 0.0, 0.0, 0.0, 0.0, 0.0, 0.0, 0.0, 0.0, 0.0, 0.0, 0.0, 0.0, 0.0, 0.0, 0.0, 0.0, 0.0, 0.0, 0.0, 0.0, 0.0, 0.0, 0.0, 0.0, 0.0, 0.0, 0.0, 0.0, 0.0, 0.0, 0.0, 0.0, 0.0, 0.0, 0.0, 0.0, 0.0, 0.0, 0.0, 0.0, 0.0, 0.0, 0.0, 0.0, 0.0, 0.0, 0.0, 0.0, 0.0, 0.0, 0.0, 0.0, 0.0, 0.0, 0.0, 0.0, 0.0, 0.0, 0.0, 0.0, 0.0, 0.0, 0.0, 0.0, 0.0, 0.0, 0.0, 0.0, 0.0, 0.0, 0.0, 0.0, 0.0, 0.0, 0.0, 0.0, 0.0, 0.0, 0.0, 0.0, 0.0, 0.0, 0.0, 0.0, 0.0, 0.0, 0.0, 0.0, 0.0, 0.0, 0.0, 0.0, 0.0, 0.0, 0.0, 0.0, 0.0, 0.0, 0.0, 0.0, 0.0, 0.0, 0.0, 0.0, 0.0, 0.0, 0.0, 0.0, 0.0, 0.0, 0.0, 0.0, 0.0, 0.0, 0.0, 0.0, 0.0, 0.0, 0.0, 0.0, 0.0, 0.0, 0.0, 0.0, 0.0, 0.0, 0.0, 0.0, 0.0, 0.0, 0.0, 0.0, 0.0, 0.0, 0.0, 0.0, 0.0, 0.0, 0.0, 0.0, 0.0, 0.0, 0.0, 0.0, 0.0, 0.0, 0.0, 0.0, 0.0, 0.0, 0.0, 0.0, 0.0, 0.0, 0.0, 0.0, 0.0, 0.0, 0.0, 0.0, 0.0, 0.0, 0.0, 0.0, 0.0, 0.0, 0.0, 0.0, 0.0, 0.0, 0.0, 0.0, 0.0, 0.0, 0.0, 0.0, 0.0, 0.0, 0.0, 0.0, 0.0, 0.0, 0.0, 0.0, 0.0, 0.0, 0.0, 3.1415927410125732, 3.1415927410125732, 3.1415927410125732, 3.1415927410125732, 3.1415927410125732, 3.1415927410125732, 3.1415927410125732, 3.1415927410125732, 0.0, 0.0, 0.0, 0.0, 0.0, 0.0, 0.0, 0.0, 0.0, 0.0, 0.0, 0.0, 0.0, 0.0, 0.0, 0.0, 0.0, 0.0, 0.0, 0.0, 0.0, 0.0, 0.0, 0.0, 3.1415927410125732, 3.1415927410125732, 3.1415927410125732, 3.1415927410125732, 3.1415927410125732, 3.1415927410125732, 3.1415927410125732, 3.1415927410125732, 0.0, 0.0, 0.0, 0.0, 0.0, 0.0, 0.0, 0.0, 0.0, 0.0, 0.0, 0.0, 0.0, 0.0, 0.0, 0.0, 0.0, 0.0, 0.0, 0.0, 0.0, 0.0, 0.0, 0.0, 3.1415927410125732, 3.1415927410125732, 3.1415927410125732, 3.1415927410125732, 3.1415927410125732, 3.1415927410125732, 3.1415927410125732, 3.1415927410125732, 0.0, 0.0, 0.0, 0.0, 0.0, 0.0, 0.0, 0.0, 0.0, 0.0, 0.0, 0.0, 0.0, 0.0, 0.0, 0.0, 0.0, 0.0, 0.0, 0.0, 0.0, 0.0, 0.0, 0.0, 3.1415927410125732, 3.1415927410125732, 3.1415927410125732, 3.1415927410125732, 3.1415927410125732, 3.1415927410125732, 3.1415927410125732, 3.1415927410125732, 0.0, 0.0, 0.0, 0.0, 0.0, 0.0, 0.0, 0.0, 0.0, 0.0, 0.0, 0.0, 0.0, 0.0, 0.0, 0.0, 0.0, 0.0, 0.0, 0.0, 0.0, 0.0, 0.0, 0.0, 3.1415927410125732, 3.1415927410125732, 3.1415927410125732, 3.1415927410125732, 3.1415927410125732, 3.1415927410125732, 3.1415927410125732, 3.1415927410125732, 0.0, 0.0, 0.0, 0.0, 0.0, 0.0, 0.0, 0.0, 0.0, 0.0, 0.0, 0.0, 0.0, 0.0, 0.0, 0.0, 0.0, 0.0, 0.0, 0.0, 0.0, 0.0, 0.0, 0.0, 3.1415927410125732, 3.1415927410125732, 3.1415927410125732, 3.1415927410125732, 3.1415927410125732, 3.1415927410125732, 3.1415927410125732, 3.1415927410125732, 0.0, 0.0, 0.0, 0.0, 0.0, 0.0, 0.0, 0.0, 0.0, 0.0, 0.0, 0.0, 0.0, 0.0, 0.0, 0.0, 0.0, 0.0, 0.0, 0.0, 0.0, 0.0, 0.0, 0.0, 3.1415927410125732, 3.1415927410125732, 3.1415927410125732, 3.1415927410125732, 3.1415927410125732, 3.1415927410125732, 3.1415927410125732, 3.1415927410125732, 0.0, 0.0, 0.0, 0.0, 0.0, 0.0, 0.0, 0.0, 0.0, 0.0, 0.0, 0.0, 0.0, 0.0, 0.0, 0.0, 0.0, 0.0, 0.0, 0.0, 0.0, 0.0, 0.0, 0.0, 3.1415927410125732, 3.1415927410125732, 3.1415927410125732, 3.1415927410125732, 3.1415927410125732, 3.1415927410125732, 3.1415927410125732, 3.1415927410125732, 0.0, 0.0, 0.0, 0.0, 0.0, 0.0, 0.0, 0.0, 0.0, 0.0, 0.0, 0.0, 0.0, 0.0, 0.0, 0.0]"
0.6088365,0.15223686,0.15219523,0.15220979,0.15219462,0.15220913,-9.53539467,-9.53664207,-9.53620815,-9.53666496,"[3.1415927410125732, 3.1415927410125732, 3.1415927410125732, 3.1415927410125732, 3.1415927410125732, 3.1415927410125732, 3.1415927410125732, 3.1415927410125732, 3.1415927410125732, 3.1415927410125732, 3.1415927410125732, 3.1415927410125732, 3.1415927410125732, 3.1415927410125732, 3.1415927410125732, 3.1415927410125732, 3.1415927410125732, 3.1415927410125732, 3.1415927410125732, 3.1415927410125732, 3.1415927410125732, 3.1415927410125732, 3.1415927410125732, 3.1415927410125732, 3.1415927410125732, 3.1415927410125732, 3.1415927410125732, 3.1415927410125732, 3.1415927410125732, 3.1415927410125732, 3.1415927410125732, 3.1415927410125732, 3.1415927410125732, 3.1415927410125732, 3.1415927410125732, 3.1415927410125732, 3.1415927410125732, 3.1415927410125732, 3.1415927410125732, 3.1415927410125732, 3.1415927410125732, 3.1415927410125732, 3.1415927410125732, 3.1415927410125732, 3.1415927410125732, 3.1415927410125732, 3.1415927410125732, 3.1415927410125732, 3.1415927410125732, 3.1415927410125732, 3.1415927410125732, 3.1415927410125732, 3.1415927410125732, 3.1415927410125732, 3.1415927410125732, 3.1415927410125732, 3.1415927410125732, 3.1415927410125732, 3.1415927410125732, 3.1415927410125732, 3.1415927410125732, 3.1415927410125732, 3.1415927410125732, 3.1415927410125732, 3.1415927410125732, 3.1415927410125732, 3.1415927410125732, 3.1415927410125732, 3.1415927410125732, 3.1415927410125732, 3.1415927410125732, 3.1415927410125732, 3.1415927410125732, 3.1415927410125732, 3.1415927410125732, 3.1415927410125732, 3.1415927410125732, 3.1415927410125732, 3.1415927410125732, 3.1415927410125732, 3.1415927410125732, 3.1415927410125732, 3.1415927410125732, 3.1415927410125732, 3.1415927410125732, 3.1415927410125732, 3.1415927410125732, 3.1415927410125732, 3.1415927410125732, 3.1415927410125732, 3.1415927410125732, 3.1415927410125732, 3.1415927410125732, 3.1415927410125732, 3.1415927410125732, 3.1415927410125732, 3.1415927410125732, 3.1415927410125732, 3.1415927410125732, 3.1415927410125732, 3.1415927410125732, 3.1415927410125732, 3.1415927410125732, 3.1415927410125732, 3.1415927410125732, 3.1415927410125732, 3.1415927410125732, 3.1415927410125732, 3.1415927410125732, 3.1415927410125732, 3.1415927410125732, 3.1415927410125732, 3.1415927410125732, 3.1415927410125732, 3.1415927410125732, 3.1415927410125732, 3.1415927410125732, 3.1415927410125732, 3.1415927410125732, 3.1415927410125732, 3.1415927410125732, 3.1415927410125732, 3.1415927410125732, 3.1415927410125732, 3.1415927410125732, 3.1415927410125732, 3.1415927410125732, 3.1415927410125732, 3.1415927410125732, 3.1415927410125732, 3.1415927410125732, 3.1415927410125732, 3.1415927410125732, 3.1415927410125732, 3.1415927410125732, 3.1415927410125732, 3.1415927410125732, 3.1415927410125732, 3.1415927410125732, 3.1415927410125732, 3.1415927410125732, 3.1415927410125732, 3.1415927410125732, 3.1415927410125732, 3.1415927410125732, 3.1415927410125732, 3.1415927410125732, 3.1415927410125732, 3.1415927410125732, 3.1415927410125732, 3.1415927410125732, 3.1415927410125732, 3.1415927410125732, 3.1415927410125732, 3.1415927410125732, 3.1415927410125732, 3.1415927410125732, 3.1415927410125732, 3.1415927410125732, 3.1415927410125732, 3.1415927410125732, 3.1415927410125732, 3.1415927410125732, 3.1415927410125732, 3.1415927410125732, 3.1415927410125732, 3.1415927410125732, 3.1415927410125732, 3.1415927410125732, 3.1415927410125732, 3.1415927410125732, 3.1415927410125732, 3.1415927410125732, 3.1415927410125732, 3.1415927410125732, 3.1415927410125732, 3.1415927410125732, 3.1415927410125732, 3.1415927410125732, 3.1415927410125732, 3.1415927410125732, 3.1415927410125732, 3.1415927410125732, 3.1415927410125732, 3.1415927410125732, 3.1415927410125732, 3.1415927410125732, 3.1415927410125732, 3.1415927410125732, 3.1415927410125732, 3.1415927410125732, 3.1415927410125732, 3.1415927410125732, 3.1415927410125732, 3.1415927410125732, 3.1415927410125732, 3.1415927410125732, 3.1415927410125732, 3.1415927410125732, 3.1415927410125732, 3.1415927410125732, 3.1415927410125732, 3.1415927410125732, 3.1415927410125732, 3.1415927410125732, 3.1415927410125732, 3.1415927410125732, 3.1415927410125732, 3.1415927410125732, 3.1415927410125732, 3.1415927410125732, 3.1415927410125732, 3.1415927410125732, 3.1415927410125732, 3.1415927410125732, 3.1415927410125732, 3.1415927410125732, 3.1415927410125732, 3.1415927410125732, 3.1415927410125732, 3.1415927410125732, 3.1415927410125732, 3.1415927410125732, 3.1415927410125732, 3.1415927410125732, 3.1415927410125732, 3.1415927410125732, 3.1415927410125732, 3.1415927410125732, 3.1415927410125732, 3.1415927410125732, 3.1415927410125732, 3.1415927410125732, 3.1415927410125732, 3.1415927410125732, 3.1415927410125732, 3.1415927410125732, 3.1415927410125732, 3.1415927410125732, 3.1415927410125732, 3.1415927410125732, 3.1415927410125732, 3.1415927410125732, 3.1415927410125732, 3.1415927410125732, 3.1415927410125732, 3.1415927410125732, 3.1415927410125732, 3.1415927410125732, 3.1415927410125732, 3.1415927410125732, 3.1415927410125732, 3.1415927410125732, 3.1415927410125732, 3.1415927410125732, 3.1415927410125732, 0.0, 0.0, 0.0, 0.0, 0.0, 0.0, 0.0, 0.0, 0.0, 0.0, 0.0, 0.0, 0.0, 0.0, 0.0, 0.0, 3.1415927410125732, 3.1415927410125732, 3.1415927410125732, 3.1415927410125732, 3.1415927410125732, 3.1415927410125732, 3.1415927410125732, 3.1415927410125732, 3.1415927410125732, 3.1415927410125732, 3.1415927410125732, 3.1415927410125732, 3.1415927410125732, 3.1415927410125732, 3.1415927410125732, 3.1415927410125732, 0.0, 0.0, 0.0, 0.0, 0.0, 0.0, 0.0, 0.0, 0.0, 0.0, 0.0, 0.0, 0.0, 0.0, 0.0, 0.0, 3.1415927410125732, 3.1415927410125732, 3.1415927410125732, 3.1415927410125732, 3.1415927410125732, 3.1415927410125732, 3.1415927410125732, 3.1415927410125732, 3.1415927410125732, 3.1415927410125732, 3.1415927410125732, 3.1415927410125732, 3.1415927410125732, 3.1415927410125732, 3.1415927410125732, 3.1415927410125732, 0.0, 0.0, 0.0, 0.0, 0.0, 0.0, 0.0, 0.0, 0.0, 0.0, 0.0, 0.0, 0.0, 0.0, 0.0, 0.0, 3.1415927410125732, 3.1415927410125732, 3.1415927410125732, 3.1415927410125732, 3.1415927410125732, 3.1415927410125732, 3.1415927410125732, 3.1415927410125732, 3.1415927410125732, 3.1415927410125732, 3.1415927410125732, 3.1415927410125732, 3.1415927410125732, 3.1415927410125732, 3.1415927410125732, 3.1415927410125732, 0.0, 0.0, 0.0, 0.0, 0.0, 0.0, 0.0, 0.0, 0.0, 0.0, 0.0, 0.0, 0.0, 0.0, 0.0, 0.0, 3.1415927410125732, 3.1415927410125732, 3.1415927410125732, 3.1415927410125732, 3.1415927410125732, 3.1415927410125732, 3.1415927410125732, 3.1415927410125732, 3.1415927410125732, 3.1415927410125732, 3.1415927410125732, 3.1415927410125732, 3.1415927410125732, 3.1415927410125732, 3.1415927410125732, 3.1415927410125732, 0.0, 0.0, 0.0, 0.0, 0.0, 0.0, 0.0, 0.0, 0.0, 0.0, 0.0, 0.0, 0.0, 0.0, 0.0, 0.0, 3.1415927410125732, 3.1415927410125732, 3.1415927410125732, 3.1415927410125732, 3.1415927410125732, 3.1415927410125732, 3.1415927410125732, 3.1415927410125732, 3.1415927410125732, 3.1415927410125732, 3.1415927410125732, 3.1415927410125732, 3.1415927410125732, 3.1415927410125732, 3.1415927410125732, 3.1415927410125732, 0.0, 0.0, 0.0, 0.0, 0.0, 0.0, 0.0, 0.0, 0.0, 0.0, 0.0, 0.0, 0.0, 0.0, 0.0, 0.0, 3.1415927410125732, 3.1415927410125732, 3.1415927410125732, 3.1415927410125732, 3.1415927410125732, 3.1415927410125732, 3.1415927410125732, 3.1415927410125732, 3.1415927410125732, 3.1415927410125732, 3.1415927410125732, 3.1415927410125732, 3.1415927410125732, 3.1415927410125732, 3.1415927410125732, 3.1415927410125732, 0.0, 0.0, 0.0, 0.0, 0.0, 0.0, 0.0, 0.0, 0.0, 0.0, 0.0, 0.0, 0.0, 0.0, 0.0, 0.0, 3.1415927410125732, 3.1415927410125732, 3.1415927410125732, 3.1415927410125732, 3.1415927410125732, 3.1415927410125732, 3.1415927410125732, 3.1415927410125732, 3.1415927410125732, 3.1415927410125732, 3.1415927410125732, 3.1415927410125732, 3.1415927410125732, 3.1415927410125732, 3.1415927410125732, 3.1415927410125732, 0.0, 0.0, 0.0, 0.0, 0.0, 0.0, 0.0, 0.0, 0.0, 0.0, 0.0, 0.0, 0.0, 0.0, 0.0, 0.0, 3.1415927410125732, 3.1415927410125732, 3.1415927410125732, 3.1415927410125732, 3.1415927410125732, 3.1415927410125732, 3.1415927410125732, 3.1415927410125732, 3.1415927410125732, 3.1415927410125732, 3.1415927410125732, 3.1415927410125732, 3.1415927410125732, 3.1415927410125732, 3.1415927410125732, 3.1415927410125732, 0.0, 0.0, 0.0, 0.0, 0.0, 0.0, 0.0, 0.0, 0.0, 0.0, 0.0, 0.0, 0.0, 0.0, 0.0, 0.0, 0.0, 0.0, 0.0, 0.0, 0.0, 0.0, 0.0, 0.0, 0.0, 0.0, 0.0, 0.0, 0.0, 0.0, 0.0, 0.0, 0.0, 0.0, 0.0, 0.0, 0.0, 0.0, 0.0, 0.0, 0.0, 0.0, 0.0, 0.0, 0.0, 0.0, 0.0, 0.0, 0.0, 0.0, 0.0, 0.0, 0.0, 0.0, 0.0, 0.0, 0.0, 0.0, 0.0, 0.0, 0.0, 0.0, 0.0, 0.0, 0.0, 0.0, 0.0, 0.0, 0.0, 0.0, 0.0, 0.0, 0.0, 0.0, 0.0, 0.0, 0.0, 0.0, 0.0, 0.0, 0.0, 0.0, 0.0, 0.0, 0.0, 0.0, 0.0, 0.0, 0.0, 0.0, 0.0, 0.0, 0.0, 0.0, 0.0, 0.0, 0.0, 0.0, 0.0, 0.0, 0.0, 0.0, 0.0, 0.0, 0.0, 0.0, 0.0, 0.0, 0.0, 0.0, 0.0, 0.0, 0.0, 0.0, 0.0, 0.0, 0.0, 0.0, 0.0, 0.0, 0.0, 0.0, 0.0, 0.0, 0.0, 0.0, 0.0, 0.0, 0.0, 0.0, 0.0, 0.0, 0.0, 0.0, 0.0, 0.0, 0.0, 0.0, 0.0, 0.0, 0.0, 0.0, 0.0, 0.0, 0.0, 0.0, 0.0, 0.0, 0.0, 0.0, 0.0, 0.0, 0.0, 0.0, 0.0, 0.0, 0.0, 0.0, 0.0, 0.0, 0.0, 0.0, 0.0, 0.0, 0.0, 0.0, 0.0, 0.0, 0.0, 0.0, 0.0, 0.0, 0.0, 0.0, 0.0, 0.0, 0.0, 0.0, 0.0, 0.0, 0.0, 0.0, 0.0, 0.0, 0.0, 0.0, 0.0, 0.0, 0.0, 0.0, 0.0, 0.0, 0.0, 0.0, 0.0, 0.0, 0.0, 0.0, 0.0, 0.0, 0.0, 0.0, 0.0, 0.0, 0.0, 0.0, 0.0, 0.0, 0.0, 0.0, 0.0, 0.0, 0.0, 0.0, 0.0, 0.0, 0.0, 0.0, 0.0, 0.0, 0.0, 0.0, 0.0, 0.0, 0.0, 0.0, 0.0, 0.0, 0.0, 0.0, 0.0, 0.0, 0.0, 0.0, 0.0, 0.0, 0.0, 0.0, 0.0, 0.0, 0.0, 0.0, 0.0, 0.0, 0.0, 0.0, 0.0, 0.0, 0.0, 0.0, 0.0, 0.0, 0.0, 0.0, 0.0, 0.0, 0.0, 0.0, 0.0, 0.0, 0.0, 0.0, 0.0, 0.0, 3.1415927410125732, 3.1415927410125732, 3.1415927410125732, 3.1415927410125732, 3.1415927410125732, 3.1415927410125732, 3.1415927410125732, 3.1415927410125732, 0.0, 0.0, 0.0, 0.0, 0.0, 0.0, 0.0, 0.0, 0.0, 0.0, 0.0, 0.0, 0.0, 0.0, 0.0, 0.0, 0.0, 0.0, 0.0, 0.0, 0.0, 0.0, 0.0, 0.0, 3.1415927410125732, 3.1415927410125732, 3.1415927410125732, 3.1415927410125732, 3.1415927410125732, 3.1415927410125732, 3.1415927410125732, 3.1415927410125732, 0.0, 0.0, 0.0, 0.0, 0.0, 0.0, 0.0, 0.0, 0.0, 0.0, 0.0, 0.0, 0.0, 0.0, 0.0, 0.0, 0.0, 0.0, 0.0, 0.0, 0.0, 0.0, 0.0, 0.0, 3.1415927410125732, 3.1415927410125732, 3.1415927410125732, 3.1415927410125732, 3.1415927410125732, 3.1415927410125732, 3.1415927410125732, 3.1415927410125732, 0.0, 0.0, 0.0, 0.0, 0.0, 0.0, 0.0, 0.0, 0.0, 0.0, 0.0, 0.0, 0.0, 0.0, 0.0, 0.0, 0.0, 0.0, 0.0, 0.0, 0.0, 0.0, 0.0, 0.0, 3.1415927410125732, 3.1415927410125732, 3.1415927410125732, 3.1415927410125732, 3.1415927410125732, 3.1415927410125732, 3.1415927410125732, 3.1415927410125732, 0.0, 0.0, 0.0, 0.0, 0.0, 0.0, 0.0, 0.0, 0.0, 0.0, 0.0, 0.0, 0.0, 0.0, 0.0, 0.0, 0.0, 0.0, 0.0, 0.0, 0.0, 0.0, 0.0, 0.0, 3.1415927410125732, 3.1415927410125732, 3.1415927410125732, 3.1415927410125732, 3.1415927410125732, 3.1415927410125732, 3.1415927410125732, 3.1415927410125732, 0.0, 0.0, 0.0, 0.0, 0.0, 0.0, 0.0, 0.0, 0.0, 0.0, 0.0, 0.0, 0.0, 0.0, 0.0, 0.0, 0.0, 0.0, 0.0, 0.0, 0.0, 0.0, 0.0, 0.0, 3.1415927410125732, 3.1415927410125732, 3.1415927410125732, 3.1415927410125732, 3.1415927410125732, 3.1415927410125732, 3.1415927410125732, 3.1415927410125732, 0.0, 0.0, 0.0, 0.0, 0.0, 0.0, 0.0, 0.0, 0.0, 0.0, 0.0, 0.0, 0.0, 0.0, 0.0, 0.0, 0.0, 0.0, 0.0, 0.0, 0.0, 0.0, 0.0, 0.0, 3.1415927410125732, 3.1415927410125732, 3.1415927410125732, 3.1415927410125732, 3.1415927410125732, 3.1415927410125732, 3.1415927410125732, 3.1415927410125732, 0.0, 0.0, 0.0, 0.0, 0.0, 0.0, 0.0, 0.0, 0.0, 0.0, 0.0, 0.0, 0.0, 0.0, 0.0, 0.0, 0.0, 0.0, 0.0, 0.0, 0.0, 0.0, 0.0, 0.0, 3.1415927410125732, 3.1415927410125732, 3.1415927410125732, 3.1415927410125732, 3.1415927410125732, 3.1415927410125732, 3.1415927410125732, 3.1415927410125732, 0.0, 0.0, 0.0, 0.0, 0.0, 0.0, 0.0, 0.0, 0.0, 0.0, 0.0, 0.0, 0.0, 0.0, 0.0, 0.0]"
0.6088365,0.15223686,0.15219523,0.15220979,0.15219462,0.15220913,-9.53539467,-9.53664207,-9.53620815,-9.53666496,"[3.1415927410125732, 3.1415927410125732, 3.1415927410125732, 3.1415927410125732, 3.1415927410125732, 3.1415927410125732, 3.1415927410125732, 3.1415927410125732, 3.1415927410125732, 3.1415927410125732, 3.1415927410125732, 3.1415927410125732, 3.1415927410125732, 3.1415927410125732, 3.1415927410125732, 3.1415927410125732, 3.1415927410125732, 3.1415927410125732, 3.1415927410125732, 3.1415927410125732, 3.1415927410125732, 3.1415927410125732, 3.1415927410125732, 3.1415927410125732, 3.1415927410125732, 3.1415927410125732, 3.1415927410125732, 3.1415927410125732, 3.1415927410125732, 3.1415927410125732, 3.1415927410125732, 3.1415927410125732, 3.1415927410125732, 3.1415927410125732, 3.1415927410125732, 3.1415927410125732, 3.1415927410125732, 3.1415927410125732, 3.1415927410125732, 3.1415927410125732, 3.1415927410125732, 3.1415927410125732, 3.1415927410125732, 3.1415927410125732, 3.1415927410125732, 3.1415927410125732, 3.1415927410125732, 3.1415927410125732, 3.1415927410125732, 3.1415927410125732, 3.1415927410125732, 3.1415927410125732, 3.1415927410125732, 3.1415927410125732, 3.1415927410125732, 3.1415927410125732, 3.1415927410125732, 3.1415927410125732, 3.1415927410125732, 3.1415927410125732, 3.1415927410125732, 3.1415927410125732, 3.1415927410125732, 3.1415927410125732, 3.1415927410125732, 3.1415927410125732, 3.1415927410125732, 3.1415927410125732, 3.1415927410125732, 3.1415927410125732, 3.1415927410125732, 3.1415927410125732, 3.1415927410125732, 3.1415927410125732, 3.1415927410125732, 3.1415927410125732, 3.1415927410125732, 3.1415927410125732, 3.1415927410125732, 3.1415927410125732, 3.1415927410125732, 3.1415927410125732, 3.1415927410125732, 3.1415927410125732, 3.1415927410125732, 3.1415927410125732, 3.1415927410125732, 3.1415927410125732, 3.1415927410125732, 3.1415927410125732, 3.1415927410125732, 3.1415927410125732, 3.1415927410125732, 3.1415927410125732, 3.1415927410125732, 3.1415927410125732, 3.1415927410125732, 3.1415927410125732, 3.1415927410125732, 3.1415927410125732, 3.1415927410125732, 3.1415927410125732, 3.1415927410125732, 3.1415927410125732, 3.1415927410125732, 3.1415927410125732, 3.1415927410125732, 3.1415927410125732, 3.1415927410125732, 3.1415927410125732, 3.1415927410125732, 3.1415927410125732, 3.1415927410125732, 3.1415927410125732, 3.1415927410125732, 3.1415927410125732, 3.1415927410125732, 3.1415927410125732, 3.1415927410125732, 3.1415927410125732, 3.1415927410125732, 3.1415927410125732, 3.1415927410125732, 3.1415927410125732, 3.1415927410125732, 3.1415927410125732, 3.1415927410125732, 3.1415927410125732, 3.1415927410125732, 3.1415927410125732, 3.1415927410125732, 3.1415927410125732, 3.1415927410125732, 3.1415927410125732, 3.1415927410125732, 3.1415927410125732, 3.1415927410125732, 3.1415927410125732, 3.1415927410125732, 3.1415927410125732, 3.1415927410125732, 3.1415927410125732, 3.1415927410125732, 3.1415927410125732, 3.1415927410125732, 3.1415927410125732, 3.1415927410125732, 3.1415927410125732, 3.1415927410125732, 3.1415927410125732, 3.1415927410125732, 3.1415927410125732, 3.1415927410125732, 3.1415927410125732, 3.1415927410125732, 3.1415927410125732, 3.1415927410125732, 3.1415927410125732, 3.1415927410125732, 3.1415927410125732, 3.1415927410125732, 3.1415927410125732, 3.1415927410125732, 3.1415927410125732, 3.1415927410125732, 3.1415927410125732, 3.1415927410125732, 3.1415927410125732, 3.1415927410125732, 3.1415927410125732, 3.1415927410125732, 3.1415927410125732, 3.1415927410125732, 3.1415927410125732, 3.1415927410125732, 3.1415927410125732, 3.1415927410125732, 3.1415927410125732, 3.1415927410125732, 3.1415927410125732, 3.1415927410125732, 3.1415927410125732, 3.1415927410125732, 3.1415927410125732, 3.1415927410125732, 3.1415927410125732, 3.1415927410125732, 3.1415927410125732, 3.1415927410125732, 3.1415927410125732, 3.1415927410125732, 3.1415927410125732, 3.1415927410125732, 3.1415927410125732, 3.1415927410125732, 3.1415927410125732, 3.1415927410125732, 3.1415927410125732, 3.1415927410125732, 3.1415927410125732, 3.1415927410125732, 3.1415927410125732, 3.1415927410125732, 3.1415927410125732, 3.1415927410125732, 3.1415927410125732, 3.1415927410125732, 3.1415927410125732, 3.1415927410125732, 3.1415927410125732, 3.1415927410125732, 3.1415927410125732, 3.1415927410125732, 3.1415927410125732, 3.1415927410125732, 3.1415927410125732, 3.1415927410125732, 3.1415927410125732, 3.1415927410125732, 3.1415927410125732, 3.1415927410125732, 3.1415927410125732, 3.1415927410125732, 3.1415927410125732, 3.1415927410125732, 3.1415927410125732, 3.1415927410125732, 3.1415927410125732, 3.1415927410125732, 3.1415927410125732, 3.1415927410125732, 3.1415927410125732, 3.1415927410125732, 3.1415927410125732, 3.1415927410125732, 3.1415927410125732, 3.1415927410125732, 3.1415927410125732, 3.1415927410125732, 3.1415927410125732, 3.1415927410125732, 3.1415927410125732, 3.1415927410125732, 3.1415927410125732, 3.1415927410125732, 3.1415927410125732, 3.1415927410125732, 3.1415927410125732, 3.1415927410125732, 3.1415927410125732, 3.1415927410125732, 3.1415927410125732, 3.1415927410125732, 3.1415927410125732, 3.1415927410125732, 3.1415927410125732, 0.0, 0.0, 0.0, 0.0, 0.0, 0.0, 0.0, 0.0, 0.0, 0.0, 0.0, 0.0, 0.0, 0.0, 0.0, 0.0, 3.1415927410125732, 3.1415927410125732, 3.1415927410125732, 3.1415927410125732, 3.1415927410125732, 3.1415927410125732, 3.1415927410125732, 3.1415927410125732, 3.1415927410125732, 3.1415927410125732, 3.1415927410125732, 3.1415927410125732, 3.1415927410125732, 3.1415927410125732, 3.1415927410125732, 3.1415927410125732, 0.0, 0.0, 0.0, 0.0, 0.0, 0.0, 0.0, 0.0, 0.0, 0.0, 0.0, 0.0, 0.0, 0.0, 0.0, 0.0, 3.1415927410125732, 3.1415927410125732, 3.1415927410125732, 3.1415927410125732, 3.1415927410125732, 3.1415927410125732, 3.1415927410125732, 3.1415927410125732, 3.1415927410125732, 3.1415927410125732, 3.1415927410125732, 3.1415927410125732, 3.1415927410125732, 3.1415927410125732, 3.1415927410125732, 3.1415927410125732, 0.0, 0.0, 0.0, 0.0, 0.0, 0.0, 0.0, 0.0, 0.0, 0.0, 0.0, 0.0, 0.0, 0.0, 0.0, 0.0, 3.1415927410125732, 3.1415927410125732, 3.1415927410125732, 3.1415927410125732, 3.1415927410125732, 3.1415927410125732, 3.1415927410125732, 3.1415927410125732, 3.1415927410125732, 3.1415927410125732, 3.1415927410125732, 3.1415927410125732, 3.1415927410125732, 3.1415927410125732, 3.1415927410125732, 3.1415927410125732, 0.0, 0.0, 0.0, 0.0, 0.0, 0.0, 0.0, 0.0, 0.0, 0.0, 0.0, 0.0, 0.0, 0.0, 0.0, 0.0, 3.1415927410125732, 3.1415927410125732, 3.1415927410125732, 3.1415927410125732, 3.1415927410125732, 3.1415927410125732, 3.1415927410125732, 3.1415927410125732, 3.1415927410125732, 3.1415927410125732, 3.1415927410125732, 3.1415927410125732, 3.1415927410125732, 3.1415927410125732, 3.1415927410125732, 3.1415927410125732, 0.0, 0.0, 0.0, 0.0, 0.0, 0.0, 0.0, 0.0, 0.0, 0.0, 0.0, 0.0, 0.0, 0.0, 0.0, 0.0, 3.1415927410125732, 3.1415927410125732, 3.1415927410125732, 3.1415927410125732, 3.1415927410125732, 3.1415927410125732, 3.1415927410125732, 3.1415927410125732, 3.1415927410125732, 3.1415927410125732, 3.1415927410125732, 3.1415927410125732, 3.1415927410125732, 3.1415927410125732, 3.1415927410125732, 3.1415927410125732, 0.0, 0.0, 0.0, 0.0, 0.0, 0.0, 0.0, 0.0, 0.0, 0.0, 0.0, 0.0, 0.0, 0.0, 0.0, 0.0, 3.1415927410125732, 3.1415927410125732, 3.1415927410125732, 3.1415927410125732, 3.1415927410125732, 3.1415927410125732, 3.1415927410125732, 3.1415927410125732, 3.1415927410125732, 3.1415927410125732, 3.1415927410125732, 3.1415927410125732, 3.1415927410125732, 3.1415927410125732, 3.1415927410125732, 3.1415927410125732, 0.0, 0.0, 0.0, 0.0, 0.0, 0.0, 0.0, 0.0, 0.0, 0.0, 0.0, 0.0, 0.0, 0.0, 0.0, 0.0, 3.1415927410125732, 3.1415927410125732, 3.1415927410125732, 3.1415927410125732, 3.1415927410125732, 3.1415927410125732, 3.1415927410125732, 3.1415927410125732, 3.1415927410125732, 3.1415927410125732, 3.1415927410125732, 3.1415927410125732, 3.1415927410125732, 3.1415927410125732, 3.1415927410125732, 3.1415927410125732, 0.0, 0.0, 0.0, 0.0, 0.0, 0.0, 0.0, 0.0, 0.0, 0.0, 0.0, 0.0, 0.0, 0.0, 0.0, 0.0, 3.1415927410125732, 3.1415927410125732, 3.1415927410125732, 3.1415927410125732, 3.1415927410125732, 3.1415927410125732, 3.1415927410125732, 3.1415927410125732, 3.1415927410125732, 3.1415927410125732, 3.1415927410125732, 3.1415927410125732, 3.1415927410125732, 3.1415927410125732, 3.1415927410125732, 3.1415927410125732, 0.0, 0.0, 0.0, 0.0, 0.0, 0.0, 0.0, 0.0, 0.0, 0.0, 0.0, 0.0, 0.0, 0.0, 0.0, 0.0, 0.0, 0.0, 0.0, 0.0, 0.0, 0.0, 0.0, 0.0, 0.0, 0.0, 0.0, 0.0, 0.0, 0.0, 0.0, 0.0, 0.0, 0.0, 0.0, 0.0, 0.0, 0.0, 0.0, 0.0, 0.0, 0.0, 0.0, 0.0, 0.0, 0.0, 0.0, 0.0, 0.0, 0.0, 0.0, 0.0, 0.0, 0.0, 0.0, 0.0, 0.0, 0.0, 0.0, 0.0, 0.0, 0.0, 0.0, 0.0, 0.0, 0.0, 0.0, 0.0, 0.0, 0.0, 0.0, 0.0, 0.0, 0.0, 0.0, 0.0, 0.0, 0.0, 0.0, 0.0, 0.0, 0.0, 0.0, 0.0, 0.0, 0.0, 0.0, 0.0, 0.0, 0.0, 0.0, 0.0, 0.0, 0.0, 0.0, 0.0, 0.0, 0.0, 0.0, 0.0, 0.0, 0.0, 0.0, 0.0, 0.0, 0.0, 0.0, 0.0, 0.0, 0.0, 0.0, 0.0, 0.0, 0.0, 0.0, 0.0, 0.0, 0.0, 0.0, 0.0, 0.0, 0.0, 0.0, 0.0, 0.0, 0.0, 0.0, 0.0, 0.0, 0.0, 0.0, 0.0, 0.0, 0.0, 0.0, 0.0, 0.0, 0.0, 0.0, 0.0, 0.0, 0.0, 0.0, 0.0, 0.0, 0.0, 0.0, 0.0, 0.0, 0.0, 0.0, 0.0, 0.0, 0.0, 0.0, 0.0, 0.0, 0.0, 0.0, 0.0, 0.0, 0.0, 0.0, 0.0, 0.0, 0.0, 0.0, 0.0, 0.0, 0.0, 0.0, 0.0, 0.0, 0.0, 0.0, 0.0, 0.0, 0.0, 0.0, 0.0, 0.0, 0.0, 0.0, 0.0, 0.0, 0.0, 0.0, 0.0, 0.0, 0.0, 0.0, 0.0, 0.0, 0.0, 0.0, 0.0, 0.0, 0.0, 0.0, 0.0, 0.0, 0.0, 0.0, 0.0, 0.0, 0.0, 0.0, 0.0, 0.0, 0.0, 0.0, 0.0, 0.0, 0.0, 0.0, 0.0, 0.0, 0.0, 0.0, 0.0, 0.0, 0.0, 0.0, 0.0, 0.0, 0.0, 0.0, 0.0, 0.0, 0.0, 0.0, 0.0, 0.0, 0.0, 0.0, 0.0, 0.0, 0.0, 0.0, 0.0, 0.0, 0.0, 0.0, 0.0, 0.0, 0.0, 0.0, 0.0, 0.0, 0.0, 0.0, 0.0, 0.0, 0.0, 0.0, 0.0, 0.0, 0.0, 0.0, 0.0, 0.0, 0.0, 0.0, 0.0, 3.1415927410125732, 3.1415927410125732, 3.1415927410125732, 3.1415927410125732, 3.1415927410125732, 3.1415927410125732, 3.1415927410125732, 3.1415927410125732, 0.0, 0.0, 0.0, 0.0, 0.0, 0.0, 0.0, 0.0, 0.0, 0.0, 0.0, 0.0, 0.0, 0.0, 0.0, 0.0, 0.0, 0.0, 0.0, 0.0, 0.0, 0.0, 0.0, 0.0, 3.1415927410125732, 3.1415927410125732, 3.1415927410125732, 3.1415927410125732, 3.1415927410125732, 3.1415927410125732, 3.1415927410125732, 3.1415927410125732, 0.0, 0.0, 0.0, 0.0, 0.0, 0.0, 0.0, 0.0, 0.0, 0.0, 0.0, 0.0, 0.0, 0.0, 0.0, 0.0, 0.0, 0.0, 0.0, 0.0, 0.0, 0.0, 0.0, 0.0, 3.1415927410125732, 3.1415927410125732, 3.1415927410125732, 3.1415927410125732, 3.1415927410125732, 3.1415927410125732, 3.1415927410125732, 3.1415927410125732, 0.0, 0.0, 0.0, 0.0, 0.0, 0.0, 0.0, 0.0, 0.0, 0.0, 0.0, 0.0, 0.0, 0.0, 0.0, 0.0, 0.0, 0.0, 0.0, 0.0, 0.0, 0.0, 0.0, 0.0, 3.1415927410125732, 3.1415927410125732, 3.1415927410125732, 3.1415927410125732, 3.1415927410125732, 3.1415927410125732, 3.1415927410125732, 3.1415927410125732, 0.0, 0.0, 0.0, 0.0, 0.0, 0.0, 0.0, 0.0, 0.0, 0.0, 0.0, 0.0, 0.0, 0.0, 0.0, 0.0, 0.0, 0.0, 0.0, 0.0, 0.0, 0.0, 0.0, 0.0, 3.1415927410125732, 3.1415927410125732, 3.1415927410125732, 3.1415927410125732, 3.1415927410125732, 3.1415927410125732, 3.1415927410125732, 3.1415927410125732, 0.0, 0.0, 0.0, 0.0, 0.0, 0.0, 0.0, 0.0, 0.0, 0.0, 0.0, 0.0, 0.0, 0.0, 0.0, 0.0, 0.0, 0.0, 0.0, 0.0, 0.0, 0.0, 0.0, 0.0, 3.1415927410125732, 3.1415927410125732, 3.1415927410125732, 3.1415927410125732, 3.1415927410125732, 3.1415927410125732, 3.1415927410125732, 3.1415927410125732, 0.0, 0.0, 0.0, 0.0, 0.0, 0.0, 0.0, 0.0, 0.0, 0.0, 0.0, 0.0, 0.0, 0.0, 0.0, 0.0, 0.0, 0.0, 0.0, 0.0, 0.0, 0.0, 0.0, 0.0, 3.1415927410125732, 3.1415927410125732, 3.1415927410125732, 3.1415927410125732, 3.1415927410125732, 3.1415927410125732, 3.1415927410125732, 3.1415927410125732, 0.0, 0.0, 0.0, 0.0, 0.0, 0.0, 0.0, 0.0, 0.0, 0.0, 0.0, 0.0, 0.0, 0.0, 0.0, 0.0, 0.0, 0.0, 0.0, 0.0, 0.0, 0.0, 0.0, 0.0, 3.1415927410125732, 3.1415927410125732, 3.1415927410125732, 3.1415927410125732, 3.1415927410125732, 3.1415927410125732, 3.1415927410125732, 3.1415927410125732, 0.0, 0.0, 0.0, 0.0, 0.0, 0.0, 0.0, 0.0, 0.0, 0.0, 0.0, 0.0, 0.0, 0.0, 0.0, 0.0]"
0.6088365,0.15223686,0.15219523,0.15220979,0.15219462,0.15220913,-9.53539467,-9.53664207,-9.53620815,-9.53666496,"[3.1415927410125732, 3.1415927410125732, 3.1415927410125732, 3.1415927410125732, 3.1415927410125732, 3.1415927410125732, 3.1415927410125732, 3.1415927410125732, 3.1415927410125732, 3.1415927410125732, 3.1415927410125732, 3.1415927410125732, 3.1415927410125732, 3.1415927410125732, 3.1415927410125732, 3.1415927410125732, 3.1415927410125732, 3.1415927410125732, 3.1415927410125732, 3.1415927410125732, 3.1415927410125732, 3.1415927410125732, 3.1415927410125732, 3.1415927410125732, 3.1415927410125732, 3.1415927410125732, 3.1415927410125732, 3.1415927410125732, 3.1415927410125732, 3.1415927410125732, 3.1415927410125732, 3.1415927410125732, 3.1415927410125732, 3.1415927410125732, 3.1415927410125732, 3.1415927410125732, 3.1415927410125732, 3.1415927410125732, 3.1415927410125732, 3.1415927410125732, 3.1415927410125732, 3.1415927410125732, 3.1415927410125732, 3.1415927410125732, 3.1415927410125732, 3.1415927410125732, 3.1415927410125732, 3.1415927410125732, 3.1415927410125732, 3.1415927410125732, 3.1415927410125732, 3.1415927410125732, 3.1415927410125732, 3.1415927410125732, 3.1415927410125732, 3.1415927410125732, 3.1415927410125732, 3.1415927410125732, 3.1415927410125732, 3.1415927410125732, 3.1415927410125732, 3.1415927410125732, 3.1415927410125732, 3.1415927410125732, 3.1415927410125732, 3.1415927410125732, 3.1415927410125732, 3.1415927410125732, 3.1415927410125732, 3.1415927410125732, 3.1415927410125732, 3.1415927410125732, 3.1415927410125732, 3.1415927410125732, 3.1415927410125732, 3.1415927410125732, 3.1415927410125732, 3.1415927410125732, 3.1415927410125732, 3.1415927410125732, 3.1415927410125732, 3.1415927410125732, 3.1415927410125732, 3.1415927410125732, 3.1415927410125732, 3.1415927410125732, 3.1415927410125732, 3.1415927410125732, 3.1415927410125732, 3.1415927410125732, 3.1415927410125732, 3.1415927410125732, 3.1415927410125732, 3.1415927410125732, 3.1415927410125732, 3.1415927410125732, 3.1415927410125732, 3.1415927410125732, 3.1415927410125732, 3.1415927410125732, 3.1415927410125732, 3.1415927410125732, 3.1415927410125732, 3.1415927410125732, 3.1415927410125732, 3.1415927410125732, 3.1415927410125732, 3.1415927410125732, 3.1415927410125732, 3.1415927410125732, 3.1415927410125732, 3.1415927410125732, 3.1415927410125732, 3.1415927410125732, 3.1415927410125732, 3.1415927410125732, 3.1415927410125732, 3.1415927410125732, 3.1415927410125732, 3.1415927410125732, 3.1415927410125732, 3.1415927410125732, 3.1415927410125732, 3.1415927410125732, 3.1415927410125732, 3.1415927410125732, 3.1415927410125732, 3.1415927410125732, 3.1415927410125732, 3.1415927410125732, 3.1415927410125732, 3.1415927410125732, 3.1415927410125732, 3.1415927410125732, 3.1415927410125732, 3.1415927410125732, 3.1415927410125732, 3.1415927410125732, 3.1415927410125732, 3.1415927410125732, 3.1415927410125732, 3.1415927410125732, 3.1415927410125732, 3.1415927410125732, 3.1415927410125732, 3.1415927410125732, 3.1415927410125732, 3.1415927410125732, 3.1415927410125732, 3.1415927410125732, 3.1415927410125732, 3.1415927410125732, 3.1415927410125732, 3.1415927410125732, 3.1415927410125732, 3.1415927410125732, 3.1415927410125732, 3.1415927410125732, 3.1415927410125732, 3.1415927410125732, 3.1415927410125732, 3.1415927410125732, 3.1415927410125732, 3.1415927410125732, 3.1415927410125732, 3.1415927410125732, 3.1415927410125732, 3.1415927410125732, 3.1415927410125732, 3.1415927410125732, 3.1415927410125732, 3.1415927410125732, 3.1415927410125732, 3.1415927410125732, 3.1415927410125732, 3.1415927410125732, 3.1415927410125732, 3.1415927410125732, 3.1415927410125732, 3.1415927410125732, 3.1415927410125732, 3.1415927410125732, 3.1415927410125732, 3.1415927410125732, 3.1415927410125732, 3.1415927410125732, 3.1415927410125732, 3.1415927410125732, 3.1415927410125732, 3.1415927410125732, 3.1415927410125732, 3.1415927410125732, 3.1415927410125732, 3.1415927410125732, 3.1415927410125732, 3.1415927410125732, 3.1415927410125732, 3.1415927410125732, 3.1415927410125732, 3.1415927410125732, 3.1415927410125732, 3.1415927410125732, 3.1415927410125732, 3.1415927410125732, 3.1415927410125732, 3.1415927410125732, 3.1415927410125732, 3.1415927410125732, 3.1415927410125732, 3.1415927410125732, 3.1415927410125732, 3.1415927410125732, 3.1415927410125732, 3.1415927410125732, 3.1415927410125732, 3.1415927410125732, 3.1415927410125732, 3.1415927410125732, 3.1415927410125732, 3.1415927410125732, 3.1415927410125732, 3.1415927410125732, 3.1415927410125732, 3.1415927410125732, 3.1415927410125732, 3.1415927410125732, 3.1415927410125732, 3.1415927410125732, 3.1415927410125732, 3.1415927410125732, 3.1415927410125732, 3.1415927410125732, 3.1415927410125732, 3.1415927410125732, 3.1415927410125732, 3.1415927410125732, 3.1415927410125732, 3.1415927410125732, 3.1415927410125732, 3.1415927410125732, 3.1415927410125732, 3.1415927410125732, 3.1415927410125732, 3.1415927410125732, 3.1415927410125732, 3.1415927410125732, 3.1415927410125732, 3.1415927410125732, 3.1415927410125732, 3.1415927410125732, 3.1415927410125732, 3.1415927410125732, 3.1415927410125732, 3.1415927410125732, 3.1415927410125732, 3.1415927410125732, 0.0, 0.0, 0.0, 0.0, 0.0, 0.0, 0.0, 0.0, 0.0, 0.0, 0.0, 0.0, 0.0, 0.0, 0.0, 0.0, 3.1415927410125732, 3.1415927410125732, 3.1415927410125732, 3.1415927410125732, 3.1415927410125732, 3.1415927410125732, 3.1415927410125732, 3.1415927410125732, 3.1415927410125732, 3.1415927410125732, 3.1415927410125732, 3.1415927410125732, 3.1415927410125732, 3.1415927410125732, 3.1415927410125732, 3.1415927410125732, 0.0, 0.0, 0.0, 0.0, 0.0, 0.0, 0.0, 0.0, 0.0, 0.0, 0.0, 0.0, 0.0, 0.0, 0.0, 0.0, 3.1415927410125732, 3.1415927410125732, 3.1415927410125732, 3.1415927410125732, 3.1415927410125732, 3.1415927410125732, 3.1415927410125732, 3.1415927410125732, 3.1415927410125732, 3.1415927410125732, 3.1415927410125732, 3.1415927410125732, 3.1415927410125732, 3.1415927410125732, 3.1415927410125732, 3.1415927410125732, 0.0, 0.0, 0.0, 0.0, 0.0, 0.0, 0.0, 0.0, 0.0, 0.0, 0.0, 0.0, 0.0, 0.0, 0.0, 0.0, 3.1415927410125732, 3.1415927410125732, 3.1415927410125732, 3.1415927410125732, 3.1415927410125732, 3.1415927410125732, 3.1415927410125732, 3.1415927410125732, 3.1415927410125732, 3.1415927410125732, 3.1415927410125732, 3.1415927410125732, 3.1415927410125732, 3.1415927410125732, 3.1415927410125732, 3.1415927410125732, 0.0, 0.0, 0.0, 0.0, 0.0, 0.0, 0.0, 0.0, 0.0, 0.0, 0.0, 0.0, 0.0, 0.0, 0.0, 0.0, 3.1415927410125732, 3.1415927410125732, 3.1415927410125732, 3.1415927410125732, 3.1415927410125732, 3.1415927410125732, 3.1415927410125732, 3.1415927410125732, 3.1415927410125732, 3.1415927410125732, 3.1415927410125732, 3.1415927410125732, 3.1415927410125732, 3.1415927410125732, 3.1415927410125732, 3.1415927410125732, 0.0, 0.0, 0.0, 0.0, 0.0, 0.0, 0.0, 0.0, 0.0, 0.0, 0.0, 0.0, 0.0, 0.0, 0.0, 0.0, 3.1415927410125732, 3.1415927410125732, 3.1415927410125732, 3.1415927410125732, 3.1415927410125732, 3.1415927410125732, 3.1415927410125732, 3.1415927410125732, 3.1415927410125732, 3.1415927410125732, 3.1415927410125732, 3.1415927410125732, 3.1415927410125732, 3.1415927410125732, 3.1415927410125732, 3.1415927410125732, 0.0, 0.0, 0.0, 0.0, 0.0, 0.0, 0.0, 0.0, 0.0, 0.0, 0.0, 0.0, 0.0, 0.0, 0.0, 0.0, 3.1415927410125732, 3.1415927410125732, 3.1415927410125732, 3.1415927410125732, 3.1415927410125732, 3.1415927410125732, 3.1415927410125732, 3.1415927410125732, 3.1415927410125732, 3.1415927410125732, 3.1415927410125732, 3.1415927410125732, 3.1415927410125732, 3.1415927410125732, 3.1415927410125732, 3.1415927410125732, 0.0, 0.0, 0.0, 0.0, 0.0, 0.0, 0.0, 0.0, 0.0, 0.0, 0.0, 0.0, 0.0, 0.0, 0.0, 0.0, 3.1415927410125732, 3.1415927410125732, 3.1415927410125732, 3.1415927410125732, 3.1415927410125732, 3.1415927410125732, 3.1415927410125732, 3.1415927410125732, 3.1415927410125732, 3.1415927410125732, 3.1415927410125732, 3.1415927410125732, 3.1415927410125732, 3.1415927410125732, 3.1415927410125732, 3.1415927410125732, 0.0, 0.0, 0.0, 0.0, 0.0, 0.0, 0.0, 0.0, 0.0, 0.0, 0.0, 0.0, 0.0, 0.0, 0.0, 0.0, 3.1415927410125732, 3.1415927410125732, 3.1415927410125732, 3.1415927410125732, 3.1415927410125732, 3.1415927410125732, 3.1415927410125732, 3.1415927410125732, 3.1415927410125732, 3.1415927410125732, 3.1415927410125732, 3.1415927410125732, 3.1415927410125732, 3.1415927410125732, 3.1415927410125732, 3.1415927410125732, 0.0, 0.0, 0.0, 0.0, 0.0, 0.0, 0.0, 0.0, 0.0, 0.0, 0.0, 0.0, 0.0, 0.0, 0.0, 0.0, 0.0, 0.0, 0.0, 0.0, 0.0, 0.0, 0.0, 0.0, 0.0, 0.0, 0.0, 0.0, 0.0, 0.0, 0.0, 0.0, 0.0, 0.0, 0.0, 0.0, 0.0, 0.0, 0.0, 0.0, 0.0, 0.0, 0.0, 0.0, 0.0, 0.0, 0.0, 0.0, 0.0, 0.0, 0.0, 0.0, 0.0, 0.0, 0.0, 0.0, 0.0, 0.0, 0.0, 0.0, 0.0, 0.0, 0.0, 0.0, 0.0, 0.0, 0.0, 0.0, 0.0, 0.0, 0.0, 0.0, 0.0, 0.0, 0.0, 0.0, 0.0, 0.0, 0.0, 0.0, 0.0, 0.0, 0.0, 0.0, 0.0, 0.0, 0.0, 0.0, 0.0, 0.0, 0.0, 0.0, 0.0, 0.0, 0.0, 0.0, 0.0, 0.0, 0.0, 0.0, 0.0, 0.0, 0.0, 0.0, 0.0, 0.0, 0.0, 0.0, 0.0, 0.0, 0.0, 0.0, 0.0, 0.0, 0.0, 0.0, 0.0, 0.0, 0.0, 0.0, 0.0, 0.0, 0.0, 0.0, 0.0, 0.0, 0.0, 0.0, 0.0, 0.0, 0.0, 0.0, 0.0, 0.0, 0.0, 0.0, 0.0, 0.0, 0.0, 0.0, 0.0, 0.0, 0.0, 0.0, 0.0, 0.0, 0.0, 0.0, 0.0, 0.0, 0.0, 0.0, 0.0, 0.0, 0.0, 0.0, 0.0, 0.0, 0.0, 0.0, 0.0, 0.0, 0.0, 0.0, 0.0, 0.0, 0.0, 0.0, 0.0, 0.0, 0.0, 0.0, 0.0, 0.0, 0.0, 0.0, 0.0, 0.0, 0.0, 0.0, 0.0, 0.0, 0.0, 0.0, 0.0, 0.0, 0.0, 0.0, 0.0, 0.0, 0.0, 0.0, 0.0, 0.0, 0.0, 0.0, 0.0, 0.0, 0.0, 0.0, 0.0, 0.0, 0.0, 0.0, 0.0, 0.0, 0.0, 0.0, 0.0, 0.0, 0.0, 0.0, 0.0, 0.0, 0.0, 0.0, 0.0, 0.0, 0.0, 0.0, 0.0, 0.0, 0.0, 0.0, 0.0, 0.0, 0.0, 0.0, 0.0, 0.0, 0.0, 0.0, 0.0, 0.0, 0.0, 0.0, 0.0, 0.0, 0.0, 0.0, 0.0, 0.0, 0.0, 0.0, 0.0, 0.0, 0.0, 0.0, 0.0, 0.0, 0.0, 0.0, 0.0, 0.0, 0.0, 0.0, 0.0, 0.0, 0.0, 0.0, 0.0, 0.0, 0.0, 0.0, 3.1415927410125732, 3.1415927410125732, 3.1415927410125732, 3.1415927410125732, 3.1415927410125732, 3.1415927410125732, 3.1415927410125732, 3.1415927410125732, 0.0, 0.0, 0.0, 0.0, 0.0, 0.0, 0.0, 0.0, 0.0, 0.0, 0.0, 0.0, 0.0, 0.0, 0.0, 0.0, 0.0, 0.0, 0.0, 0.0, 0.0, 0.0, 0.0, 0.0, 3.1415927410125732, 3.1415927410125732, 3.1415927410125732, 3.1415927410125732, 3.1415927410125732, 3.1415927410125732, 3.1415927410125732, 3.1415927410125732, 0.0, 0.0, 0.0, 0.0, 0.0, 0.0, 0.0, 0.0, 0.0, 0.0, 0.0, 0.0, 0.0, 0.0, 0.0, 0.0, 0.0, 0.0, 0.0, 0.0, 0.0, 0.0, 0.0, 0.0, 3.1415927410125732, 3.1415927410125732, 3.1415927410125732, 3.1415927410125732, 3.1415927410125732, 3.1415927410125732, 3.1415927410125732, 3.1415927410125732, 0.0, 0.0, 0.0, 0.0, 0.0, 0.0, 0.0, 0.0, 0.0, 0.0, 0.0, 0.0, 0.0, 0.0, 0.0, 0.0, 0.0, 0.0, 0.0, 0.0, 0.0, 0.0, 0.0, 0.0, 3.1415927410125732, 3.1415927410125732, 3.1415927410125732, 3.1415927410125732, 3.1415927410125732, 3.1415927410125732, 3.1415927410125732, 3.1415927410125732, 0.0, 0.0, 0.0, 0.0, 0.0, 0.0, 0.0, 0.0, 0.0, 0.0, 0.0, 0.0, 0.0, 0.0, 0.0, 0.0, 0.0, 0.0, 0.0, 0.0, 0.0, 0.0, 0.0, 0.0, 3.1415927410125732, 3.1415927410125732, 3.1415927410125732, 3.1415927410125732, 3.1415927410125732, 3.1415927410125732, 3.1415927410125732, 3.1415927410125732, 0.0, 0.0, 0.0, 0.0, 0.0, 0.0, 0.0, 0.0, 0.0, 0.0, 0.0, 0.0, 0.0, 0.0, 0.0, 0.0, 0.0, 0.0, 0.0, 0.0, 0.0, 0.0, 0.0, 0.0, 3.1415927410125732, 3.1415927410125732, 3.1415927410125732, 3.1415927410125732, 3.1415927410125732, 3.1415927410125732, 3.1415927410125732, 3.1415927410125732, 0.0, 0.0, 0.0, 0.0, 0.0, 0.0, 0.0, 0.0, 0.0, 0.0, 0.0, 0.0, 0.0, 0.0, 0.0, 0.0, 0.0, 0.0, 0.0, 0.0, 0.0, 0.0, 0.0, 0.0, 3.1415927410125732, 3.1415927410125732, 3.1415927410125732, 3.1415927410125732, 3.1415927410125732, 3.1415927410125732, 3.1415927410125732, 3.1415927410125732, 0.0, 0.0, 0.0, 0.0, 0.0, 0.0, 0.0, 0.0, 0.0, 0.0, 0.0, 0.0, 0.0, 0.0, 0.0, 0.0, 0.0, 0.0, 0.0, 0.0, 0.0, 0.0, 0.0, 0.0, 3.1415927410125732, 3.1415927410125732, 3.1415927410125732, 3.1415927410125732, 3.1415927410125732, 3.1415927410125732, 3.1415927410125732, 3.1415927410125732, 0.0, 0.0, 0.0, 0.0, 0.0, 0.0, 0.0, 0.0, 0.0, 0.0, 0.0, 0.0, 0.0, 0.0, 0.0, 0.0]"
0.6088365,0.15223686,0.15219523,0.15220979,0.15219462,0.15220913,-9.53539467,-9.53664207,-9.53620815,-9.53666496,"[3.1415927410125732, 3.1415927410125732, 3.1415927410125732, 3.1415927410125732, 3.1415927410125732, 3.1415927410125732, 3.1415927410125732, 3.1415927410125732, 3.1415927410125732, 3.1415927410125732, 3.1415927410125732, 3.1415927410125732, 3.1415927410125732, 3.1415927410125732, 3.1415927410125732, 3.1415927410125732, 3.1415927410125732, 3.1415927410125732, 3.1415927410125732, 3.1415927410125732, 3.1415927410125732, 3.1415927410125732, 3.1415927410125732, 3.1415927410125732, 3.1415927410125732, 3.1415927410125732, 3.1415927410125732, 3.1415927410125732, 3.1415927410125732, 3.1415927410125732, 3.1415927410125732, 3.1415927410125732, 3.1415927410125732, 3.1415927410125732, 3.1415927410125732, 3.1415927410125732, 3.1415927410125732, 3.1415927410125732, 3.1415927410125732, 3.1415927410125732, 3.1415927410125732, 3.1415927410125732, 3.1415927410125732, 3.1415927410125732, 3.1415927410125732, 3.1415927410125732, 3.1415927410125732, 3.1415927410125732, 3.1415927410125732, 3.1415927410125732, 3.1415927410125732, 3.1415927410125732, 3.1415927410125732, 3.1415927410125732, 3.1415927410125732, 3.1415927410125732, 3.1415927410125732, 3.1415927410125732, 3.1415927410125732, 3.1415927410125732, 3.1415927410125732, 3.1415927410125732, 3.1415927410125732, 3.1415927410125732, 3.1415927410125732, 3.1415927410125732, 3.1415927410125732, 3.1415927410125732, 3.1415927410125732, 3.1415927410125732, 3.1415927410125732, 3.1415927410125732, 3.1415927410125732, 3.1415927410125732, 3.1415927410125732, 3.1415927410125732, 3.1415927410125732, 3.1415927410125732, 3.1415927410125732, 3.1415927410125732, 3.1415927410125732, 3.1415927410125732, 3.1415927410125732, 3.1415927410125732, 3.1415927410125732, 3.1415927410125732, 3.1415927410125732, 3.1415927410125732, 3.1415927410125732, 3.1415927410125732, 3.1415927410125732, 3.1415927410125732, 3.1415927410125732, 3.1415927410125732, 3.1415927410125732, 3.1415927410125732, 3.1415927410125732, 3.1415927410125732, 3.1415927410125732, 3.1415927410125732, 3.1415927410125732, 3.1415927410125732, 3.1415927410125732, 3.1415927410125732, 3.1415927410125732, 3.1415927410125732, 3.1415927410125732, 3.1415927410125732, 3.1415927410125732, 3.1415927410125732, 3.1415927410125732, 3.1415927410125732, 3.1415927410125732, 3.1415927410125732, 3.1415927410125732, 3.1415927410125732, 3.1415927410125732, 3.1415927410125732, 3.1415927410125732, 3.1415927410125732, 3.1415927410125732, 3.1415927410125732, 3.1415927410125732, 3.1415927410125732, 3.1415927410125732, 3.1415927410125732, 3.1415927410125732, 3.1415927410125732, 3.1415927410125732, 3.1415927410125732, 3.1415927410125732, 3.1415927410125732, 3.1415927410125732, 3.1415927410125732, 3.1415927410125732, 3.1415927410125732, 3.1415927410125732, 3.1415927410125732, 3.1415927410125732, 3.1415927410125732, 3.1415927410125732, 3.1415927410125732, 3.1415927410125732, 3.1415927410125732, 3.1415927410125732, 3.1415927410125732, 3.1415927410125732, 3.1415927410125732, 3.1415927410125732, 3.1415927410125732, 3.1415927410125732, 3.1415927410125732, 3.1415927410125732, 3.1415927410125732, 3.1415927410125732, 3.1415927410125732, 3.1415927410125732, 3.1415927410125732, 3.1415927410125732, 3.1415927410125732, 3.1415927410125732, 3.1415927410125732, 3.1415927410125732, 3.1415927410125732, 3.1415927410125732, 3.1415927410125732, 3.1415927410125732, 3.1415927410125732, 3.1415927410125732, 3.1415927410125732, 3.1415927410125732, 3.1415927410125732, 3.1415927410125732, 3.1415927410125732, 3.1415927410125732, 3.1415927410125732, 3.1415927410125732, 3.1415927410125732, 3.1415927410125732, 3.1415927410125732, 3.1415927410125732, 3.1415927410125732, 3.1415927410125732, 3.1415927410125732, 3.1415927410125732, 3.1415927410125732, 3.1415927410125732, 3.1415927410125732, 3.1415927410125732, 3.1415927410125732, 3.1415927410125732, 3.1415927410125732, 3.1415927410125732, 3.1415927410125732, 3.1415927410125732, 3.1415927410125732, 3.1415927410125732, 3.1415927410125732, 3.1415927410125732, 3.1415927410125732, 3.1415927410125732, 3.1415927410125732, 3.1415927410125732, 3.1415927410125732, 3.1415927410125732, 3.1415927410125732, 3.1415927410125732, 3.1415927410125732, 3.1415927410125732, 3.1415927410125732, 3.1415927410125732, 3.1415927410125732, 3.1415927410125732, 3.1415927410125732, 3.1415927410125732, 3.1415927410125732, 3.1415927410125732, 3.1415927410125732, 3.1415927410125732, 3.1415927410125732, 3.1415927410125732, 3.1415927410125732, 3.1415927410125732, 3.1415927410125732, 3.1415927410125732, 3.1415927410125732, 3.1415927410125732, 3.1415927410125732, 3.1415927410125732, 3.1415927410125732, 3.1415927410125732, 3.1415927410125732, 3.1415927410125732, 3.1415927410125732, 3.1415927410125732, 3.1415927410125732, 3.1415927410125732, 3.1415927410125732, 3.1415927410125732, 3.1415927410125732, 3.1415927410125732, 3.1415927410125732, 3.1415927410125732, 3.1415927410125732, 3.1415927410125732, 3.1415927410125732, 3.1415927410125732, 3.1415927410125732, 3.1415927410125732, 3.1415927410125732, 3.1415927410125732, 3.1415927410125732, 3.1415927410125732, 3.1415927410125732, 3.1415927410125732, 3.1415927410125732, 0.0, 0.0, 0.0, 0.0, 0.0, 0.0, 0.0, 0.0, 0.0, 0.0, 0.0, 0.0, 0.0, 0.0, 0.0, 0.0, 3.1415927410125732, 3.1415927410125732, 3.1415927410125732, 3.1415927410125732, 3.1415927410125732, 3.1415927410125732, 3.1415927410125732, 3.1415927410125732, 3.1415927410125732, 3.1415927410125732, 3.1415927410125732, 3.1415927410125732, 3.1415927410125732, 3.1415927410125732, 3.1415927410125732, 3.1415927410125732, 0.0, 0.0, 0.0, 0.0, 0.0, 0.0, 0.0, 0.0, 0.0, 0.0, 0.0, 0.0, 0.0, 0.0, 0.0, 0.0, 3.1415927410125732, 3.1415927410125732, 3.1415927410125732, 3.1415927410125732, 3.1415927410125732, 3.1415927410125732, 3.1415927410125732, 3.1415927410125732, 3.1415927410125732, 3.1415927410125732, 3.1415927410125732, 3.1415927410125732, 3.1415927410125732, 3.1415927410125732, 3.1415927410125732, 3.1415927410125732, 0.0, 0.0, 0.0, 0.0, 0.0, 0.0, 0.0, 0.0, 0.0, 0.0, 0.0, 0.0, 0.0, 0.0, 0.0, 0.0, 3.1415927410125732, 3.1415927410125732, 3.1415927410125732, 3.1415927410125732, 3.1415927410125732, 3.1415927410125732, 3.1415927410125732, 3.1415927410125732, 3.1415927410125732, 3.1415927410125732, 3.1415927410125732, 3.1415927410125732, 3.1415927410125732, 3.1415927410125732, 3.1415927410125732, 3.1415927410125732, 0.0, 0.0, 0.0, 0.0, 0.0, 0.0, 0.0, 0.0, 0.0, 0.0, 0.0, 0.0, 0.0, 0.0, 0.0, 0.0, 3.1415927410125732, 3.1415927410125732, 3.1415927410125732, 3.1415927410125732, 3.1415927410125732, 3.1415927410125732, 3.1415927410125732, 3.1415927410125732, 3.1415927410125732, 3.1415927410125732, 3.1415927410125732, 3.1415927410125732, 3.1415927410125732, 3.1415927410125732, 3.1415927410125732, 3.1415927410125732, 0.0, 0.0, 0.0, 0.0, 0.0, 0.0, 0.0, 0.0, 0.0, 0.0, 0.0, 0.0, 0.0, 0.0, 0.0, 0.0, 3.1415927410125732, 3.1415927410125732, 3.1415927410125732, 3.1415927410125732, 3.1415927410125732, 3.1415927410125732, 3.1415927410125732, 3.1415927410125732, 3.1415927410125732, 3.1415927410125732, 3.1415927410125732, 3.1415927410125732, 3.1415927410125732, 3.1415927410125732, 3.1415927410125732, 3.1415927410125732, 0.0, 0.0, 0.0, 0.0, 0.0, 0.0, 0.0, 0.0, 0.0, 0.0, 0.0, 0.0, 0.0, 0.0, 0.0, 0.0, 3.1415927410125732, 3.1415927410125732, 3.1415927410125732, 3.1415927410125732, 3.1415927410125732, 3.1415927410125732, 3.1415927410125732, 3.1415927410125732, 3.1415927410125732, 3.1415927410125732, 3.1415927410125732, 3.1415927410125732, 3.1415927410125732, 3.1415927410125732, 3.1415927410125732, 3.1415927410125732, 0.0, 0.0, 0.0, 0.0, 0.0, 0.0, 0.0, 0.0, 0.0, 0.0, 0.0, 0.0, 0.0, 0.0, 0.0, 0.0, 3.1415927410125732, 3.1415927410125732, 3.1415927410125732, 3.1415927410125732, 3.1415927410125732, 3.1415927410125732, 3.1415927410125732, 3.1415927410125732, 3.1415927410125732, 3.1415927410125732, 3.1415927410125732, 3.1415927410125732, 3.1415927410125732, 3.1415927410125732, 3.1415927410125732, 3.1415927410125732, 0.0, 0.0, 0.0, 0.0, 0.0, 0.0, 0.0, 0.0, 0.0, 0.0, 0.0, 0.0, 0.0, 0.0, 0.0, 0.0, 3.1415927410125732, 3.1415927410125732, 3.1415927410125732, 3.1415927410125732, 3.1415927410125732, 3.1415927410125732, 3.1415927410125732, 3.1415927410125732, 3.1415927410125732, 3.1415927410125732, 3.1415927410125732, 3.1415927410125732, 3.1415927410125732, 3.1415927410125732, 3.1415927410125732, 3.1415927410125732, 0.0, 0.0, 0.0, 0.0, 0.0, 0.0, 0.0, 0.0, 0.0, 0.0, 0.0, 0.0, 0.0, 0.0, 0.0, 0.0, 0.0, 0.0, 0.0, 0.0, 0.0, 0.0, 0.0, 0.0, 0.0, 0.0, 0.0, 0.0, 0.0, 0.0, 0.0, 0.0, 0.0, 0.0, 0.0, 0.0, 0.0, 0.0, 0.0, 0.0, 0.0, 0.0, 0.0, 0.0, 0.0, 0.0, 0.0, 0.0, 0.0, 0.0, 0.0, 0.0, 0.0, 0.0, 0.0, 0.0, 0.0, 0.0, 0.0, 0.0, 0.0, 0.0, 0.0, 0.0, 0.0, 0.0, 0.0, 0.0, 0.0, 0.0, 0.0, 0.0, 0.0, 0.0, 0.0, 0.0, 0.0, 0.0, 0.0, 0.0, 0.0, 0.0, 0.0, 0.0, 0.0, 0.0, 0.0, 0.0, 0.0, 0.0, 0.0, 0.0, 0.0, 0.0, 0.0, 0.0, 0.0, 0.0, 0.0, 0.0, 0.0, 0.0, 0.0, 0.0, 0.0, 0.0, 0.0, 0.0, 0.0, 0.0, 0.0, 0.0, 0.0, 0.0, 0.0, 0.0, 0.0, 0.0, 0.0, 0.0, 0.0, 0.0, 0.0, 0.0, 0.0, 0.0, 0.0, 0.0, 0.0, 0.0, 0.0, 0.0, 0.0, 0.0, 0.0, 0.0, 0.0, 0.0, 0.0, 0.0, 0.0, 0.0, 0.0, 0.0, 0.0, 0.0, 0.0, 0.0, 0.0, 0.0, 0.0, 0.0, 0.0, 0.0, 0.0, 0.0, 0.0, 0.0, 0.0, 0.0, 0.0, 0.0, 0.0, 0.0, 0.0, 0.0, 0.0, 0.0, 0.0, 0.0, 0.0, 0.0, 0.0, 0.0, 0.0, 0.0, 0.0, 0.0, 0.0, 0.0, 0.0, 0.0, 0.0, 0.0, 0.0, 0.0, 0.0, 0.0, 0.0, 0.0, 0.0, 0.0, 0.0, 0.0, 0.0, 0.0, 0.0, 0.0, 0.0, 0.0, 0.0, 0.0, 0.0, 0.0, 0.0, 0.0, 0.0, 0.0, 0.0, 0.0, 0.0, 0.0, 0.0, 0.0, 0.0, 0.0, 0.0, 0.0, 0.0, 0.0, 0.0, 0.0, 0.0, 0.0, 0.0, 0.0, 0.0, 0.0, 0.0, 0.0, 0.0, 0.0, 0.0, 0.0, 0.0, 0.0, 0.0, 0.0, 0.0, 0.0, 0.0, 0.0, 0.0, 0.0, 0.0, 0.0, 0.0, 0.0, 0.0, 0.0, 0.0, 0.0, 0.0, 0.0, 0.0, 0.0, 0.0, 0.0, 0.0, 0.0, 0.0, 0.0, 0.0, 0.0, 3.1415927410125732, 3.1415927410125732, 3.1415927410125732, 3.1415927410125732, 3.1415927410125732, 3.1415927410125732, 3.1415927410125732, 3.1415927410125732, 0.0, 0.0, 0.0, 0.0, 0.0, 0.0, 0.0, 0.0, 0.0, 0.0, 0.0, 0.0, 0.0, 0.0, 0.0, 0.0, 0.0, 0.0, 0.0, 0.0, 0.0, 0.0, 0.0, 0.0, 3.1415927410125732, 3.1415927410125732, 3.1415927410125732, 3.1415927410125732, 3.1415927410125732, 3.1415927410125732, 3.1415927410125732, 3.1415927410125732, 0.0, 0.0, 0.0, 0.0, 0.0, 0.0, 0.0, 0.0, 0.0, 0.0, 0.0, 0.0, 0.0, 0.0, 0.0, 0.0, 0.0, 0.0, 0.0, 0.0, 0.0, 0.0, 0.0, 0.0, 3.1415927410125732, 3.1415927410125732, 3.1415927410125732, 3.1415927410125732, 3.1415927410125732, 3.1415927410125732, 3.1415927410125732, 3.1415927410125732, 0.0, 0.0, 0.0, 0.0, 0.0, 0.0, 0.0, 0.0, 0.0, 0.0, 0.0, 0.0, 0.0, 0.0, 0.0, 0.0, 0.0, 0.0, 0.0, 0.0, 0.0, 0.0, 0.0, 0.0, 3.1415927410125732, 3.1415927410125732, 3.1415927410125732, 3.1415927410125732, 3.1415927410125732, 3.1415927410125732, 3.1415927410125732, 3.1415927410125732, 0.0, 0.0, 0.0, 0.0, 0.0, 0.0, 0.0, 0.0, 0.0, 0.0, 0.0, 0.0, 0.0, 0.0, 0.0, 0.0, 0.0, 0.0, 0.0, 0.0, 0.0, 0.0, 0.0, 0.0, 3.1415927410125732, 3.1415927410125732, 3.1415927410125732, 3.1415927410125732, 3.1415927410125732, 3.1415927410125732, 3.1415927410125732, 3.1415927410125732, 0.0, 0.0, 0.0, 0.0, 0.0, 0.0, 0.0, 0.0, 0.0, 0.0, 0.0, 0.0, 0.0, 0.0, 0.0, 0.0, 0.0, 0.0, 0.0, 0.0, 0.0, 0.0, 0.0, 0.0, 3.1415927410125732, 3.1415927410125732, 3.1415927410125732, 3.1415927410125732, 3.1415927410125732, 3.1415927410125732, 3.1415927410125732, 3.1415927410125732, 0.0, 0.0, 0.0, 0.0, 0.0, 0.0, 0.0, 0.0, 0.0, 0.0, 0.0, 0.0, 0.0, 0.0, 0.0, 0.0, 0.0, 0.0, 0.0, 0.0, 0.0, 0.0, 0.0, 0.0, 3.1415927410125732, 3.1415927410125732, 3.1415927410125732, 3.1415927410125732, 3.1415927410125732, 3.1415927410125732, 3.1415927410125732, 3.1415927410125732, 0.0, 0.0, 0.0, 0.0, 0.0, 0.0, 0.0, 0.0, 0.0, 0.0, 0.0, 0.0, 0.0, 0.0, 0.0, 0.0, 0.0, 0.0, 0.0, 0.0, 0.0, 0.0, 0.0, 0.0, 3.1415927410125732, 3.1415927410125732, 3.1415927410125732, 3.1415927410125732, 3.1415927410125732, 3.1415927410125732, 3.1415927410125732, 3.1415927410125732, 0.0, 0.0, 0.0, 0.0, 0.0, 0.0, 0.0, 0.0, 0.0, 0.0, 0.0, 0.0, 0.0, 0.0, 0.0, 0.0]"
0.6088365,0.15223686,0.15219523,0.15220979,0.15219462,0.15220913,-9.53539467,-9.53664207,-9.53620815,-9.53666496,"[3.1415927410125732, 3.1415927410125732, 3.1415927410125732, 3.1415927410125732, 3.1415927410125732, 3.1415927410125732, 3.1415927410125732, 3.1415927410125732, 3.1415927410125732, 3.1415927410125732, 3.1415927410125732, 3.1415927410125732, 3.1415927410125732, 3.1415927410125732, 3.1415927410125732, 3.1415927410125732, 3.1415927410125732, 3.1415927410125732, 3.1415927410125732, 3.1415927410125732, 3.1415927410125732, 3.1415927410125732, 3.1415927410125732, 3.1415927410125732, 3.1415927410125732, 3.1415927410125732, 3.1415927410125732, 3.1415927410125732, 3.1415927410125732, 3.1415927410125732, 3.1415927410125732, 3.1415927410125732, 3.1415927410125732, 3.1415927410125732, 3.1415927410125732, 3.1415927410125732, 3.1415927410125732, 3.1415927410125732, 3.1415927410125732, 3.1415927410125732, 3.1415927410125732, 3.1415927410125732, 3.1415927410125732, 3.1415927410125732, 3.1415927410125732, 3.1415927410125732, 3.1415927410125732, 3.1415927410125732, 3.1415927410125732, 3.1415927410125732, 3.1415927410125732, 3.1415927410125732, 3.1415927410125732, 3.1415927410125732, 3.1415927410125732, 3.1415927410125732, 3.1415927410125732, 3.1415927410125732, 3.1415927410125732, 3.1415927410125732, 3.1415927410125732, 3.1415927410125732, 3.1415927410125732, 3.1415927410125732, 3.1415927410125732, 3.1415927410125732, 3.1415927410125732, 3.1415927410125732, 3.1415927410125732, 3.1415927410125732, 3.1415927410125732, 3.1415927410125732, 3.1415927410125732, 3.1415927410125732, 3.1415927410125732, 3.1415927410125732, 3.1415927410125732, 3.1415927410125732, 3.1415927410125732, 3.1415927410125732, 3.1415927410125732, 3.1415927410125732, 3.1415927410125732, 3.1415927410125732, 3.1415927410125732, 3.1415927410125732, 3.1415927410125732, 3.1415927410125732, 3.1415927410125732, 3.1415927410125732, 3.1415927410125732, 3.1415927410125732, 3.1415927410125732, 3.1415927410125732, 3.1415927410125732, 3.1415927410125732, 3.1415927410125732, 3.1415927410125732, 3.1415927410125732, 3.1415927410125732, 3.1415927410125732, 3.1415927410125732, 3.1415927410125732, 3.1415927410125732, 3.1415927410125732, 3.1415927410125732, 3.1415927410125732, 3.1415927410125732, 3.1415927410125732, 3.1415927410125732, 3.1415927410125732, 3.1415927410125732, 3.1415927410125732, 3.1415927410125732, 3.1415927410125732, 3.1415927410125732, 3.1415927410125732, 3.1415927410125732, 3.1415927410125732, 3.1415927410125732, 3.1415927410125732, 3.1415927410125732, 3.1415927410125732, 3.1415927410125732, 3.1415927410125732, 3.1415927410125732, 3.1415927410125732, 3.1415927410125732, 3.1415927410125732, 3.1415927410125732, 3.1415927410125732, 3.1415927410125732, 3.1415927410125732, 3.1415927410125732, 3.1415927410125732, 3.1415927410125732, 3.1415927410125732, 3.1415927410125732, 3.1415927410125732, 3.1415927410125732, 3.1415927410125732, 3.1415927410125732, 3.1415927410125732, 3.1415927410125732, 3.1415927410125732, 3.1415927410125732, 3.1415927410125732, 3.1415927410125732, 3.1415927410125732, 3.1415927410125732, 3.1415927410125732, 3.1415927410125732, 3.1415927410125732, 3.1415927410125732, 3.1415927410125732, 3.1415927410125732, 3.1415927410125732, 3.1415927410125732, 3.1415927410125732, 3.1415927410125732, 3.1415927410125732, 3.1415927410125732, 3.1415927410125732, 3.1415927410125732, 3.1415927410125732, 3.1415927410125732, 3.1415927410125732, 3.1415927410125732, 3.1415927410125732, 3.1415927410125732, 3.1415927410125732, 3.1415927410125732, 3.1415927410125732, 3.1415927410125732, 3.1415927410125732, 3.1415927410125732, 3.1415927410125732, 3.1415927410125732, 3.1415927410125732, 3.1415927410125732, 3.1415927410125732, 3.1415927410125732, 3.1415927410125732, 3.1415927410125732, 3.1415927410125732, 3.1415927410125732, 3.1415927410125732, 3.1415927410125732, 3.1415927410125732, 3.1415927410125732, 3.1415927410125732, 3.1415927410125732, 3.1415927410125732, 3.1415927410125732, 3.1415927410125732, 3.1415927410125732, 3.1415927410125732, 3.1415927410125732, 3.1415927410125732, 3.1415927410125732, 3.1415927410125732, 3.1415927410125732, 3.1415927410125732, 3.1415927410125732, 3.1415927410125732, 3.1415927410125732, 3.1415927410125732, 3.1415927410125732, 3.1415927410125732, 3.1415927410125732, 3.1415927410125732, 3.1415927410125732, 3.1415927410125732, 3.1415927410125732, 3.1415927410125732, 3.1415927410125732, 3.1415927410125732, 3.1415927410125732, 3.1415927410125732, 3.1415927410125732, 3.1415927410125732, 3.1415927410125732, 3.1415927410125732, 3.1415927410125732, 3.1415927410125732, 3.1415927410125732, 3.1415927410125732, 3.1415927410125732, 3.1415927410125732, 3.1415927410125732, 3.1415927410125732, 3.1415927410125732, 3.1415927410125732, 3.1415927410125732, 3.1415927410125732, 3.1415927410125732, 3.1415927410125732, 3.1415927410125732, 3.1415927410125732, 3.1415927410125732, 3.1415927410125732, 3.1415927410125732, 3.1415927410125732, 3.1415927410125732, 3.1415927410125732, 3.1415927410125732, 3.1415927410125732, 3.1415927410125732, 3.1415927410125732, 3.1415927410125732, 3.1415927410125732, 3.1415927410125732, 3.1415927410125732, 3.1415927410125732, 3.1415927410125732, 3.1415927410125732, 0.0, 0.0, 0.0, 0.0, 0.0, 0.0, 0.0, 0.0, 0.0, 0.0, 0.0, 0.0, 0.0, 0.0, 0.0, 0.0, 3.1415927410125732, 3.1415927410125732, 3.1415927410125732, 3.1415927410125732, 3.1415927410125732, 3.1415927410125732, 3.1415927410125732, 3.1415927410125732, 3.1415927410125732, 3.1415927410125732, 3.1415927410125732, 3.1415927410125732, 3.1415927410125732, 3.1415927410125732, 3.1415927410125732, 3.1415927410125732, 0.0, 0.0, 0.0, 0.0, 0.0, 0.0, 0.0, 0.0, 0.0, 0.0, 0.0, 0.0, 0.0, 0.0, 0.0, 0.0, 3.1415927410125732, 3.1415927410125732, 3.1415927410125732, 3.1415927410125732, 3.1415927410125732, 3.1415927410125732, 3.1415927410125732, 3.1415927410125732, 3.1415927410125732, 3.1415927410125732, 3.1415927410125732, 3.1415927410125732, 3.1415927410125732, 3.1415927410125732, 3.1415927410125732, 3.1415927410125732, 0.0, 0.0, 0.0, 0.0, 0.0, 0.0, 0.0, 0.0, 0.0, 0.0, 0.0, 0.0, 0.0, 0.0, 0.0, 0.0, 3.1415927410125732, 3.1415927410125732, 3.1415927410125732, 3.1415927410125732, 3.1415927410125732, 3.1415927410125732, 3.1415927410125732, 3.1415927410125732, 3.1415927410125732, 3.1415927410125732, 3.1415927410125732, 3.1415927410125732, 3.1415927410125732, 3.1415927410125732, 3.1415927410125732, 3.1415927410125732, 0.0, 0.0, 0.0, 0.0, 0.0, 0.0, 0.0, 0.0, 0.0, 0.0, 0.0, 0.0, 0.0, 0.0, 0.0, 0.0, 3.1415927410125732, 3.1415927410125732, 3.1415927410125732, 3.1415927410125732, 3.1415927410125732, 3.1415927410125732, 3.1415927410125732, 3.1415927410125732, 3.1415927410125732, 3.1415927410125732, 3.1415927410125732, 3.1415927410125732, 3.1415927410125732, 3.1415927410125732, 3.1415927410125732, 3.1415927410125732, 0.0, 0.0, 0.0, 0.0, 0.0, 0.0, 0.0, 0.0, 0.0, 0.0, 0.0, 0.0, 0.0, 0.0, 0.0, 0.0, 3.1415927410125732, 3.1415927410125732, 3.1415927410125732, 3.1415927410125732, 3.1415927410125732, 3.1415927410125732, 3.1415927410125732, 3.1415927410125732, 3.1415927410125732, 3.1415927410125732, 3.1415927410125732, 3.1415927410125732, 3.1415927410125732, 3.1415927410125732, 3.1415927410125732, 3.1415927410125732, 0.0, 0.0, 0.0, 0.0, 0.0, 0.0, 0.0, 0.0, 0.0, 0.0, 0.0, 0.0, 0.0, 0.0, 0.0, 0.0, 3.1415927410125732, 3.1415927410125732, 3.1415927410125732, 3.1415927410125732, 3.1415927410125732, 3.1415927410125732, 3.1415927410125732, 3.1415927410125732, 3.1415927410125732, 3.1415927410125732, 3.1415927410125732, 3.1415927410125732, 3.1415927410125732, 3.1415927410125732, 3.1415927410125732, 3.1415927410125732, 0.0, 0.0, 0.0, 0.0, 0.0, 0.0, 0.0, 0.0, 0.0, 0.0, 0.0, 0.0, 0.0, 0.0, 0.0, 0.0, 3.1415927410125732, 3.1415927410125732, 3.1415927410125732, 3.1415927410125732, 3.1415927410125732, 3.1415927410125732, 3.1415927410125732, 3.1415927410125732, 3.1415927410125732, 3.1415927410125732, 3.1415927410125732, 3.1415927410125732, 3.1415927410125732, 3.1415927410125732, 3.1415927410125732, 3.1415927410125732, 0.0, 0.0, 0.0, 0.0, 0.0, 0.0, 0.0, 0.0, 0.0, 0.0, 0.0, 0.0, 0.0, 0.0, 0.0, 0.0, 3.1415927410125732, 3.1415927410125732, 3.1415927410125732, 3.1415927410125732, 3.1415927410125732, 3.1415927410125732, 3.1415927410125732, 3.1415927410125732, 3.1415927410125732, 3.1415927410125732, 3.1415927410125732, 3.1415927410125732, 3.1415927410125732, 3.1415927410125732, 3.1415927410125732, 3.1415927410125732, 0.0, 0.0, 0.0, 0.0, 0.0, 0.0, 0.0, 0.0, 0.0, 0.0, 0.0, 0.0, 0.0, 0.0, 0.0, 0.0, 0.0, 0.0, 0.0, 0.0, 0.0, 0.0, 0.0, 0.0, 0.0, 0.0, 0.0, 0.0, 0.0, 0.0, 0.0, 0.0, 0.0, 0.0, 0.0, 0.0, 0.0, 0.0, 0.0, 0.0, 0.0, 0.0, 0.0, 0.0, 0.0, 0.0, 0.0, 0.0, 0.0, 0.0, 0.0, 0.0, 0.0, 0.0, 0.0, 0.0, 0.0, 0.0, 0.0, 0.0, 0.0, 0.0, 0.0, 0.0, 0.0, 0.0, 0.0, 0.0, 0.0, 0.0, 0.0, 0.0, 0.0, 0.0, 0.0, 0.0, 0.0, 0.0, 0.0, 0.0, 0.0, 0.0, 0.0, 0.0, 0.0, 0.0, 0.0, 0.0, 0.0, 0.0, 0.0, 0.0, 0.0, 0.0, 0.0, 0.0, 0.0, 0.0, 0.0, 0.0, 0.0, 0.0, 0.0, 0.0, 0.0, 0.0, 0.0, 0.0, 0.0, 0.0, 0.0, 0.0, 0.0, 0.0, 0.0, 0.0, 0.0, 0.0, 0.0, 0.0, 0.0, 0.0, 0.0, 0.0, 0.0, 0.0, 0.0, 0.0, 0.0, 0.0, 0.0, 0.0, 0.0, 0.0, 0.0, 0.0, 0.0, 0.0, 0.0, 0.0, 0.0, 0.0, 0.0, 0.0, 0.0, 0.0, 0.0, 0.0, 0.0, 0.0, 0.0, 0.0, 0.0, 0.0, 0.0, 0.0, 0.0, 0.0, 0.0, 0.0, 0.0, 0.0, 0.0, 0.0, 0.0, 0.0, 0.0, 0.0, 0.0, 0.0, 0.0, 0.0, 0.0, 0.0, 0.0, 0.0, 0.0, 0.0, 0.0, 0.0, 0.0, 0.0, 0.0, 0.0, 0.0, 0.0, 0.0, 0.0, 0.0, 0.0, 0.0, 0.0, 0.0, 0.0, 0.0, 0.0, 0.0, 0.0, 0.0, 0.0, 0.0, 0.0, 0.0, 0.0, 0.0, 0.0, 0.0, 0.0, 0.0, 0.0, 0.0, 0.0, 0.0, 0.0, 0.0, 0.0, 0.0, 0.0, 0.0, 0.0, 0.0, 0.0, 0.0, 0.0, 0.0, 0.0, 0.0, 0.0, 0.0, 0.0, 0.0, 0.0, 0.0, 0.0, 0.0, 0.0, 0.0, 0.0, 0.0, 0.0, 0.0, 0.0, 0.0, 0.0, 0.0, 0.0, 0.0, 0.0, 0.0, 0.0, 0.0, 0.0, 0.0, 0.0, 0.0, 0.0, 0.0, 0.0, 0.0, 0.0, 0.0, 0.0, 0.0, 0.0, 3.1415927410125732, 3.1415927410125732, 3.1415927410125732, 3.1415927410125732, 3.1415927410125732, 3.1415927410125732, 3.1415927410125732, 3.1415927410125732, 0.0, 0.0, 0.0, 0.0, 0.0, 0.0, 0.0, 0.0, 0.0, 0.0, 0.0, 0.0, 0.0, 0.0, 0.0, 0.0, 0.0, 0.0, 0.0, 0.0, 0.0, 0.0, 0.0, 0.0, 3.1415927410125732, 3.1415927410125732, 3.1415927410125732, 3.1415927410125732, 3.1415927410125732, 3.1415927410125732, 3.1415927410125732, 3.1415927410125732, 0.0, 0.0, 0.0, 0.0, 0.0, 0.0, 0.0, 0.0, 0.0, 0.0, 0.0, 0.0, 0.0, 0.0, 0.0, 0.0, 0.0, 0.0, 0.0, 0.0, 0.0, 0.0, 0.0, 0.0, 3.1415927410125732, 3.1415927410125732, 3.1415927410125732, 3.1415927410125732, 3.1415927410125732, 3.1415927410125732, 3.1415927410125732, 3.1415927410125732, 0.0, 0.0, 0.0, 0.0, 0.0, 0.0, 0.0, 0.0, 0.0, 0.0, 0.0, 0.0, 0.0, 0.0, 0.0, 0.0, 0.0, 0.0, 0.0, 0.0, 0.0, 0.0, 0.0, 0.0, 3.1415927410125732, 3.1415927410125732, 3.1415927410125732, 3.1415927410125732, 3.1415927410125732, 3.1415927410125732, 3.1415927410125732, 3.1415927410125732, 0.0, 0.0, 0.0, 0.0, 0.0, 0.0, 0.0, 0.0, 0.0, 0.0, 0.0, 0.0, 0.0, 0.0, 0.0, 0.0, 0.0, 0.0, 0.0, 0.0, 0.0, 0.0, 0.0, 0.0, 3.1415927410125732, 3.1415927410125732, 3.1415927410125732, 3.1415927410125732, 3.1415927410125732, 3.1415927410125732, 3.1415927410125732, 3.1415927410125732, 0.0, 0.0, 0.0, 0.0, 0.0, 0.0, 0.0, 0.0, 0.0, 0.0, 0.0, 0.0, 0.0, 0.0, 0.0, 0.0, 0.0, 0.0, 0.0, 0.0, 0.0, 0.0, 0.0, 0.0, 3.1415927410125732, 3.1415927410125732, 3.1415927410125732, 3.1415927410125732, 3.1415927410125732, 3.1415927410125732, 3.1415927410125732, 3.1415927410125732, 0.0, 0.0, 0.0, 0.0, 0.0, 0.0, 0.0, 0.0, 0.0, 0.0, 0.0, 0.0, 0.0, 0.0, 0.0, 0.0, 0.0, 0.0, 0.0, 0.0, 0.0, 0.0, 0.0, 0.0, 3.1415927410125732, 3.1415927410125732, 3.1415927410125732, 3.1415927410125732, 3.1415927410125732, 3.1415927410125732, 3.1415927410125732, 3.1415927410125732, 0.0, 0.0, 0.0, 0.0, 0.0, 0.0, 0.0, 0.0, 0.0, 0.0, 0.0, 0.0, 0.0, 0.0, 0.0, 0.0, 0.0, 0.0, 0.0, 0.0, 0.0, 0.0, 0.0, 0.0, 3.1415927410125732, 3.1415927410125732, 3.1415927410125732, 3.1415927410125732, 3.1415927410125732, 3.1415927410125732, 3.1415927410125732, 3.1415927410125732, 0.0, 0.0, 0.0, 0.0, 0.0, 0.0, 0.0, 0.0, 0.0, 0.0, 0.0, 0.0, 0.0, 0.0, 0.0, 0.0]"
0.6088365,0.15223686,0.15219523,0.15220979,0.15219462,0.15220913,-9.53539467,-9.53664207,-9.53620815,-9.53666496,"[3.1415927410125732, 3.1415927410125732, 3.1415927410125732, 3.1415927410125732, 3.1415927410125732, 3.1415927410125732, 3.1415927410125732, 3.1415927410125732, 3.1415927410125732, 3.1415927410125732, 3.1415927410125732, 3.1415927410125732, 3.1415927410125732, 3.1415927410125732, 3.1415927410125732, 3.1415927410125732, 3.1415927410125732, 3.1415927410125732, 3.1415927410125732, 3.1415927410125732, 3.1415927410125732, 3.1415927410125732, 3.1415927410125732, 3.1415927410125732, 3.1415927410125732, 3.1415927410125732, 3.1415927410125732, 3.1415927410125732, 3.1415927410125732, 3.1415927410125732, 3.1415927410125732, 3.1415927410125732, 3.1415927410125732, 3.1415927410125732, 3.1415927410125732, 3.1415927410125732, 3.1415927410125732, 3.1415927410125732, 3.1415927410125732, 3.1415927410125732, 3.1415927410125732, 3.1415927410125732, 3.1415927410125732, 3.1415927410125732, 3.1415927410125732, 3.1415927410125732, 3.1415927410125732, 3.1415927410125732, 3.1415927410125732, 3.1415927410125732, 3.1415927410125732, 3.1415927410125732, 3.1415927410125732, 3.1415927410125732, 3.1415927410125732, 3.1415927410125732, 3.1415927410125732, 3.1415927410125732, 3.1415927410125732, 3.1415927410125732, 3.1415927410125732, 3.1415927410125732, 3.1415927410125732, 3.1415927410125732, 3.1415927410125732, 3.1415927410125732, 3.1415927410125732, 3.1415927410125732, 3.1415927410125732, 3.1415927410125732, 3.1415927410125732, 3.1415927410125732, 3.1415927410125732, 3.1415927410125732, 3.1415927410125732, 3.1415927410125732, 3.1415927410125732, 3.1415927410125732, 3.1415927410125732, 3.1415927410125732, 3.1415927410125732, 3.1415927410125732, 3.1415927410125732, 3.1415927410125732, 3.1415927410125732, 3.1415927410125732, 3.1415927410125732, 3.1415927410125732, 3.1415927410125732, 3.1415927410125732, 3.1415927410125732, 3.1415927410125732, 3.1415927410125732, 3.1415927410125732, 3.1415927410125732, 3.1415927410125732, 3.1415927410125732, 3.1415927410125732, 3.1415927410125732, 3.1415927410125732, 3.1415927410125732, 3.1415927410125732, 3.1415927410125732, 3.1415927410125732, 3.1415927410125732, 3.1415927410125732, 3.1415927410125732, 3.1415927410125732, 3.1415927410125732, 3.1415927410125732, 3.1415927410125732, 3.1415927410125732, 3.1415927410125732, 3.1415927410125732, 3.1415927410125732, 3.1415927410125732, 3.1415927410125732, 3.1415927410125732, 3.1415927410125732, 3.1415927410125732, 3.1415927410125732, 3.1415927410125732, 3.1415927410125732, 3.1415927410125732, 3.1415927410125732, 3.1415927410125732, 3.1415927410125732, 3.1415927410125732, 3.1415927410125732, 3.1415927410125732, 3.1415927410125732, 3.1415927410125732, 3.1415927410125732, 3.1415927410125732, 3.1415927410125732, 3.1415927410125732, 3.1415927410125732, 3.1415927410125732, 3.1415927410125732, 3.1415927410125732, 3.1415927410125732, 3.1415927410125732, 3.1415927410125732, 3.1415927410125732, 3.1415927410125732, 3.1415927410125732, 3.1415927410125732, 3.1415927410125732, 3.1415927410125732, 3.1415927410125732, 3.1415927410125732, 3.1415927410125732, 3.1415927410125732, 3.1415927410125732, 3.1415927410125732, 3.1415927410125732, 3.1415927410125732, 3.1415927410125732, 3.1415927410125732, 3.1415927410125732, 3.1415927410125732, 3.1415927410125732, 3.1415927410125732, 3.1415927410125732, 3.1415927410125732, 3.1415927410125732, 3.1415927410125732, 3.1415927410125732, 3.1415927410125732, 3.1415927410125732, 3.1415927410125732, 3.1415927410125732, 3.1415927410125732, 3.1415927410125732, 3.1415927410125732, 3.1415927410125732, 3.1415927410125732, 3.1415927410125732, 3.1415927410125732, 3.1415927410125732, 3.1415927410125732, 3.1415927410125732, 3.1415927410125732, 3.1415927410125732, 3.1415927410125732, 3.1415927410125732, 3.1415927410125732, 3.1415927410125732, 3.1415927410125732, 3.1415927410125732, 3.1415927410125732, 3.1415927410125732, 3.1415927410125732, 3.1415927410125732, 3.1415927410125732, 3.1415927410125732, 3.1415927410125732, 3.1415927410125732, 3.1415927410125732, 3.1415927410125732, 3.1415927410125732, 3.1415927410125732, 3.1415927410125732, 3.1415927410125732, 3.1415927410125732, 3.1415927410125732, 3.1415927410125732, 3.1415927410125732, 3.1415927410125732, 3.1415927410125732, 3.1415927410125732, 3.1415927410125732, 3.1415927410125732, 3.1415927410125732, 3.1415927410125732, 3.1415927410125732, 3.1415927410125732, 3.1415927410125732, 3.1415927410125732, 3.1415927410125732, 3.1415927410125732, 3.1415927410125732, 3.1415927410125732, 3.1415927410125732, 3.1415927410125732, 3.1415927410125732, 3.1415927410125732, 3.1415927410125732, 3.1415927410125732, 3.1415927410125732, 3.1415927410125732, 3.1415927410125732, 3.1415927410125732, 3.1415927410125732, 3.1415927410125732, 3.1415927410125732, 3.1415927410125732, 3.1415927410125732, 3.1415927410125732, 3.1415927410125732, 3.1415927410125732, 3.1415927410125732, 3.1415927410125732, 3.1415927410125732, 3.1415927410125732, 3.1415927410125732, 3.1415927410125732, 3.1415927410125732, 3.1415927410125732, 3.1415927410125732, 3.1415927410125732, 3.1415927410125732, 3.1415927410125732, 3.1415927410125732, 3.1415927410125732, 3.1415927410125732, 0.0, 0.0, 0.0, 0.0, 0.0, 0.0, 0.0, 0.0, 0.0, 0.0, 0.0, 0.0, 0.0, 0.0, 0.0, 0.0, 3.1415927410125732, 3.1415927410125732, 3.1415927410125732, 3.1415927410125732, 3.1415927410125732, 3.1415927410125732, 3.1415927410125732, 3.1415927410125732, 3.1415927410125732, 3.1415927410125732, 3.1415927410125732, 3.1415927410125732, 3.1415927410125732, 3.1415927410125732, 3.1415927410125732, 3.1415927410125732, 0.0, 0.0, 0.0, 0.0, 0.0, 0.0, 0.0, 0.0, 0.0, 0.0, 0.0, 0.0, 0.0, 0.0, 0.0, 0.0, 3.1415927410125732, 3.1415927410125732, 3.1415927410125732, 3.1415927410125732, 3.1415927410125732, 3.1415927410125732, 3.1415927410125732, 3.1415927410125732, 3.1415927410125732, 3.1415927410125732, 3.1415927410125732, 3.1415927410125732, 3.1415927410125732, 3.1415927410125732, 3.1415927410125732, 3.1415927410125732, 0.0, 0.0, 0.0, 0.0, 0.0, 0.0, 0.0, 0.0, 0.0, 0.0, 0.0, 0.0, 0.0, 0.0, 0.0, 0.0, 3.1415927410125732, 3.1415927410125732, 3.1415927410125732, 3.1415927410125732, 3.1415927410125732, 3.1415927410125732, 3.1415927410125732, 3.1415927410125732, 3.1415927410125732, 3.1415927410125732, 3.1415927410125732, 3.1415927410125732, 3.1415927410125732, 3.1415927410125732, 3.1415927410125732, 3.1415927410125732, 0.0, 0.0, 0.0, 0.0, 0.0, 0.0, 0.0, 0.0, 0.0, 0.0, 0.0, 0.0, 0.0, 0.0, 0.0, 0.0, 3.1415927410125732, 3.1415927410125732, 3.1415927410125732, 3.1415927410125732, 3.1415927410125732, 3.1415927410125732, 3.1415927410125732, 3.1415927410125732, 3.1415927410125732, 3.1415927410125732, 3.1415927410125732, 3.1415927410125732, 3.1415927410125732, 3.1415927410125732, 3.1415927410125732, 3.1415927410125732, 0.0, 0.0, 0.0, 0.0, 0.0, 0.0, 0.0, 0.0, 0.0, 0.0, 0.0, 0.0, 0.0, 0.0, 0.0, 0.0, 3.1415927410125732, 3.1415927410125732, 3.1415927410125732, 3.1415927410125732, 3.1415927410125732, 3.1415927410125732, 3.1415927410125732, 3.1415927410125732, 3.1415927410125732, 3.1415927410125732, 3.1415927410125732, 3.1415927410125732, 3.1415927410125732, 3.1415927410125732, 3.1415927410125732, 3.1415927410125732, 0.0, 0.0, 0.0, 0.0, 0.0, 0.0, 0.0, 0.0, 0.0, 0.0, 0.0, 0.0, 0.0, 0.0, 0.0, 0.0, 3.1415927410125732, 3.1415927410125732, 3.1415927410125732, 3.1415927410125732, 3.1415927410125732, 3.1415927410125732, 3.1415927410125732, 3.1415927410125732, 3.1415927410125732, 3.1415927410125732, 3.1415927410125732, 3.1415927410125732, 3.1415927410125732, 3.1415927410125732, 3.1415927410125732, 3.1415927410125732, 0.0, 0.0, 0.0, 0.0, 0.0, 0.0, 0.0, 0.0, 0.0, 0.0, 0.0, 0.0, 0.0, 0.0, 0.0, 0.0, 3.1415927410125732, 3.1415927410125732, 3.1415927410125732, 3.1415927410125732, 3.1415927410125732, 3.1415927410125732, 3.1415927410125732, 3.1415927410125732, 3.1415927410125732, 3.1415927410125732, 3.1415927410125732, 3.1415927410125732, 3.1415927410125732, 3.1415927410125732, 3.1415927410125732, 3.1415927410125732, 0.0, 0.0, 0.0, 0.0, 0.0, 0.0, 0.0, 0.0, 0.0, 0.0, 0.0, 0.0, 0.0, 0.0, 0.0, 0.0, 3.1415927410125732, 3.1415927410125732, 3.1415927410125732, 3.1415927410125732, 3.1415927410125732, 3.1415927410125732, 3.1415927410125732, 3.1415927410125732, 3.1415927410125732, 3.1415927410125732, 3.1415927410125732, 3.1415927410125732, 3.1415927410125732, 3.1415927410125732, 3.1415927410125732, 3.1415927410125732, 0.0, 0.0, 0.0, 0.0, 0.0, 0.0, 0.0, 0.0, 0.0, 0.0, 0.0, 0.0, 0.0, 0.0, 0.0, 0.0, 0.0, 0.0, 0.0, 0.0, 0.0, 0.0, 0.0, 0.0, 0.0, 0.0, 0.0, 0.0, 0.0, 0.0, 0.0, 0.0, 0.0, 0.0, 0.0, 0.0, 0.0, 0.0, 0.0, 0.0, 0.0, 0.0, 0.0, 0.0, 0.0, 0.0, 0.0, 0.0, 0.0, 0.0, 0.0, 0.0, 0.0, 0.0, 0.0, 0.0, 0.0, 0.0, 0.0, 0.0, 0.0, 0.0, 0.0, 0.0, 0.0, 0.0, 0.0, 0.0, 0.0, 0.0, 0.0, 0.0, 0.0, 0.0, 0.0, 0.0, 0.0, 0.0, 0.0, 0.0, 0.0, 0.0, 0.0, 0.0, 0.0, 0.0, 0.0, 0.0, 0.0, 0.0, 0.0, 0.0, 0.0, 0.0, 0.0, 0.0, 0.0, 0.0, 0.0, 0.0, 0.0, 0.0, 0.0, 0.0, 0.0, 0.0, 0.0, 0.0, 0.0, 0.0, 0.0, 0.0, 0.0, 0.0, 0.0, 0.0, 0.0, 0.0, 0.0, 0.0, 0.0, 0.0, 0.0, 0.0, 0.0, 0.0, 0.0, 0.0, 0.0, 0.0, 0.0, 0.0, 0.0, 0.0, 0.0, 0.0, 0.0, 0.0, 0.0, 0.0, 0.0, 0.0, 0.0, 0.0, 0.0, 0.0, 0.0, 0.0, 0.0, 0.0, 0.0, 0.0, 0.0, 0.0, 0.0, 0.0, 0.0, 0.0, 0.0, 0.0, 0.0, 0.0, 0.0, 0.0, 0.0, 0.0, 0.0, 0.0, 0.0, 0.0, 0.0, 0.0, 0.0, 0.0, 0.0, 0.0, 0.0, 0.0, 0.0, 0.0, 0.0, 0.0, 0.0, 0.0, 0.0, 0.0, 0.0, 0.0, 0.0, 0.0, 0.0, 0.0, 0.0, 0.0, 0.0, 0.0, 0.0, 0.0, 0.0, 0.0, 0.0, 0.0, 0.0, 0.0, 0.0, 0.0, 0.0, 0.0, 0.0, 0.0, 0.0, 0.0, 0.0, 0.0, 0.0, 0.0, 0.0, 0.0, 0.0, 0.0, 0.0, 0.0, 0.0, 0.0, 0.0, 0.0, 0.0, 0.0, 0.0, 0.0, 0.0, 0.0, 0.0, 0.0, 0.0, 0.0, 0.0, 0.0, 0.0, 0.0, 0.0, 0.0, 0.0, 0.0, 0.0, 0.0, 0.0, 0.0, 0.0, 0.0, 0.0, 0.0, 0.0, 0.0, 0.0, 0.0, 0.0, 0.0, 0.0, 0.0, 0.0, 0.0, 0.0, 0.0, 3.1415927410125732, 3.1415927410125732, 3.1415927410125732, 3.1415927410125732, 3.1415927410125732, 3.1415927410125732, 3.1415927410125732, 3.1415927410125732, 0.0, 0.0, 0.0, 0.0, 0.0, 0.0, 0.0, 0.0, 0.0, 0.0, 0.0, 0.0, 0.0, 0.0, 0.0, 0.0, 0.0, 0.0, 0.0, 0.0, 0.0, 0.0, 0.0, 0.0, 3.1415927410125732, 3.1415927410125732, 3.1415927410125732, 3.1415927410125732, 3.1415927410125732, 3.1415927410125732, 3.1415927410125732, 3.1415927410125732, 0.0, 0.0, 0.0, 0.0, 0.0, 0.0, 0.0, 0.0, 0.0, 0.0, 0.0, 0.0, 0.0, 0.0, 0.0, 0.0, 0.0, 0.0, 0.0, 0.0, 0.0, 0.0, 0.0, 0.0, 3.1415927410125732, 3.1415927410125732, 3.1415927410125732, 3.1415927410125732, 3.1415927410125732, 3.1415927410125732, 3.1415927410125732, 3.1415927410125732, 0.0, 0.0, 0.0, 0.0, 0.0, 0.0, 0.0, 0.0, 0.0, 0.0, 0.0, 0.0, 0.0, 0.0, 0.0, 0.0, 0.0, 0.0, 0.0, 0.0, 0.0, 0.0, 0.0, 0.0, 3.1415927410125732, 3.1415927410125732, 3.1415927410125732, 3.1415927410125732, 3.1415927410125732, 3.1415927410125732, 3.1415927410125732, 3.1415927410125732, 0.0, 0.0, 0.0, 0.0, 0.0, 0.0, 0.0, 0.0, 0.0, 0.0, 0.0, 0.0, 0.0, 0.0, 0.0, 0.0, 0.0, 0.0, 0.0, 0.0, 0.0, 0.0, 0.0, 0.0, 3.1415927410125732, 3.1415927410125732, 3.1415927410125732, 3.1415927410125732, 3.1415927410125732, 3.1415927410125732, 3.1415927410125732, 3.1415927410125732, 0.0, 0.0, 0.0, 0.0, 0.0, 0.0, 0.0, 0.0, 0.0, 0.0, 0.0, 0.0, 0.0, 0.0, 0.0, 0.0, 0.0, 0.0, 0.0, 0.0, 0.0, 0.0, 0.0, 0.0, 3.1415927410125732, 3.1415927410125732, 3.1415927410125732, 3.1415927410125732, 3.1415927410125732, 3.1415927410125732, 3.1415927410125732, 3.1415927410125732, 0.0, 0.0, 0.0, 0.0, 0.0, 0.0, 0.0, 0.0, 0.0, 0.0, 0.0, 0.0, 0.0, 0.0, 0.0, 0.0, 0.0, 0.0, 0.0, 0.0, 0.0, 0.0, 0.0, 0.0, 3.1415927410125732, 3.1415927410125732, 3.1415927410125732, 3.1415927410125732, 3.1415927410125732, 3.1415927410125732, 3.1415927410125732, 3.1415927410125732, 0.0, 0.0, 0.0, 0.0, 0.0, 0.0, 0.0, 0.0, 0.0, 0.0, 0.0, 0.0, 0.0, 0.0, 0.0, 0.0, 0.0, 0.0, 0.0, 0.0, 0.0, 0.0, 0.0, 0.0, 3.1415927410125732, 3.1415927410125732, 3.1415927410125732, 3.1415927410125732, 3.1415927410125732, 3.1415927410125732, 3.1415927410125732, 3.1415927410125732, 0.0, 0.0, 0.0, 0.0, 0.0, 0.0, 0.0, 0.0, 0.0, 0.0, 0.0, 0.0, 0.0, 0.0, 0.0, 0.0]"
0.6088365,0.15223686,0.15219523,0.15220979,0.15219462,0.15220913,-9.53539467,-9.53664207,-9.53620815,-9.53666496,"[3.1415927410125732, 3.1415927410125732, 3.1415927410125732, 3.1415927410125732, 3.1415927410125732, 3.1415927410125732, 3.1415927410125732, 3.1415927410125732, 3.1415927410125732, 3.1415927410125732, 3.1415927410125732, 3.1415927410125732, 3.1415927410125732, 3.1415927410125732, 3.1415927410125732, 3.1415927410125732, 3.1415927410125732, 3.1415927410125732, 3.1415927410125732, 3.1415927410125732, 3.1415927410125732, 3.1415927410125732, 3.1415927410125732, 3.1415927410125732, 3.1415927410125732, 3.1415927410125732, 3.1415927410125732, 3.1415927410125732, 3.1415927410125732, 3.1415927410125732, 3.1415927410125732, 3.1415927410125732, 3.1415927410125732, 3.1415927410125732, 3.1415927410125732, 3.1415927410125732, 3.1415927410125732, 3.1415927410125732, 3.1415927410125732, 3.1415927410125732, 3.1415927410125732, 3.1415927410125732, 3.1415927410125732, 3.1415927410125732, 3.1415927410125732, 3.1415927410125732, 3.1415927410125732, 3.1415927410125732, 3.1415927410125732, 3.1415927410125732, 3.1415927410125732, 3.1415927410125732, 3.1415927410125732, 3.1415927410125732, 3.1415927410125732, 3.1415927410125732, 3.1415927410125732, 3.1415927410125732, 3.1415927410125732, 3.1415927410125732, 3.1415927410125732, 3.1415927410125732, 3.1415927410125732, 3.1415927410125732, 3.1415927410125732, 3.1415927410125732, 3.1415927410125732, 3.1415927410125732, 3.1415927410125732, 3.1415927410125732, 3.1415927410125732, 3.1415927410125732, 3.1415927410125732, 3.1415927410125732, 3.1415927410125732, 3.1415927410125732, 3.1415927410125732, 3.1415927410125732, 3.1415927410125732, 3.1415927410125732, 3.1415927410125732, 3.1415927410125732, 3.1415927410125732, 3.1415927410125732, 3.1415927410125732, 3.1415927410125732, 3.1415927410125732, 3.1415927410125732, 3.1415927410125732, 3.1415927410125732, 3.1415927410125732, 3.1415927410125732, 3.1415927410125732, 3.1415927410125732, 3.1415927410125732, 3.1415927410125732, 3.1415927410125732, 3.1415927410125732, 3.1415927410125732, 3.1415927410125732, 3.1415927410125732, 3.1415927410125732, 3.1415927410125732, 3.1415927410125732, 3.1415927410125732, 3.1415927410125732, 3.1415927410125732, 3.1415927410125732, 3.1415927410125732, 3.1415927410125732, 3.1415927410125732, 3.1415927410125732, 3.1415927410125732, 3.1415927410125732, 3.1415927410125732, 3.1415927410125732, 3.1415927410125732, 3.1415927410125732, 3.1415927410125732, 3.1415927410125732, 3.1415927410125732, 3.1415927410125732, 3.1415927410125732, 3.1415927410125732, 3.1415927410125732, 3.1415927410125732, 3.1415927410125732, 3.1415927410125732, 3.1415927410125732, 3.1415927410125732, 3.1415927410125732, 3.1415927410125732, 3.1415927410125732, 3.1415927410125732, 3.1415927410125732, 3.1415927410125732, 3.1415927410125732, 3.1415927410125732, 3.1415927410125732, 3.1415927410125732, 3.1415927410125732, 3.1415927410125732, 3.1415927410125732, 3.1415927410125732, 3.1415927410125732, 3.1415927410125732, 3.1415927410125732, 3.1415927410125732, 3.1415927410125732, 3.1415927410125732, 3.1415927410125732, 3.1415927410125732, 3.1415927410125732, 3.1415927410125732, 3.1415927410125732, 3.1415927410125732, 3.1415927410125732, 3.1415927410125732, 3.1415927410125732, 3.1415927410125732, 3.1415927410125732, 3.1415927410125732, 3.1415927410125732, 3.1415927410125732, 3.1415927410125732, 3.1415927410125732, 3.1415927410125732, 3.1415927410125732, 3.1415927410125732, 3.1415927410125732, 3.1415927410125732, 3.1415927410125732, 3.1415927410125732, 3.1415927410125732, 3.1415927410125732, 3.1415927410125732, 3.1415927410125732, 3.1415927410125732, 3.1415927410125732, 3.1415927410125732, 3.1415927410125732, 3.1415927410125732, 3.1415927410125732, 3.1415927410125732, 3.1415927410125732, 3.1415927410125732, 3.1415927410125732, 3.1415927410125732, 3.1415927410125732, 3.1415927410125732, 3.1415927410125732, 3.1415927410125732, 3.1415927410125732, 3.1415927410125732, 3.1415927410125732, 3.1415927410125732, 3.1415927410125732, 3.1415927410125732, 3.1415927410125732, 3.1415927410125732, 3.1415927410125732, 3.1415927410125732, 3.1415927410125732, 3.1415927410125732, 3.1415927410125732, 3.1415927410125732, 3.1415927410125732, 3.1415927410125732, 3.1415927410125732, 3.1415927410125732, 3.1415927410125732, 3.1415927410125732, 3.1415927410125732, 3.1415927410125732, 3.1415927410125732, 3.1415927410125732, 3.1415927410125732, 3.1415927410125732, 3.1415927410125732, 3.1415927410125732, 3.1415927410125732, 3.1415927410125732, 3.1415927410125732, 3.1415927410125732, 3.1415927410125732, 3.1415927410125732, 3.1415927410125732, 3.1415927410125732, 3.1415927410125732, 3.1415927410125732, 3.1415927410125732, 3.1415927410125732, 3.1415927410125732, 3.1415927410125732, 3.1415927410125732, 3.1415927410125732, 3.1415927410125732, 3.1415927410125732, 3.1415927410125732, 3.1415927410125732, 3.1415927410125732, 3.1415927410125732, 3.1415927410125732, 3.1415927410125732, 3.1415927410125732, 3.1415927410125732, 3.1415927410125732, 3.1415927410125732, 3.1415927410125732, 3.1415927410125732, 3.1415927410125732, 3.1415927410125732, 3.1415927410125732, 3.1415927410125732, 3.1415927410125732, 3.1415927410125732, 0.0, 0.0, 0.0, 0.0, 0.0, 0.0, 0.0, 0.0, 0.0, 0.0, 0.0, 0.0, 0.0, 0.0, 0.0, 0.0, 3.1415927410125732, 3.1415927410125732, 3.1415927410125732, 3.1415927410125732, 3.1415927410125732, 3.1415927410125732, 3.1415927410125732, 3.1415927410125732, 3.1415927410125732, 3.1415927410125732, 3.1415927410125732, 3.1415927410125732, 3.1415927410125732, 3.1415927410125732, 3.1415927410125732, 3.1415927410125732, 0.0, 0.0, 0.0, 0.0, 0.0, 0.0, 0.0, 0.0, 0.0, 0.0, 0.0, 0.0, 0.0, 0.0, 0.0, 0.0, 3.1415927410125732, 3.1415927410125732, 3.1415927410125732, 3.1415927410125732, 3.1415927410125732, 3.1415927410125732, 3.1415927410125732, 3.1415927410125732, 3.1415927410125732, 3.1415927410125732, 3.1415927410125732, 3.1415927410125732, 3.1415927410125732, 3.1415927410125732, 3.1415927410125732, 3.1415927410125732, 0.0, 0.0, 0.0, 0.0, 0.0, 0.0, 0.0, 0.0, 0.0, 0.0, 0.0, 0.0, 0.0, 0.0, 0.0, 0.0, 3.1415927410125732, 3.1415927410125732, 3.1415927410125732, 3.1415927410125732, 3.1415927410125732, 3.1415927410125732, 3.1415927410125732, 3.1415927410125732, 3.1415927410125732, 3.1415927410125732, 3.1415927410125732, 3.1415927410125732, 3.1415927410125732, 3.1415927410125732, 3.1415927410125732, 3.1415927410125732, 0.0, 0.0, 0.0, 0.0, 0.0, 0.0, 0.0, 0.0, 0.0, 0.0, 0.0, 0.0, 0.0, 0.0, 0.0, 0.0, 3.1415927410125732, 3.1415927410125732, 3.1415927410125732, 3.1415927410125732, 3.1415927410125732, 3.1415927410125732, 3.1415927410125732, 3.1415927410125732, 3.1415927410125732, 3.1415927410125732, 3.1415927410125732, 3.1415927410125732, 3.1415927410125732, 3.1415927410125732, 3.1415927410125732, 3.1415927410125732, 0.0, 0.0, 0.0, 0.0, 0.0, 0.0, 0.0, 0.0, 0.0, 0.0, 0.0, 0.0, 0.0, 0.0, 0.0, 0.0, 3.1415927410125732, 3.1415927410125732, 3.1415927410125732, 3.1415927410125732, 3.1415927410125732, 3.1415927410125732, 3.1415927410125732, 3.1415927410125732, 3.1415927410125732, 3.1415927410125732, 3.1415927410125732, 3.1415927410125732, 3.1415927410125732, 3.1415927410125732, 3.1415927410125732, 3.1415927410125732, 0.0, 0.0, 0.0, 0.0, 0.0, 0.0, 0.0, 0.0, 0.0, 0.0, 0.0, 0.0, 0.0, 0.0, 0.0, 0.0, 3.1415927410125732, 3.1415927410125732, 3.1415927410125732, 3.1415927410125732, 3.1415927410125732, 3.1415927410125732, 3.1415927410125732, 3.1415927410125732, 3.1415927410125732, 3.1415927410125732, 3.1415927410125732, 3.1415927410125732, 3.1415927410125732, 3.1415927410125732, 3.1415927410125732, 3.1415927410125732, 0.0, 0.0, 0.0, 0.0, 0.0, 0.0, 0.0, 0.0, 0.0, 0.0, 0.0, 0.0, 0.0, 0.0, 0.0, 0.0, 3.1415927410125732, 3.1415927410125732, 3.1415927410125732, 3.1415927410125732, 3.1415927410125732, 3.1415927410125732, 3.1415927410125732, 3.1415927410125732, 3.1415927410125732, 3.1415927410125732, 3.1415927410125732, 3.1415927410125732, 3.1415927410125732, 3.1415927410125732, 3.1415927410125732, 3.1415927410125732, 0.0, 0.0, 0.0, 0.0, 0.0, 0.0, 0.0, 0.0, 0.0, 0.0, 0.0, 0.0, 0.0, 0.0, 0.0, 0.0, 3.1415927410125732, 3.1415927410125732, 3.1415927410125732, 3.1415927410125732, 3.1415927410125732, 3.1415927410125732, 3.1415927410125732, 3.1415927410125732, 3.1415927410125732, 3.1415927410125732, 3.1415927410125732, 3.1415927410125732, 3.1415927410125732, 3.1415927410125732, 3.1415927410125732, 3.1415927410125732, 0.0, 0.0, 0.0, 0.0, 0.0, 0.0, 0.0, 0.0, 0.0, 0.0, 0.0, 0.0, 0.0, 0.0, 0.0, 0.0, 0.0, 0.0, 0.0, 0.0, 0.0, 0.0, 0.0, 0.0, 0.0, 0.0, 0.0, 0.0, 0.0, 0.0, 0.0, 0.0, 0.0, 0.0, 0.0, 0.0, 0.0, 0.0, 0.0, 0.0, 0.0, 0.0, 0.0, 0.0, 0.0, 0.0, 0.0, 0.0, 0.0, 0.0, 0.0, 0.0, 0.0, 0.0, 0.0, 0.0, 0.0, 0.0, 0.0, 0.0, 0.0, 0.0, 0.0, 0.0, 0.0, 0.0, 0.0, 0.0, 0.0, 0.0, 0.0, 0.0, 0.0, 0.0, 0.0, 0.0, 0.0, 0.0, 0.0, 0.0, 0.0, 0.0, 0.0, 0.0, 0.0, 0.0, 0.0, 0.0, 0.0, 0.0, 0.0, 0.0, 0.0, 0.0, 0.0, 0.0, 0.0, 0.0, 0.0, 0.0, 0.0, 0.0, 0.0, 0.0, 0.0, 0.0, 0.0, 0.0, 0.0, 0.0, 0.0, 0.0, 0.0, 0.0, 0.0, 0.0, 0.0, 0.0, 0.0, 0.0, 0.0, 0.0, 0.0, 0.0, 0.0, 0.0, 0.0, 0.0, 0.0, 0.0, 0.0, 0.0, 0.0, 0.0, 0.0, 0.0, 0.0, 0.0, 0.0, 0.0, 0.0, 0.0, 0.0, 0.0, 0.0, 0.0, 0.0, 0.0, 0.0, 0.0, 0.0, 0.0, 0.0, 0.0, 0.0, 0.0, 0.0, 0.0, 0.0, 0.0, 0.0, 0.0, 0.0, 0.0, 0.0, 0.0, 0.0, 0.0, 0.0, 0.0, 0.0, 0.0, 0.0, 0.0, 0.0, 0.0, 0.0, 0.0, 0.0, 0.0, 0.0, 0.0, 0.0, 0.0, 0.0, 0.0, 0.0, 0.0, 0.0, 0.0, 0.0, 0.0, 0.0, 0.0, 0.0, 0.0, 0.0, 0.0, 0.0, 0.0, 0.0, 0.0, 0.0, 0.0, 0.0, 0.0, 0.0, 0.0, 0.0, 0.0, 0.0, 0.0, 0.0, 0.0, 0.0, 0.0, 0.0, 0.0, 0.0, 0.0, 0.0, 0.0, 0.0, 0.0, 0.0, 0.0, 0.0, 0.0, 0.0, 0.0, 0.0, 0.0, 0.0, 0.0, 0.0, 0.0, 0.0, 0.0, 0.0, 0.0, 0.0, 0.0, 0.0, 0.0, 0.0, 0.0, 0.0, 0.0, 0.0, 0.0, 0.0, 0.0, 0.0, 0.0, 0.0, 0.0, 0.0, 0.0, 0.0, 0.0, 0.0, 0.0, 0.0, 0.0, 3.1415927410125732, 3.1415927410125732, 3.1415927410125732, 3.1415927410125732, 3.1415927410125732, 3.1415927410125732, 3.1415927410125732, 3.1415927410125732, 0.0, 0.0, 0.0, 0.0, 0.0, 0.0, 0.0, 0.0, 0.0, 0.0, 0.0, 0.0, 0.0, 0.0, 0.0, 0.0, 0.0, 0.0, 0.0, 0.0, 0.0, 0.0, 0.0, 0.0, 3.1415927410125732, 3.1415927410125732, 3.1415927410125732, 3.1415927410125732, 3.1415927410125732, 3.1415927410125732, 3.1415927410125732, 3.1415927410125732, 0.0, 0.0, 0.0, 0.0, 0.0, 0.0, 0.0, 0.0, 0.0, 0.0, 0.0, 0.0, 0.0, 0.0, 0.0, 0.0, 0.0, 0.0, 0.0, 0.0, 0.0, 0.0, 0.0, 0.0, 3.1415927410125732, 3.1415927410125732, 3.1415927410125732, 3.1415927410125732, 3.1415927410125732, 3.1415927410125732, 3.1415927410125732, 3.1415927410125732, 0.0, 0.0, 0.0, 0.0, 0.0, 0.0, 0.0, 0.0, 0.0, 0.0, 0.0, 0.0, 0.0, 0.0, 0.0, 0.0, 0.0, 0.0, 0.0, 0.0, 0.0, 0.0, 0.0, 0.0, 3.1415927410125732, 3.1415927410125732, 3.1415927410125732, 3.1415927410125732, 3.1415927410125732, 3.1415927410125732, 3.1415927410125732, 3.1415927410125732, 0.0, 0.0, 0.0, 0.0, 0.0, 0.0, 0.0, 0.0, 0.0, 0.0, 0.0, 0.0, 0.0, 0.0, 0.0, 0.0, 0.0, 0.0, 0.0, 0.0, 0.0, 0.0, 0.0, 0.0, 3.1415927410125732, 3.1415927410125732, 3.1415927410125732, 3.1415927410125732, 3.1415927410125732, 3.1415927410125732, 3.1415927410125732, 3.1415927410125732, 0.0, 0.0, 0.0, 0.0, 0.0, 0.0, 0.0, 0.0, 0.0, 0.0, 0.0, 0.0, 0.0, 0.0, 0.0, 0.0, 0.0, 0.0, 0.0, 0.0, 0.0, 0.0, 0.0, 0.0, 3.1415927410125732, 3.1415927410125732, 3.1415927410125732, 3.1415927410125732, 3.1415927410125732, 3.1415927410125732, 3.1415927410125732, 3.1415927410125732, 0.0, 0.0, 0.0, 0.0, 0.0, 0.0, 0.0, 0.0, 0.0, 0.0, 0.0, 0.0, 0.0, 0.0, 0.0, 0.0, 0.0, 0.0, 0.0, 0.0, 0.0, 0.0, 0.0, 0.0, 3.1415927410125732, 3.1415927410125732, 3.1415927410125732, 3.1415927410125732, 3.1415927410125732, 3.1415927410125732, 3.1415927410125732, 3.1415927410125732, 0.0, 0.0, 0.0, 0.0, 0.0, 0.0, 0.0, 0.0, 0.0, 0.0, 0.0, 0.0, 0.0, 0.0, 0.0, 0.0, 0.0, 0.0, 0.0, 0.0, 0.0, 0.0, 0.0, 0.0, 3.1415927410125732, 3.1415927410125732, 3.1415927410125732, 3.1415927410125732, 3.1415927410125732, 3.1415927410125732, 3.1415927410125732, 3.1415927410125732, 0.0, 0.0, 0.0, 0.0, 0.0, 0.0, 0.0, 0.0, 0.0, 0.0, 0.0, 0.0, 0.0, 0.0, 0.0, 0.0]"
0.6088365,0.15223686,0.15219523,0.15220979,0.15219462,0.15220913,-9.53539467,-9.53664207,-9.53620815,-9.53666496,"[3.1415927410125732, 3.1415927410125732, 3.1415927410125732, 3.1415927410125732, 3.1415927410125732, 3.1415927410125732, 3.1415927410125732, 3.1415927410125732, 3.1415927410125732, 3.1415927410125732, 3.1415927410125732, 3.1415927410125732, 3.1415927410125732, 3.1415927410125732, 3.1415927410125732, 3.1415927410125732, 3.1415927410125732, 3.1415927410125732, 3.1415927410125732, 3.1415927410125732, 3.1415927410125732, 3.1415927410125732, 3.1415927410125732, 3.1415927410125732, 3.1415927410125732, 3.1415927410125732, 3.1415927410125732, 3.1415927410125732, 3.1415927410125732, 3.1415927410125732, 3.1415927410125732, 3.1415927410125732, 3.1415927410125732, 3.1415927410125732, 3.1415927410125732, 3.1415927410125732, 3.1415927410125732, 3.1415927410125732, 3.1415927410125732, 3.1415927410125732, 3.1415927410125732, 3.1415927410125732, 3.1415927410125732, 3.1415927410125732, 3.1415927410125732, 3.1415927410125732, 3.1415927410125732, 3.1415927410125732, 3.1415927410125732, 3.1415927410125732, 3.1415927410125732, 3.1415927410125732, 3.1415927410125732, 3.1415927410125732, 3.1415927410125732, 3.1415927410125732, 3.1415927410125732, 3.1415927410125732, 3.1415927410125732, 3.1415927410125732, 3.1415927410125732, 3.1415927410125732, 3.1415927410125732, 3.1415927410125732, 3.1415927410125732, 3.1415927410125732, 3.1415927410125732, 3.1415927410125732, 3.1415927410125732, 3.1415927410125732, 3.1415927410125732, 3.1415927410125732, 3.1415927410125732, 3.1415927410125732, 3.1415927410125732, 3.1415927410125732, 3.1415927410125732, 3.1415927410125732, 3.1415927410125732, 3.1415927410125732, 3.1415927410125732, 3.1415927410125732, 3.1415927410125732, 3.1415927410125732, 3.1415927410125732, 3.1415927410125732, 3.1415927410125732, 3.1415927410125732, 3.1415927410125732, 3.1415927410125732, 3.1415927410125732, 3.1415927410125732, 3.1415927410125732, 3.1415927410125732, 3.1415927410125732, 3.1415927410125732, 3.1415927410125732, 3.1415927410125732, 3.1415927410125732, 3.1415927410125732, 3.1415927410125732, 3.1415927410125732, 3.1415927410125732, 3.1415927410125732, 3.1415927410125732, 3.1415927410125732, 3.1415927410125732, 3.1415927410125732, 3.1415927410125732, 3.1415927410125732, 3.1415927410125732, 3.1415927410125732, 3.1415927410125732, 3.1415927410125732, 3.1415927410125732, 3.1415927410125732, 3.1415927410125732, 3.1415927410125732, 3.1415927410125732, 3.1415927410125732, 3.1415927410125732, 3.1415927410125732, 3.1415927410125732, 3.1415927410125732, 3.1415927410125732, 3.1415927410125732, 3.1415927410125732, 3.1415927410125732, 3.1415927410125732, 3.1415927410125732, 3.1415927410125732, 3.1415927410125732, 3.1415927410125732, 3.1415927410125732, 3.1415927410125732, 3.1415927410125732, 3.1415927410125732, 3.1415927410125732, 3.1415927410125732, 3.1415927410125732, 3.1415927410125732, 3.1415927410125732, 3.1415927410125732, 3.1415927410125732, 3.1415927410125732, 3.1415927410125732, 3.1415927410125732, 3.1415927410125732, 3.1415927410125732, 3.1415927410125732, 3.1415927410125732, 3.1415927410125732, 3.1415927410125732, 3.1415927410125732, 3.1415927410125732, 3.1415927410125732, 3.1415927410125732, 3.1415927410125732, 3.1415927410125732, 3.1415927410125732, 3.1415927410125732, 3.1415927410125732, 3.1415927410125732, 3.1415927410125732, 3.1415927410125732, 3.1415927410125732, 3.1415927410125732, 3.1415927410125732, 3.1415927410125732, 3.1415927410125732, 3.1415927410125732, 3.1415927410125732, 3.1415927410125732, 3.1415927410125732, 3.1415927410125732, 3.1415927410125732, 3.1415927410125732, 3.1415927410125732, 3.1415927410125732, 3.1415927410125732, 3.1415927410125732, 3.1415927410125732, 3.1415927410125732, 3.1415927410125732, 3.1415927410125732, 3.1415927410125732, 3.1415927410125732, 3.1415927410125732, 3.1415927410125732, 3.1415927410125732, 3.1415927410125732, 3.1415927410125732, 3.1415927410125732, 3.1415927410125732, 3.1415927410125732, 3.1415927410125732, 3.1415927410125732, 3.1415927410125732, 3.1415927410125732, 3.1415927410125732, 3.1415927410125732, 3.1415927410125732, 3.1415927410125732, 3.1415927410125732, 3.1415927410125732, 3.1415927410125732, 3.1415927410125732, 3.1415927410125732, 3.1415927410125732, 3.1415927410125732, 3.1415927410125732, 3.1415927410125732, 3.1415927410125732, 3.1415927410125732, 3.1415927410125732, 3.1415927410125732, 3.1415927410125732, 3.1415927410125732, 3.1415927410125732, 3.1415927410125732, 3.1415927410125732, 3.1415927410125732, 3.1415927410125732, 3.1415927410125732, 3.1415927410125732, 3.1415927410125732, 3.1415927410125732, 3.1415927410125732, 3.1415927410125732, 3.1415927410125732, 3.1415927410125732, 3.1415927410125732, 3.1415927410125732, 3.1415927410125732, 3.1415927410125732, 3.1415927410125732, 3.1415927410125732, 3.1415927410125732, 3.1415927410125732, 3.1415927410125732, 3.1415927410125732, 3.1415927410125732, 3.1415927410125732, 3.1415927410125732, 3.1415927410125732, 3.1415927410125732, 3.1415927410125732, 3.1415927410125732, 3.1415927410125732, 3.1415927410125732, 3.1415927410125732, 3.1415927410125732, 3.1415927410125732, 3.1415927410125732, 3.1415927410125732, 3.1415927410125732, 0.0, 0.0, 0.0, 0.0, 0.0, 0.0, 0.0, 0.0, 0.0, 0.0, 0.0, 0.0, 0.0, 0.0, 0.0, 0.0, 3.1415927410125732, 3.1415927410125732, 3.1415927410125732, 3.1415927410125732, 3.1415927410125732, 3.1415927410125732, 3.1415927410125732, 3.1415927410125732, 3.1415927410125732, 3.1415927410125732, 3.1415927410125732, 3.1415927410125732, 3.1415927410125732, 3.1415927410125732, 3.1415927410125732, 3.1415927410125732, 0.0, 0.0, 0.0, 0.0, 0.0, 0.0, 0.0, 0.0, 0.0, 0.0, 0.0, 0.0, 0.0, 0.0, 0.0, 0.0, 3.1415927410125732, 3.1415927410125732, 3.1415927410125732, 3.1415927410125732, 3.1415927410125732, 3.1415927410125732, 3.1415927410125732, 3.1415927410125732, 3.1415927410125732, 3.1415927410125732, 3.1415927410125732, 3.1415927410125732, 3.1415927410125732, 3.1415927410125732, 3.1415927410125732, 3.1415927410125732, 0.0, 0.0, 0.0, 0.0, 0.0, 0.0, 0.0, 0.0, 0.0, 0.0, 0.0, 0.0, 0.0, 0.0, 0.0, 0.0, 3.1415927410125732, 3.1415927410125732, 3.1415927410125732, 3.1415927410125732, 3.1415927410125732, 3.1415927410125732, 3.1415927410125732, 3.1415927410125732, 3.1415927410125732, 3.1415927410125732, 3.1415927410125732, 3.1415927410125732, 3.1415927410125732, 3.1415927410125732, 3.1415927410125732, 3.1415927410125732, 0.0, 0.0, 0.0, 0.0, 0.0, 0.0, 0.0, 0.0, 0.0, 0.0, 0.0, 0.0, 0.0, 0.0, 0.0, 0.0, 3.1415927410125732, 3.1415927410125732, 3.1415927410125732, 3.1415927410125732, 3.1415927410125732, 3.1415927410125732, 3.1415927410125732, 3.1415927410125732, 3.1415927410125732, 3.1415927410125732, 3.1415927410125732, 3.1415927410125732, 3.1415927410125732, 3.1415927410125732, 3.1415927410125732, 3.1415927410125732, 0.0, 0.0, 0.0, 0.0, 0.0, 0.0, 0.0, 0.0, 0.0, 0.0, 0.0, 0.0, 0.0, 0.0, 0.0, 0.0, 3.1415927410125732, 3.1415927410125732, 3.1415927410125732, 3.1415927410125732, 3.1415927410125732, 3.1415927410125732, 3.1415927410125732, 3.1415927410125732, 3.1415927410125732, 3.1415927410125732, 3.1415927410125732, 3.1415927410125732, 3.1415927410125732, 3.1415927410125732, 3.1415927410125732, 3.1415927410125732, 0.0, 0.0, 0.0, 0.0, 0.0, 0.0, 0.0, 0.0, 0.0, 0.0, 0.0, 0.0, 0.0, 0.0, 0.0, 0.0, 3.1415927410125732, 3.1415927410125732, 3.1415927410125732, 3.1415927410125732, 3.1415927410125732, 3.1415927410125732, 3.1415927410125732, 3.1415927410125732, 3.1415927410125732, 3.1415927410125732, 3.1415927410125732, 3.1415927410125732, 3.1415927410125732, 3.1415927410125732, 3.1415927410125732, 3.1415927410125732, 0.0, 0.0, 0.0, 0.0, 0.0, 0.0, 0.0, 0.0, 0.0, 0.0, 0.0, 0.0, 0.0, 0.0, 0.0, 0.0, 3.1415927410125732, 3.1415927410125732, 3.1415927410125732, 3.1415927410125732, 3.1415927410125732, 3.1415927410125732, 3.1415927410125732, 3.1415927410125732, 3.1415927410125732, 3.1415927410125732, 3.1415927410125732, 3.1415927410125732, 3.1415927410125732, 3.1415927410125732, 3.1415927410125732, 3.1415927410125732, 0.0, 0.0, 0.0, 0.0, 0.0, 0.0, 0.0, 0.0, 0.0, 0.0, 0.0, 0.0, 0.0, 0.0, 0.0, 0.0, 3.1415927410125732, 3.1415927410125732, 3.1415927410125732, 3.1415927410125732, 3.1415927410125732, 3.1415927410125732, 3.1415927410125732, 3.1415927410125732, 3.1415927410125732, 3.1415927410125732, 3.1415927410125732, 3.1415927410125732, 3.1415927410125732, 3.1415927410125732, 3.1415927410125732, 3.1415927410125732, 0.0, 0.0, 0.0, 0.0, 0.0, 0.0, 0.0, 0.0, 0.0, 0.0, 0.0, 0.0, 0.0, 0.0, 0.0, 0.0, 0.0, 0.0, 0.0, 0.0, 0.0, 0.0, 0.0, 0.0, 0.0, 0.0, 0.0, 0.0, 0.0, 0.0, 0.0, 0.0, 0.0, 0.0, 0.0, 0.0, 0.0, 0.0, 0.0, 0.0, 0.0, 0.0, 0.0, 0.0, 0.0, 0.0, 0.0, 0.0, 0.0, 0.0, 0.0, 0.0, 0.0, 0.0, 0.0, 0.0, 0.0, 0.0, 0.0, 0.0, 0.0, 0.0, 0.0, 0.0, 0.0, 0.0, 0.0, 0.0, 0.0, 0.0, 0.0, 0.0, 0.0, 0.0, 0.0, 0.0, 0.0, 0.0, 0.0, 0.0, 0.0, 0.0, 0.0, 0.0, 0.0, 0.0, 0.0, 0.0, 0.0, 0.0, 0.0, 0.0, 0.0, 0.0, 0.0, 0.0, 0.0, 0.0, 0.0, 0.0, 0.0, 0.0, 0.0, 0.0, 0.0, 0.0, 0.0, 0.0, 0.0, 0.0, 0.0, 0.0, 0.0, 0.0, 0.0, 0.0, 0.0, 0.0, 0.0, 0.0, 0.0, 0.0, 0.0, 0.0, 0.0, 0.0, 0.0, 0.0, 0.0, 0.0, 0.0, 0.0, 0.0, 0.0, 0.0, 0.0, 0.0, 0.0, 0.0, 0.0, 0.0, 0.0, 0.0, 0.0, 0.0, 0.0, 0.0, 0.0, 0.0, 0.0, 0.0, 0.0, 0.0, 0.0, 0.0, 0.0, 0.0, 0.0, 0.0, 0.0, 0.0, 0.0, 0.0, 0.0, 0.0, 0.0, 0.0, 0.0, 0.0, 0.0, 0.0, 0.0, 0.0, 0.0, 0.0, 0.0, 0.0, 0.0, 0.0, 0.0, 0.0, 0.0, 0.0, 0.0, 0.0, 0.0, 0.0, 0.0, 0.0, 0.0, 0.0, 0.0, 0.0, 0.0, 0.0, 0.0, 0.0, 0.0, 0.0, 0.0, 0.0, 0.0, 0.0, 0.0, 0.0, 0.0, 0.0, 0.0, 0.0, 0.0, 0.0, 0.0, 0.0, 0.0, 0.0, 0.0, 0.0, 0.0, 0.0, 0.0, 0.0, 0.0, 0.0, 0.0, 0.0, 0.0, 0.0, 0.0, 0.0, 0.0, 0.0, 0.0, 0.0, 0.0, 0.0, 0.0, 0.0, 0.0, 0.0, 0.0, 0.0, 0.0, 0.0, 0.0, 0.0, 0.0, 0.0, 0.0, 0.0, 0.0, 0.0, 0.0, 0.0, 0.0, 0.0, 0.0, 0.0, 0.0, 0.0, 0.0, 0.0, 0.0, 0.0, 0.0, 3.1415927410125732, 3.1415927410125732, 3.1415927410125732, 3.1415927410125732, 3.1415927410125732, 3.1415927410125732, 3.1415927410125732, 3.1415927410125732, 0.0, 0.0, 0.0, 0.0, 0.0, 0.0, 0.0, 0.0, 0.0, 0.0, 0.0, 0.0, 0.0, 0.0, 0.0, 0.0, 0.0, 0.0, 0.0, 0.0, 0.0, 0.0, 0.0, 0.0, 3.1415927410125732, 3.1415927410125732, 3.1415927410125732, 3.1415927410125732, 3.1415927410125732, 3.1415927410125732, 3.1415927410125732, 3.1415927410125732, 0.0, 0.0, 0.0, 0.0, 0.0, 0.0, 0.0, 0.0, 0.0, 0.0, 0.0, 0.0, 0.0, 0.0, 0.0, 0.0, 0.0, 0.0, 0.0, 0.0, 0.0, 0.0, 0.0, 0.0, 3.1415927410125732, 3.1415927410125732, 3.1415927410125732, 3.1415927410125732, 3.1415927410125732, 3.1415927410125732, 3.1415927410125732, 3.1415927410125732, 0.0, 0.0, 0.0, 0.0, 0.0, 0.0, 0.0, 0.0, 0.0, 0.0, 0.0, 0.0, 0.0, 0.0, 0.0, 0.0, 0.0, 0.0, 0.0, 0.0, 0.0, 0.0, 0.0, 0.0, 3.1415927410125732, 3.1415927410125732, 3.1415927410125732, 3.1415927410125732, 3.1415927410125732, 3.1415927410125732, 3.1415927410125732, 3.1415927410125732, 0.0, 0.0, 0.0, 0.0, 0.0, 0.0, 0.0, 0.0, 0.0, 0.0, 0.0, 0.0, 0.0, 0.0, 0.0, 0.0, 0.0, 0.0, 0.0, 0.0, 0.0, 0.0, 0.0, 0.0, 3.1415927410125732, 3.1415927410125732, 3.1415927410125732, 3.1415927410125732, 3.1415927410125732, 3.1415927410125732, 3.1415927410125732, 3.1415927410125732, 0.0, 0.0, 0.0, 0.0, 0.0, 0.0, 0.0, 0.0, 0.0, 0.0, 0.0, 0.0, 0.0, 0.0, 0.0, 0.0, 0.0, 0.0, 0.0, 0.0, 0.0, 0.0, 0.0, 0.0, 3.1415927410125732, 3.1415927410125732, 3.1415927410125732, 3.1415927410125732, 3.1415927410125732, 3.1415927410125732, 3.1415927410125732, 3.1415927410125732, 0.0, 0.0, 0.0, 0.0, 0.0, 0.0, 0.0, 0.0, 0.0, 0.0, 0.0, 0.0, 0.0, 0.0, 0.0, 0.0, 0.0, 0.0, 0.0, 0.0, 0.0, 0.0, 0.0, 0.0, 3.1415927410125732, 3.1415927410125732, 3.1415927410125732, 3.1415927410125732, 3.1415927410125732, 3.1415927410125732, 3.1415927410125732, 3.1415927410125732, 0.0, 0.0, 0.0, 0.0, 0.0, 0.0, 0.0, 0.0, 0.0, 0.0, 0.0, 0.0, 0.0, 0.0, 0.0, 0.0, 0.0, 0.0, 0.0, 0.0, 0.0, 0.0, 0.0, 0.0, 3.1415927410125732, 3.1415927410125732, 3.1415927410125732, 3.1415927410125732, 3.1415927410125732, 3.1415927410125732, 3.1415927410125732, 3.1415927410125732, 0.0, 0.0, 0.0, 0.0, 0.0, 0.0, 0.0, 0.0, 0.0, 0.0, 0.0, 0.0, 0.0, 0.0, 0.0, 0.0]"
0.6088365,0.15223686,0.15219523,0.15220979,0.15219462,0.15220913,-9.53539467,-9.53664207,-9.53620815,-9.53666496,"[3.1415927410125732, 3.1415927410125732, 3.1415927410125732, 3.1415927410125732, 3.1415927410125732, 3.1415927410125732, 3.1415927410125732, 3.1415927410125732, 3.1415927410125732, 3.1415927410125732, 3.1415927410125732, 3.1415927410125732, 3.1415927410125732, 3.1415927410125732, 3.1415927410125732, 3.1415927410125732, 3.1415927410125732, 3.1415927410125732, 3.1415927410125732, 3.1415927410125732, 3.1415927410125732, 3.1415927410125732, 3.1415927410125732, 3.1415927410125732, 3.1415927410125732, 3.1415927410125732, 3.1415927410125732, 3.1415927410125732, 3.1415927410125732, 3.1415927410125732, 3.1415927410125732, 3.1415927410125732, 3.1415927410125732, 3.1415927410125732, 3.1415927410125732, 3.1415927410125732, 3.1415927410125732, 3.1415927410125732, 3.1415927410125732, 3.1415927410125732, 3.1415927410125732, 3.1415927410125732, 3.1415927410125732, 3.1415927410125732, 3.1415927410125732, 3.1415927410125732, 3.1415927410125732, 3.1415927410125732, 3.1415927410125732, 3.1415927410125732, 3.1415927410125732, 3.1415927410125732, 3.1415927410125732, 3.1415927410125732, 3.1415927410125732, 3.1415927410125732, 3.1415927410125732, 3.1415927410125732, 3.1415927410125732, 3.1415927410125732, 3.1415927410125732, 3.1415927410125732, 3.1415927410125732, 3.1415927410125732, 3.1415927410125732, 3.1415927410125732, 3.1415927410125732, 3.1415927410125732, 3.1415927410125732, 3.1415927410125732, 3.1415927410125732, 3.1415927410125732, 3.1415927410125732, 3.1415927410125732, 3.1415927410125732, 3.1415927410125732, 3.1415927410125732, 3.1415927410125732, 3.1415927410125732, 3.1415927410125732, 3.1415927410125732, 3.1415927410125732, 3.1415927410125732, 3.1415927410125732, 3.1415927410125732, 3.1415927410125732, 3.1415927410125732, 3.1415927410125732, 3.1415927410125732, 3.1415927410125732, 3.1415927410125732, 3.1415927410125732, 3.1415927410125732, 3.1415927410125732, 3.1415927410125732, 3.1415927410125732, 3.1415927410125732, 3.1415927410125732, 3.1415927410125732, 3.1415927410125732, 3.1415927410125732, 3.1415927410125732, 3.1415927410125732, 3.1415927410125732, 3.1415927410125732, 3.1415927410125732, 3.1415927410125732, 3.1415927410125732, 3.1415927410125732, 3.1415927410125732, 3.1415927410125732, 3.1415927410125732, 3.1415927410125732, 3.1415927410125732, 3.1415927410125732, 3.1415927410125732, 3.1415927410125732, 3.1415927410125732, 3.1415927410125732, 3.1415927410125732, 3.1415927410125732, 3.1415927410125732, 3.1415927410125732, 3.1415927410125732, 3.1415927410125732, 3.1415927410125732, 3.1415927410125732, 3.1415927410125732, 3.1415927410125732, 3.1415927410125732, 3.1415927410125732, 3.1415927410125732, 3.1415927410125732, 3.1415927410125732, 3.1415927410125732, 3.1415927410125732, 3.1415927410125732, 3.1415927410125732, 3.1415927410125732, 3.1415927410125732, 3.1415927410125732, 3.1415927410125732, 3.1415927410125732, 3.1415927410125732, 3.1415927410125732, 3.1415927410125732, 3.1415927410125732, 3.1415927410125732, 3.1415927410125732, 3.1415927410125732, 3.1415927410125732, 3.1415927410125732, 3.1415927410125732, 3.1415927410125732, 3.1415927410125732, 3.1415927410125732, 3.1415927410125732, 3.1415927410125732, 3.1415927410125732, 3.1415927410125732, 3.1415927410125732, 3.1415927410125732, 3.1415927410125732, 3.1415927410125732, 3.1415927410125732, 3.1415927410125732, 3.1415927410125732, 3.1415927410125732, 3.1415927410125732, 3.1415927410125732, 3.1415927410125732, 3.1415927410125732, 3.1415927410125732, 3.1415927410125732, 3.1415927410125732, 3.1415927410125732, 3.1415927410125732, 3.1415927410125732, 3.1415927410125732, 3.1415927410125732, 3.1415927410125732, 3.1415927410125732, 3.1415927410125732, 3.1415927410125732, 3.1415927410125732, 3.1415927410125732, 3.1415927410125732, 3.1415927410125732, 3.1415927410125732, 3.1415927410125732, 3.1415927410125732, 3.1415927410125732, 3.1415927410125732, 3.1415927410125732, 3.1415927410125732, 3.1415927410125732, 3.1415927410125732, 3.1415927410125732, 3.1415927410125732, 3.1415927410125732, 3.1415927410125732, 3.1415927410125732, 3.1415927410125732, 3.1415927410125732, 3.1415927410125732, 3.1415927410125732, 3.1415927410125732, 3.1415927410125732, 3.1415927410125732, 3.1415927410125732, 3.1415927410125732, 3.1415927410125732, 3.1415927410125732, 3.1415927410125732, 3.1415927410125732, 3.1415927410125732, 3.1415927410125732, 3.1415927410125732, 3.1415927410125732, 3.1415927410125732, 3.1415927410125732, 3.1415927410125732, 3.1415927410125732, 3.1415927410125732, 3.1415927410125732, 3.1415927410125732, 3.1415927410125732, 3.1415927410125732, 3.1415927410125732, 3.1415927410125732, 3.1415927410125732, 3.1415927410125732, 3.1415927410125732, 3.1415927410125732, 3.1415927410125732, 3.1415927410125732, 3.1415927410125732, 3.1415927410125732, 3.1415927410125732, 3.1415927410125732, 3.1415927410125732, 3.1415927410125732, 3.1415927410125732, 3.1415927410125732, 3.1415927410125732, 3.1415927410125732, 3.1415927410125732, 3.1415927410125732, 3.1415927410125732, 3.1415927410125732, 3.1415927410125732, 3.1415927410125732, 3.1415927410125732, 3.1415927410125732, 3.1415927410125732, 3.1415927410125732, 0.0, 0.0, 0.0, 0.0, 0.0, 0.0, 0.0, 0.0, 0.0, 0.0, 0.0, 0.0, 0.0, 0.0, 0.0, 0.0, 3.1415927410125732, 3.1415927410125732, 3.1415927410125732, 3.1415927410125732, 3.1415927410125732, 3.1415927410125732, 3.1415927410125732, 3.1415927410125732, 3.1415927410125732, 3.1415927410125732, 3.1415927410125732, 3.1415927410125732, 3.1415927410125732, 3.1415927410125732, 3.1415927410125732, 3.1415927410125732, 0.0, 0.0, 0.0, 0.0, 0.0, 0.0, 0.0, 0.0, 0.0, 0.0, 0.0, 0.0, 0.0, 0.0, 0.0, 0.0, 3.1415927410125732, 3.1415927410125732, 3.1415927410125732, 3.1415927410125732, 3.1415927410125732, 3.1415927410125732, 3.1415927410125732, 3.1415927410125732, 3.1415927410125732, 3.1415927410125732, 3.1415927410125732, 3.1415927410125732, 3.1415927410125732, 3.1415927410125732, 3.1415927410125732, 3.1415927410125732, 0.0, 0.0, 0.0, 0.0, 0.0, 0.0, 0.0, 0.0, 0.0, 0.0, 0.0, 0.0, 0.0, 0.0, 0.0, 0.0, 3.1415927410125732, 3.1415927410125732, 3.1415927410125732, 3.1415927410125732, 3.1415927410125732, 3.1415927410125732, 3.1415927410125732, 3.1415927410125732, 3.1415927410125732, 3.1415927410125732, 3.1415927410125732, 3.1415927410125732, 3.1415927410125732, 3.1415927410125732, 3.1415927410125732, 3.1415927410125732, 0.0, 0.0, 0.0, 0.0, 0.0, 0.0, 0.0, 0.0, 0.0, 0.0, 0.0, 0.0, 0.0, 0.0, 0.0, 0.0, 3.1415927410125732, 3.1415927410125732, 3.1415927410125732, 3.1415927410125732, 3.1415927410125732, 3.1415927410125732, 3.1415927410125732, 3.1415927410125732, 3.1415927410125732, 3.1415927410125732, 3.1415927410125732, 3.1415927410125732, 3.1415927410125732, 3.1415927410125732, 3.1415927410125732, 3.1415927410125732, 0.0, 0.0, 0.0, 0.0, 0.0, 0.0, 0.0, 0.0, 0.0, 0.0, 0.0, 0.0, 0.0, 0.0, 0.0, 0.0, 3.1415927410125732, 3.1415927410125732, 3.1415927410125732, 3.1415927410125732, 3.1415927410125732, 3.1415927410125732, 3.1415927410125732, 3.1415927410125732, 3.1415927410125732, 3.1415927410125732, 3.1415927410125732, 3.1415927410125732, 3.1415927410125732, 3.1415927410125732, 3.1415927410125732, 3.1415927410125732, 0.0, 0.0, 0.0, 0.0, 0.0, 0.0, 0.0, 0.0, 0.0, 0.0, 0.0, 0.0, 0.0, 0.0, 0.0, 0.0, 3.1415927410125732, 3.1415927410125732, 3.1415927410125732, 3.1415927410125732, 3.1415927410125732, 3.1415927410125732, 3.1415927410125732, 3.1415927410125732, 3.1415927410125732, 3.1415927410125732, 3.1415927410125732, 3.1415927410125732, 3.1415927410125732, 3.1415927410125732, 3.1415927410125732, 3.1415927410125732, 0.0, 0.0, 0.0, 0.0, 0.0, 0.0, 0.0, 0.0, 0.0, 0.0, 0.0, 0.0, 0.0, 0.0, 0.0, 0.0, 3.1415927410125732, 3.1415927410125732, 3.1415927410125732, 3.1415927410125732, 3.1415927410125732, 3.1415927410125732, 3.1415927410125732, 3.1415927410125732, 3.1415927410125732, 3.1415927410125732, 3.1415927410125732, 3.1415927410125732, 3.1415927410125732, 3.1415927410125732, 3.1415927410125732, 3.1415927410125732, 0.0, 0.0, 0.0, 0.0, 0.0, 0.0, 0.0, 0.0, 0.0, 0.0, 0.0, 0.0, 0.0, 0.0, 0.0, 0.0, 3.1415927410125732, 3.1415927410125732, 3.1415927410125732, 3.1415927410125732, 3.1415927410125732, 3.1415927410125732, 3.1415927410125732, 3.1415927410125732, 3.1415927410125732, 3.1415927410125732, 3.1415927410125732, 3.1415927410125732, 3.1415927410125732, 3.1415927410125732, 3.1415927410125732, 3.1415927410125732, 0.0, 0.0, 0.0, 0.0, 0.0, 0.0, 0.0, 0.0, 0.0, 0.0, 0.0, 0.0, 0.0, 0.0, 0.0, 0.0, 0.0, 0.0, 0.0, 0.0, 0.0, 0.0, 0.0, 0.0, 0.0, 0.0, 0.0, 0.0, 0.0, 0.0, 0.0, 0.0, 0.0, 0.0, 0.0, 0.0, 0.0, 0.0, 0.0, 0.0, 0.0, 0.0, 0.0, 0.0, 0.0, 0.0, 0.0, 0.0, 0.0, 0.0, 0.0, 0.0, 0.0, 0.0, 0.0, 0.0, 0.0, 0.0, 0.0, 0.0, 0.0, 0.0, 0.0, 0.0, 0.0, 0.0, 0.0, 0.0, 0.0, 0.0, 0.0, 0.0, 0.0, 0.0, 0.0, 0.0, 0.0, 0.0, 0.0, 0.0, 0.0, 0.0, 0.0, 0.0, 0.0, 0.0, 0.0, 0.0, 0.0, 0.0, 0.0, 0.0, 0.0, 0.0, 0.0, 0.0, 0.0, 0.0, 0.0, 0.0, 0.0, 0.0, 0.0, 0.0, 0.0, 0.0, 0.0, 0.0, 0.0, 0.0, 0.0, 0.0, 0.0, 0.0, 0.0, 0.0, 0.0, 0.0, 0.0, 0.0, 0.0, 0.0, 0.0, 0.0, 0.0, 0.0, 0.0, 0.0, 0.0, 0.0, 0.0, 0.0, 0.0, 0.0, 0.0, 0.0, 0.0, 0.0, 0.0, 0.0, 0.0, 0.0, 0.0, 0.0, 0.0, 0.0, 0.0, 0.0, 0.0, 0.0, 0.0, 0.0, 0.0, 0.0, 0.0, 0.0, 0.0, 0.0, 0.0, 0.0, 0.0, 0.0, 0.0, 0.0, 0.0, 0.0, 0.0, 0.0, 0.0, 0.0, 0.0, 0.0, 0.0, 0.0, 0.0, 0.0, 0.0, 0.0, 0.0, 0.0, 0.0, 0.0, 0.0, 0.0, 0.0, 0.0, 0.0, 0.0, 0.0, 0.0, 0.0, 0.0, 0.0, 0.0, 0.0, 0.0, 0.0, 0.0, 0.0, 0.0, 0.0, 0.0, 0.0, 0.0, 0.0, 0.0, 0.0, 0.0, 0.0, 0.0, 0.0, 0.0, 0.0, 0.0, 0.0, 0.0, 0.0, 0.0, 0.0, 0.0, 0.0, 0.0, 0.0, 0.0, 0.0, 0.0, 0.0, 0.0, 0.0, 0.0, 0.0, 0.0, 0.0, 0.0, 0.0, 0.0, 0.0, 0.0, 0.0, 0.0, 0.0, 0.0, 0.0, 0.0, 0.0, 0.0, 0.0, 0.0, 0.0, 0.0, 0.0, 0.0, 0.0, 0.0, 0.0, 0.0, 0.0, 0.0, 0.0, 0.0, 0.0, 0.0, 0.0, 0.0, 3.1415927410125732, 3.1415927410125732, 3.1415927410125732, 3.1415927410125732, 3.1415927410125732, 3.1415927410125732, 3.1415927410125732, 3.1415927410125732, 0.0, 0.0, 0.0, 0.0, 0.0, 0.0, 0.0, 0.0, 0.0, 0.0, 0.0, 0.0, 0.0, 0.0, 0.0, 0.0, 0.0, 0.0, 0.0, 0.0, 0.0, 0.0, 0.0, 0.0, 3.1415927410125732, 3.1415927410125732, 3.1415927410125732, 3.1415927410125732, 3.1415927410125732, 3.1415927410125732, 3.1415927410125732, 3.1415927410125732, 0.0, 0.0, 0.0, 0.0, 0.0, 0.0, 0.0, 0.0, 0.0, 0.0, 0.0, 0.0, 0.0, 0.0, 0.0, 0.0, 0.0, 0.0, 0.0, 0.0, 0.0, 0.0, 0.0, 0.0, 3.1415927410125732, 3.1415927410125732, 3.1415927410125732, 3.1415927410125732, 3.1415927410125732, 3.1415927410125732, 3.1415927410125732, 3.1415927410125732, 0.0, 0.0, 0.0, 0.0, 0.0, 0.0, 0.0, 0.0, 0.0, 0.0, 0.0, 0.0, 0.0, 0.0, 0.0, 0.0, 0.0, 0.0, 0.0, 0.0, 0.0, 0.0, 0.0, 0.0, 3.1415927410125732, 3.1415927410125732, 3.1415927410125732, 3.1415927410125732, 3.1415927410125732, 3.1415927410125732, 3.1415927410125732, 3.1415927410125732, 0.0, 0.0, 0.0, 0.0, 0.0, 0.0, 0.0, 0.0, 0.0, 0.0, 0.0, 0.0, 0.0, 0.0, 0.0, 0.0, 0.0, 0.0, 0.0, 0.0, 0.0, 0.0, 0.0, 0.0, 3.1415927410125732, 3.1415927410125732, 3.1415927410125732, 3.1415927410125732, 3.1415927410125732, 3.1415927410125732, 3.1415927410125732, 3.1415927410125732, 0.0, 0.0, 0.0, 0.0, 0.0, 0.0, 0.0, 0.0, 0.0, 0.0, 0.0, 0.0, 0.0, 0.0, 0.0, 0.0, 0.0, 0.0, 0.0, 0.0, 0.0, 0.0, 0.0, 0.0, 3.1415927410125732, 3.1415927410125732, 3.1415927410125732, 3.1415927410125732, 3.1415927410125732, 3.1415927410125732, 3.1415927410125732, 3.1415927410125732, 0.0, 0.0, 0.0, 0.0, 0.0, 0.0, 0.0, 0.0, 0.0, 0.0, 0.0, 0.0, 0.0, 0.0, 0.0, 0.0, 0.0, 0.0, 0.0, 0.0, 0.0, 0.0, 0.0, 0.0, 3.1415927410125732, 3.1415927410125732, 3.1415927410125732, 3.1415927410125732, 3.1415927410125732, 3.1415927410125732, 3.1415927410125732, 3.1415927410125732, 0.0, 0.0, 0.0, 0.0, 0.0, 0.0, 0.0, 0.0, 0.0, 0.0, 0.0, 0.0, 0.0, 0.0, 0.0, 0.0, 0.0, 0.0, 0.0, 0.0, 0.0, 0.0, 0.0, 0.0, 3.1415927410125732, 3.1415927410125732, 3.1415927410125732, 3.1415927410125732, 3.1415927410125732, 3.1415927410125732, 3.1415927410125732, 3.1415927410125732, 0.0, 0.0, 0.0, 0.0, 0.0, 0.0, 0.0, 0.0, 0.0, 0.0, 0.0, 0.0, 0.0, 0.0, 0.0, 0.0]"
0.6088365,0.15223686,0.15219523,0.15220979,0.15219462,0.15220913,-9.53539467,-9.53664207,-9.53620815,-9.53666496,"[3.1415927410125732, 3.1415927410125732, 3.1415927410125732, 3.1415927410125732, 3.1415927410125732, 3.1415927410125732, 3.1415927410125732, 3.1415927410125732, 3.1415927410125732, 3.1415927410125732, 3.1415927410125732, 3.1415927410125732, 3.1415927410125732, 3.1415927410125732, 3.1415927410125732, 3.1415927410125732, 3.1415927410125732, 3.1415927410125732, 3.1415927410125732, 3.1415927410125732, 3.1415927410125732, 3.1415927410125732, 3.1415927410125732, 3.1415927410125732, 3.1415927410125732, 3.1415927410125732, 3.1415927410125732, 3.1415927410125732, 3.1415927410125732, 3.1415927410125732, 3.1415927410125732, 3.1415927410125732, 3.1415927410125732, 3.1415927410125732, 3.1415927410125732, 3.1415927410125732, 3.1415927410125732, 3.1415927410125732, 3.1415927410125732, 3.1415927410125732, 3.1415927410125732, 3.1415927410125732, 3.1415927410125732, 3.1415927410125732, 3.1415927410125732, 3.1415927410125732, 3.1415927410125732, 3.1415927410125732, 3.1415927410125732, 3.1415927410125732, 3.1415927410125732, 3.1415927410125732, 3.1415927410125732, 3.1415927410125732, 3.1415927410125732, 3.1415927410125732, 3.1415927410125732, 3.1415927410125732, 3.1415927410125732, 3.1415927410125732, 3.1415927410125732, 3.1415927410125732, 3.1415927410125732, 3.1415927410125732, 3.1415927410125732, 3.1415927410125732, 3.1415927410125732, 3.1415927410125732, 3.1415927410125732, 3.1415927410125732, 3.1415927410125732, 3.1415927410125732, 3.1415927410125732, 3.1415927410125732, 3.1415927410125732, 3.1415927410125732, 3.1415927410125732, 3.1415927410125732, 3.1415927410125732, 3.1415927410125732, 3.1415927410125732, 3.1415927410125732, 3.1415927410125732, 3.1415927410125732, 3.1415927410125732, 3.1415927410125732, 3.1415927410125732, 3.1415927410125732, 3.1415927410125732, 3.1415927410125732, 3.1415927410125732, 3.1415927410125732, 3.1415927410125732, 3.1415927410125732, 3.1415927410125732, 3.1415927410125732, 3.1415927410125732, 3.1415927410125732, 3.1415927410125732, 3.1415927410125732, 3.1415927410125732, 3.1415927410125732, 3.1415927410125732, 3.1415927410125732, 3.1415927410125732, 3.1415927410125732, 3.1415927410125732, 3.1415927410125732, 3.1415927410125732, 3.1415927410125732, 3.1415927410125732, 3.1415927410125732, 3.1415927410125732, 3.1415927410125732, 3.1415927410125732, 3.1415927410125732, 3.1415927410125732, 3.1415927410125732, 3.1415927410125732, 3.1415927410125732, 3.1415927410125732, 3.1415927410125732, 3.1415927410125732, 3.1415927410125732, 3.1415927410125732, 3.1415927410125732, 3.1415927410125732, 3.1415927410125732, 3.1415927410125732, 3.1415927410125732, 3.1415927410125732, 3.1415927410125732, 3.1415927410125732, 3.1415927410125732, 3.1415927410125732, 3.1415927410125732, 3.1415927410125732, 3.1415927410125732, 3.1415927410125732, 3.1415927410125732, 3.1415927410125732, 3.1415927410125732, 3.1415927410125732, 3.1415927410125732, 3.1415927410125732, 3.1415927410125732, 3.1415927410125732, 3.1415927410125732, 3.1415927410125732, 3.1415927410125732, 3.1415927410125732, 3.1415927410125732, 3.1415927410125732, 3.1415927410125732, 3.1415927410125732, 3.1415927410125732, 3.1415927410125732, 3.1415927410125732, 3.1415927410125732, 3.1415927410125732, 3.1415927410125732, 3.1415927410125732, 3.1415927410125732, 3.1415927410125732, 3.1415927410125732, 3.1415927410125732, 3.1415927410125732, 3.1415927410125732, 3.1415927410125732, 3.1415927410125732, 3.1415927410125732, 3.1415927410125732, 3.1415927410125732, 3.1415927410125732, 3.1415927410125732, 3.1415927410125732, 3.1415927410125732, 3.1415927410125732, 3.1415927410125732, 3.1415927410125732, 3.1415927410125732, 3.1415927410125732, 3.1415927410125732, 3.1415927410125732, 3.1415927410125732, 3.1415927410125732, 3.1415927410125732, 3.1415927410125732, 3.1415927410125732, 3.1415927410125732, 3.1415927410125732, 3.1415927410125732, 3.1415927410125732, 3.1415927410125732, 3.1415927410125732, 3.1415927410125732, 3.1415927410125732, 3.1415927410125732, 3.1415927410125732, 3.1415927410125732, 3.1415927410125732, 3.1415927410125732, 3.1415927410125732, 3.1415927410125732, 3.1415927410125732, 3.1415927410125732, 3.1415927410125732, 3.1415927410125732, 3.1415927410125732, 3.1415927410125732, 3.1415927410125732, 3.1415927410125732, 3.1415927410125732, 3.1415927410125732, 3.1415927410125732, 3.1415927410125732, 3.1415927410125732, 3.1415927410125732, 3.1415927410125732, 3.1415927410125732, 3.1415927410125732, 3.1415927410125732, 3.1415927410125732, 3.1415927410125732, 3.1415927410125732, 3.1415927410125732, 3.1415927410125732, 3.1415927410125732, 3.1415927410125732, 3.1415927410125732, 3.1415927410125732, 3.1415927410125732, 3.1415927410125732, 3.1415927410125732, 3.1415927410125732, 3.1415927410125732, 3.1415927410125732, 3.1415927410125732, 3.1415927410125732, 3.1415927410125732, 3.1415927410125732, 3.1415927410125732, 3.1415927410125732, 3.1415927410125732, 3.1415927410125732, 3.1415927410125732, 3.1415927410125732, 3.1415927410125732, 3.1415927410125732, 3.1415927410125732, 3.1415927410125732, 3.1415927410125732, 3.1415927410125732, 3.1415927410125732, 3.1415927410125732, 3.1415927410125732, 0.0, 0.0, 0.0, 0.0, 0.0, 0.0, 0.0, 0.0, 0.0, 0.0, 0.0, 0.0, 0.0, 0.0, 0.0, 0.0, 3.1415927410125732, 3.1415927410125732, 3.1415927410125732, 3.1415927410125732, 3.1415927410125732, 3.1415927410125732, 3.1415927410125732, 3.1415927410125732, 3.1415927410125732, 3.1415927410125732, 3.1415927410125732, 3.1415927410125732, 3.1415927410125732, 3.1415927410125732, 3.1415927410125732, 3.1415927410125732, 0.0, 0.0, 0.0, 0.0, 0.0, 0.0, 0.0, 0.0, 0.0, 0.0, 0.0, 0.0, 0.0, 0.0, 0.0, 0.0, 3.1415927410125732, 3.1415927410125732, 3.1415927410125732, 3.1415927410125732, 3.1415927410125732, 3.1415927410125732, 3.1415927410125732, 3.1415927410125732, 3.1415927410125732, 3.1415927410125732, 3.1415927410125732, 3.1415927410125732, 3.1415927410125732, 3.1415927410125732, 3.1415927410125732, 3.1415927410125732, 0.0, 0.0, 0.0, 0.0, 0.0, 0.0, 0.0, 0.0, 0.0, 0.0, 0.0, 0.0, 0.0, 0.0, 0.0, 0.0, 3.1415927410125732, 3.1415927410125732, 3.1415927410125732, 3.1415927410125732, 3.1415927410125732, 3.1415927410125732, 3.1415927410125732, 3.1415927410125732, 3.1415927410125732, 3.1415927410125732, 3.1415927410125732, 3.1415927410125732, 3.1415927410125732, 3.1415927410125732, 3.1415927410125732, 3.1415927410125732, 0.0, 0.0, 0.0, 0.0, 0.0, 0.0, 0.0, 0.0, 0.0, 0.0, 0.0, 0.0, 0.0, 0.0, 0.0, 0.0, 3.1415927410125732, 3.1415927410125732, 3.1415927410125732, 3.1415927410125732, 3.1415927410125732, 3.1415927410125732, 3.1415927410125732, 3.1415927410125732, 3.1415927410125732, 3.1415927410125732, 3.1415927410125732, 3.1415927410125732, 3.1415927410125732, 3.1415927410125732, 3.1415927410125732, 3.1415927410125732, 0.0, 0.0, 0.0, 0.0, 0.0, 0.0, 0.0, 0.0, 0.0, 0.0, 0.0, 0.0, 0.0, 0.0, 0.0, 0.0, 3.1415927410125732, 3.1415927410125732, 3.1415927410125732, 3.1415927410125732, 3.1415927410125732, 3.1415927410125732, 3.1415927410125732, 3.1415927410125732, 3.1415927410125732, 3.1415927410125732, 3.1415927410125732, 3.1415927410125732, 3.1415927410125732, 3.1415927410125732, 3.1415927410125732, 3.1415927410125732, 0.0, 0.0, 0.0, 0.0, 0.0, 0.0, 0.0, 0.0, 0.0, 0.0, 0.0, 0.0, 0.0, 0.0, 0.0, 0.0, 3.1415927410125732, 3.1415927410125732, 3.1415927410125732, 3.1415927410125732, 3.1415927410125732, 3.1415927410125732, 3.1415927410125732, 3.1415927410125732, 3.1415927410125732, 3.1415927410125732, 3.1415927410125732, 3.1415927410125732, 3.1415927410125732, 3.1415927410125732, 3.1415927410125732, 3.1415927410125732, 0.0, 0.0, 0.0, 0.0, 0.0, 0.0, 0.0, 0.0, 0.0, 0.0, 0.0, 0.0, 0.0, 0.0, 0.0, 0.0, 3.1415927410125732, 3.1415927410125732, 3.1415927410125732, 3.1415927410125732, 3.1415927410125732, 3.1415927410125732, 3.1415927410125732, 3.1415927410125732, 3.1415927410125732, 3.1415927410125732, 3.1415927410125732, 3.1415927410125732, 3.1415927410125732, 3.1415927410125732, 3.1415927410125732, 3.1415927410125732, 0.0, 0.0, 0.0, 0.0, 0.0, 0.0, 0.0, 0.0, 0.0, 0.0, 0.0, 0.0, 0.0, 0.0, 0.0, 0.0, 3.1415927410125732, 3.1415927410125732, 3.1415927410125732, 3.1415927410125732, 3.1415927410125732, 3.1415927410125732, 3.1415927410125732, 3.1415927410125732, 3.1415927410125732, 3.1415927410125732, 3.1415927410125732, 3.1415927410125732, 3.1415927410125732, 3.1415927410125732, 3.1415927410125732, 3.1415927410125732, 0.0, 0.0, 0.0, 0.0, 0.0, 0.0, 0.0, 0.0, 0.0, 0.0, 0.0, 0.0, 0.0, 0.0, 0.0, 0.0, 0.0, 0.0, 0.0, 0.0, 0.0, 0.0, 0.0, 0.0, 0.0, 0.0, 0.0, 0.0, 0.0, 0.0, 0.0, 0.0, 0.0, 0.0, 0.0, 0.0, 0.0, 0.0, 0.0, 0.0, 0.0, 0.0, 0.0, 0.0, 0.0, 0.0, 0.0, 0.0, 0.0, 0.0, 0.0, 0.0, 0.0, 0.0, 0.0, 0.0, 0.0, 0.0, 0.0, 0.0, 0.0, 0.0, 0.0, 0.0, 0.0, 0.0, 0.0, 0.0, 0.0, 0.0, 0.0, 0.0, 0.0, 0.0, 0.0, 0.0, 0.0, 0.0, 0.0, 0.0, 0.0, 0.0, 0.0, 0.0, 0.0, 0.0, 0.0, 0.0, 0.0, 0.0, 0.0, 0.0, 0.0, 0.0, 0.0, 0.0, 0.0, 0.0, 0.0, 0.0, 0.0, 0.0, 0.0, 0.0, 0.0, 0.0, 0.0, 0.0, 0.0, 0.0, 0.0, 0.0, 0.0, 0.0, 0.0, 0.0, 0.0, 0.0, 0.0, 0.0, 0.0, 0.0, 0.0, 0.0, 0.0, 0.0, 0.0, 0.0, 0.0, 0.0, 0.0, 0.0, 0.0, 0.0, 0.0, 0.0, 0.0, 0.0, 0.0, 0.0, 0.0, 0.0, 0.0, 0.0, 0.0, 0.0, 0.0, 0.0, 0.0, 0.0, 0.0, 0.0, 0.0, 0.0, 0.0, 0.0, 0.0, 0.0, 0.0, 0.0, 0.0, 0.0, 0.0, 0.0, 0.0, 0.0, 0.0, 0.0, 0.0, 0.0, 0.0, 0.0, 0.0, 0.0, 0.0, 0.0, 0.0, 0.0, 0.0, 0.0, 0.0, 0.0, 0.0, 0.0, 0.0, 0.0, 0.0, 0.0, 0.0, 0.0, 0.0, 0.0, 0.0, 0.0, 0.0, 0.0, 0.0, 0.0, 0.0, 0.0, 0.0, 0.0, 0.0, 0.0, 0.0, 0.0, 0.0, 0.0, 0.0, 0.0, 0.0, 0.0, 0.0, 0.0, 0.0, 0.0, 0.0, 0.0, 0.0, 0.0, 0.0, 0.0, 0.0, 0.0, 0.0, 0.0, 0.0, 0.0, 0.0, 0.0, 0.0, 0.0, 0.0, 0.0, 0.0, 0.0, 0.0, 0.0, 0.0, 0.0, 0.0, 0.0, 0.0, 0.0, 0.0, 0.0, 0.0, 0.0, 0.0, 0.0, 0.0, 0.0, 0.0, 0.0, 0.0, 0.0, 0.0, 0.0, 0.0, 0.0, 0.0, 0.0, 0.0, 0.0, 3.1415927410125732, 3.1415927410125732, 3.1415927410125732, 3.1415927410125732, 3.1415927410125732, 3.1415927410125732, 3.1415927410125732, 3.1415927410125732, 0.0, 0.0, 0.0, 0.0, 0.0, 0.0, 0.0, 0.0, 0.0, 0.0, 0.0, 0.0, 0.0, 0.0, 0.0, 0.0, 0.0, 0.0, 0.0, 0.0, 0.0, 0.0, 0.0, 0.0, 3.1415927410125732, 3.1415927410125732, 3.1415927410125732, 3.1415927410125732, 3.1415927410125732, 3.1415927410125732, 3.1415927410125732, 3.1415927410125732, 0.0, 0.0, 0.0, 0.0, 0.0, 0.0, 0.0, 0.0, 0.0, 0.0, 0.0, 0.0, 0.0, 0.0, 0.0, 0.0, 0.0, 0.0, 0.0, 0.0, 0.0, 0.0, 0.0, 0.0, 3.1415927410125732, 3.1415927410125732, 3.1415927410125732, 3.1415927410125732, 3.1415927410125732, 3.1415927410125732, 3.1415927410125732, 3.1415927410125732, 0.0, 0.0, 0.0, 0.0, 0.0, 0.0, 0.0, 0.0, 0.0, 0.0, 0.0, 0.0, 0.0, 0.0, 0.0, 0.0, 0.0, 0.0, 0.0, 0.0, 0.0, 0.0, 0.0, 0.0, 3.1415927410125732, 3.1415927410125732, 3.1415927410125732, 3.1415927410125732, 3.1415927410125732, 3.1415927410125732, 3.1415927410125732, 3.1415927410125732, 0.0, 0.0, 0.0, 0.0, 0.0, 0.0, 0.0, 0.0, 0.0, 0.0, 0.0, 0.0, 0.0, 0.0, 0.0, 0.0, 0.0, 0.0, 0.0, 0.0, 0.0, 0.0, 0.0, 0.0, 3.1415927410125732, 3.1415927410125732, 3.1415927410125732, 3.1415927410125732, 3.1415927410125732, 3.1415927410125732, 3.1415927410125732, 3.1415927410125732, 0.0, 0.0, 0.0, 0.0, 0.0, 0.0, 0.0, 0.0, 0.0, 0.0, 0.0, 0.0, 0.0, 0.0, 0.0, 0.0, 0.0, 0.0, 0.0, 0.0, 0.0, 0.0, 0.0, 0.0, 3.1415927410125732, 3.1415927410125732, 3.1415927410125732, 3.1415927410125732, 3.1415927410125732, 3.1415927410125732, 3.1415927410125732, 3.1415927410125732, 0.0, 0.0, 0.0, 0.0, 0.0, 0.0, 0.0, 0.0, 0.0, 0.0, 0.0, 0.0, 0.0, 0.0, 0.0, 0.0, 0.0, 0.0, 0.0, 0.0, 0.0, 0.0, 0.0, 0.0, 3.1415927410125732, 3.1415927410125732, 3.1415927410125732, 3.1415927410125732, 3.1415927410125732, 3.1415927410125732, 3.1415927410125732, 3.1415927410125732, 0.0, 0.0, 0.0, 0.0, 0.0, 0.0, 0.0, 0.0, 0.0, 0.0, 0.0, 0.0, 0.0, 0.0, 0.0, 0.0, 0.0, 0.0, 0.0, 0.0, 0.0, 0.0, 0.0, 0.0, 3.1415927410125732, 3.1415927410125732, 3.1415927410125732, 3.1415927410125732, 3.1415927410125732, 3.1415927410125732, 3.1415927410125732, 3.1415927410125732, 0.0, 0.0, 0.0, 0.0, 0.0, 0.0, 0.0, 0.0, 0.0, 0.0, 0.0, 0.0, 0.0, 0.0, 0.0, 0.0]"
0.6088365,0.15223686,0.15219523,0.15220979,0.15219462,0.15220913,-9.53539467,-9.53664207,-9.53620815,-9.53666496,"[3.1415927410125732, 3.1415927410125732, 3.1415927410125732, 3.1415927410125732, 3.1415927410125732, 3.1415927410125732, 3.1415927410125732, 3.1415927410125732, 3.1415927410125732, 3.1415927410125732, 3.1415927410125732, 3.1415927410125732, 3.1415927410125732, 3.1415927410125732, 3.1415927410125732, 3.1415927410125732, 3.1415927410125732, 3.1415927410125732, 3.1415927410125732, 3.1415927410125732, 3.1415927410125732, 3.1415927410125732, 3.1415927410125732, 3.1415927410125732, 3.1415927410125732, 3.1415927410125732, 3.1415927410125732, 3.1415927410125732, 3.1415927410125732, 3.1415927410125732, 3.1415927410125732, 3.1415927410125732, 3.1415927410125732, 3.1415927410125732, 3.1415927410125732, 3.1415927410125732, 3.1415927410125732, 3.1415927410125732, 3.1415927410125732, 3.1415927410125732, 3.1415927410125732, 3.1415927410125732, 3.1415927410125732, 3.1415927410125732, 3.1415927410125732, 3.1415927410125732, 3.1415927410125732, 3.1415927410125732, 3.1415927410125732, 3.1415927410125732, 3.1415927410125732, 3.1415927410125732, 3.1415927410125732, 3.1415927410125732, 3.1415927410125732, 3.1415927410125732, 3.1415927410125732, 3.1415927410125732, 3.1415927410125732, 3.1415927410125732, 3.1415927410125732, 3.1415927410125732, 3.1415927410125732, 3.1415927410125732, 3.1415927410125732, 3.1415927410125732, 3.1415927410125732, 3.1415927410125732, 3.1415927410125732, 3.1415927410125732, 3.1415927410125732, 3.1415927410125732, 3.1415927410125732, 3.1415927410125732, 3.1415927410125732, 3.1415927410125732, 3.1415927410125732, 3.1415927410125732, 3.1415927410125732, 3.1415927410125732, 3.1415927410125732, 3.1415927410125732, 3.1415927410125732, 3.1415927410125732, 3.1415927410125732, 3.1415927410125732, 3.1415927410125732, 3.1415927410125732, 3.1415927410125732, 3.1415927410125732, 3.1415927410125732, 3.1415927410125732, 3.1415927410125732, 3.1415927410125732, 3.1415927410125732, 3.1415927410125732, 3.1415927410125732, 3.1415927410125732, 3.1415927410125732, 3.1415927410125732, 3.1415927410125732, 3.1415927410125732, 3.1415927410125732, 3.1415927410125732, 3.1415927410125732, 3.1415927410125732, 3.1415927410125732, 3.1415927410125732, 3.1415927410125732, 3.1415927410125732, 3.1415927410125732, 3.1415927410125732, 3.1415927410125732, 3.1415927410125732, 3.1415927410125732, 3.1415927410125732, 3.1415927410125732, 3.1415927410125732, 3.1415927410125732, 3.1415927410125732, 3.1415927410125732, 3.1415927410125732, 3.1415927410125732, 3.1415927410125732, 3.1415927410125732, 3.1415927410125732, 3.1415927410125732, 3.1415927410125732, 3.1415927410125732, 3.1415927410125732, 3.1415927410125732, 3.1415927410125732, 3.1415927410125732, 3.1415927410125732, 3.1415927410125732, 3.1415927410125732, 3.1415927410125732, 3.1415927410125732, 3.1415927410125732, 3.1415927410125732, 3.1415927410125732, 3.1415927410125732, 3.1415927410125732, 3.1415927410125732, 3.1415927410125732, 3.1415927410125732, 3.1415927410125732, 3.1415927410125732, 3.1415927410125732, 3.1415927410125732, 3.1415927410125732, 3.1415927410125732, 3.1415927410125732, 3.1415927410125732, 3.1415927410125732, 3.1415927410125732, 3.1415927410125732, 3.1415927410125732, 3.1415927410125732, 3.1415927410125732, 3.1415927410125732, 3.1415927410125732, 3.1415927410125732, 3.1415927410125732, 3.1415927410125732, 3.1415927410125732, 3.1415927410125732, 3.1415927410125732, 3.1415927410125732, 3.1415927410125732, 3.1415927410125732, 3.1415927410125732, 3.1415927410125732, 3.1415927410125732, 3.1415927410125732, 3.1415927410125732, 3.1415927410125732, 3.1415927410125732, 3.1415927410125732, 3.1415927410125732, 3.1415927410125732, 3.1415927410125732, 3.1415927410125732, 3.1415927410125732, 3.1415927410125732, 3.1415927410125732, 3.1415927410125732, 3.1415927410125732, 3.1415927410125732, 3.1415927410125732, 3.1415927410125732, 3.1415927410125732, 3.1415927410125732, 3.1415927410125732, 3.1415927410125732, 3.1415927410125732, 3.1415927410125732, 3.1415927410125732, 3.1415927410125732, 3.1415927410125732, 3.1415927410125732, 3.1415927410125732, 3.1415927410125732, 3.1415927410125732, 3.1415927410125732, 3.1415927410125732, 3.1415927410125732, 3.1415927410125732, 3.1415927410125732, 3.1415927410125732, 3.1415927410125732, 3.1415927410125732, 3.1415927410125732, 3.1415927410125732, 3.1415927410125732, 3.1415927410125732, 3.1415927410125732, 3.1415927410125732, 3.1415927410125732, 3.1415927410125732, 3.1415927410125732, 3.1415927410125732, 3.1415927410125732, 3.1415927410125732, 3.1415927410125732, 3.1415927410125732, 3.1415927410125732, 3.1415927410125732, 3.1415927410125732, 3.1415927410125732, 3.1415927410125732, 3.1415927410125732, 3.1415927410125732, 3.1415927410125732, 3.1415927410125732, 3.1415927410125732, 3.1415927410125732, 3.1415927410125732, 3.1415927410125732, 3.1415927410125732, 3.1415927410125732, 3.1415927410125732, 3.1415927410125732, 3.1415927410125732, 3.1415927410125732, 3.1415927410125732, 3.1415927410125732, 3.1415927410125732, 3.1415927410125732, 3.1415927410125732, 3.1415927410125732, 3.1415927410125732, 3.1415927410125732, 3.1415927410125732, 3.1415927410125732, 3.1415927410125732, 0.0, 0.0, 0.0, 0.0, 0.0, 0.0, 0.0, 0.0, 0.0, 0.0, 0.0, 0.0, 0.0, 0.0, 0.0, 0.0, 3.1415927410125732, 3.1415927410125732, 3.1415927410125732, 3.1415927410125732, 3.1415927410125732, 3.1415927410125732, 3.1415927410125732, 3.1415927410125732, 3.1415927410125732, 3.1415927410125732, 3.1415927410125732, 3.1415927410125732, 3.1415927410125732, 3.1415927410125732, 3.1415927410125732, 3.1415927410125732, 0.0, 0.0, 0.0, 0.0, 0.0, 0.0, 0.0, 0.0, 0.0, 0.0, 0.0, 0.0, 0.0, 0.0, 0.0, 0.0, 3.1415927410125732, 3.1415927410125732, 3.1415927410125732, 3.1415927410125732, 3.1415927410125732, 3.1415927410125732, 3.1415927410125732, 3.1415927410125732, 3.1415927410125732, 3.1415927410125732, 3.1415927410125732, 3.1415927410125732, 3.1415927410125732, 3.1415927410125732, 3.1415927410125732, 3.1415927410125732, 0.0, 0.0, 0.0, 0.0, 0.0, 0.0, 0.0, 0.0, 0.0, 0.0, 0.0, 0.0, 0.0, 0.0, 0.0, 0.0, 3.1415927410125732, 3.1415927410125732, 3.1415927410125732, 3.1415927410125732, 3.1415927410125732, 3.1415927410125732, 3.1415927410125732, 3.1415927410125732, 3.1415927410125732, 3.1415927410125732, 3.1415927410125732, 3.1415927410125732, 3.1415927410125732, 3.1415927410125732, 3.1415927410125732, 3.1415927410125732, 0.0, 0.0, 0.0, 0.0, 0.0, 0.0, 0.0, 0.0, 0.0, 0.0, 0.0, 0.0, 0.0, 0.0, 0.0, 0.0, 3.1415927410125732, 3.1415927410125732, 3.1415927410125732, 3.1415927410125732, 3.1415927410125732, 3.1415927410125732, 3.1415927410125732, 3.1415927410125732, 3.1415927410125732, 3.1415927410125732, 3.1415927410125732, 3.1415927410125732, 3.1415927410125732, 3.1415927410125732, 3.1415927410125732, 3.1415927410125732, 0.0, 0.0, 0.0, 0.0, 0.0, 0.0, 0.0, 0.0, 0.0, 0.0, 0.0, 0.0, 0.0, 0.0, 0.0, 0.0, 3.1415927410125732, 3.1415927410125732, 3.1415927410125732, 3.1415927410125732, 3.1415927410125732, 3.1415927410125732, 3.1415927410125732, 3.1415927410125732, 3.1415927410125732, 3.1415927410125732, 3.1415927410125732, 3.1415927410125732, 3.1415927410125732, 3.1415927410125732, 3.1415927410125732, 3.1415927410125732, 0.0, 0.0, 0.0, 0.0, 0.0, 0.0, 0.0, 0.0, 0.0, 0.0, 0.0, 0.0, 0.0, 0.0, 0.0, 0.0, 3.1415927410125732, 3.1415927410125732, 3.1415927410125732, 3.1415927410125732, 3.1415927410125732, 3.1415927410125732, 3.1415927410125732, 3.1415927410125732, 3.1415927410125732, 3.1415927410125732, 3.1415927410125732, 3.1415927410125732, 3.1415927410125732, 3.1415927410125732, 3.1415927410125732, 3.1415927410125732, 0.0, 0.0, 0.0, 0.0, 0.0, 0.0, 0.0, 0.0, 0.0, 0.0, 0.0, 0.0, 0.0, 0.0, 0.0, 0.0, 3.1415927410125732, 3.1415927410125732, 3.1415927410125732, 3.1415927410125732, 3.1415927410125732, 3.1415927410125732, 3.1415927410125732, 3.1415927410125732, 3.1415927410125732, 3.1415927410125732, 3.1415927410125732, 3.1415927410125732, 3.1415927410125732, 3.1415927410125732, 3.1415927410125732, 3.1415927410125732, 0.0, 0.0, 0.0, 0.0, 0.0, 0.0, 0.0, 0.0, 0.0, 0.0, 0.0, 0.0, 0.0, 0.0, 0.0, 0.0, 3.1415927410125732, 3.1415927410125732, 3.1415927410125732, 3.1415927410125732, 3.1415927410125732, 3.1415927410125732, 3.1415927410125732, 3.1415927410125732, 3.1415927410125732, 3.1415927410125732, 3.1415927410125732, 3.1415927410125732, 3.1415927410125732, 3.1415927410125732, 3.1415927410125732, 3.1415927410125732, 0.0, 0.0, 0.0, 0.0, 0.0, 0.0, 0.0, 0.0, 0.0, 0.0, 0.0, 0.0, 0.0, 0.0, 0.0, 0.0, 0.0, 0.0, 0.0, 0.0, 0.0, 0.0, 0.0, 0.0, 0.0, 0.0, 0.0, 0.0, 0.0, 0.0, 0.0, 0.0, 0.0, 0.0, 0.0, 0.0, 0.0, 0.0, 0.0, 0.0, 0.0, 0.0, 0.0, 0.0, 0.0, 0.0, 0.0, 0.0, 0.0, 0.0, 0.0, 0.0, 0.0, 0.0, 0.0, 0.0, 0.0, 0.0, 0.0, 0.0, 0.0, 0.0, 0.0, 0.0, 0.0, 0.0, 0.0, 0.0, 0.0, 0.0, 0.0, 0.0, 0.0, 0.0, 0.0, 0.0, 0.0, 0.0, 0.0, 0.0, 0.0, 0.0, 0.0, 0.0, 0.0, 0.0, 0.0, 0.0, 0.0, 0.0, 0.0, 0.0, 0.0, 0.0, 0.0, 0.0, 0.0, 0.0, 0.0, 0.0, 0.0, 0.0, 0.0, 0.0, 0.0, 0.0, 0.0, 0.0, 0.0, 0.0, 0.0, 0.0, 0.0, 0.0, 0.0, 0.0, 0.0, 0.0, 0.0, 0.0, 0.0, 0.0, 0.0, 0.0, 0.0, 0.0, 0.0, 0.0, 0.0, 0.0, 0.0, 0.0, 0.0, 0.0, 0.0, 0.0, 0.0, 0.0, 0.0, 0.0, 0.0, 0.0, 0.0, 0.0, 0.0, 0.0, 0.0, 0.0, 0.0, 0.0, 0.0, 0.0, 0.0, 0.0, 0.0, 0.0, 0.0, 0.0, 0.0, 0.0, 0.0, 0.0, 0.0, 0.0, 0.0, 0.0, 0.0, 0.0, 0.0, 0.0, 0.0, 0.0, 0.0, 0.0, 0.0, 0.0, 0.0, 0.0, 0.0, 0.0, 0.0, 0.0, 0.0, 0.0, 0.0, 0.0, 0.0, 0.0, 0.0, 0.0, 0.0, 0.0, 0.0, 0.0, 0.0, 0.0, 0.0, 0.0, 0.0, 0.0, 0.0, 0.0, 0.0, 0.0, 0.0, 0.0, 0.0, 0.0, 0.0, 0.0, 0.0, 0.0, 0.0, 0.0, 0.0, 0.0, 0.0, 0.0, 0.0, 0.0, 0.0, 0.0, 0.0, 0.0, 0.0, 0.0, 0.0, 0.0, 0.0, 0.0, 0.0, 0.0, 0.0, 0.0, 0.0, 0.0, 0.0, 0.0, 0.0, 0.0, 0.0, 0.0, 0.0, 0.0, 0.0, 0.0, 0.0, 0.0, 0.0, 0.0, 0.0, 0.0, 0.0, 0.0, 0.0, 0.0, 0.0, 0.0, 0.0, 0.0, 0.0, 0.0, 0.0, 0.0, 3.1415927410125732, 3.1415927410125732, 3.1415927410125732, 3.1415927410125732, 3.1415927410125732, 3.1415927410125732, 3.1415927410125732, 3.1415927410125732, 0.0, 0.0, 0.0, 0.0, 0.0, 0.0, 0.0, 0.0, 0.0, 0.0, 0.0, 0.0, 0.0, 0.0, 0.0, 0.0, 0.0, 0.0, 0.0, 0.0, 0.0, 0.0, 0.0, 0.0, 3.1415927410125732, 3.1415927410125732, 3.1415927410125732, 3.1415927410125732, 3.1415927410125732, 3.1415927410125732, 3.1415927410125732, 3.1415927410125732, 0.0, 0.0, 0.0, 0.0, 0.0, 0.0, 0.0, 0.0, 0.0, 0.0, 0.0, 0.0, 0.0, 0.0, 0.0, 0.0, 0.0, 0.0, 0.0, 0.0, 0.0, 0.0, 0.0, 0.0, 3.1415927410125732, 3.1415927410125732, 3.1415927410125732, 3.1415927410125732, 3.1415927410125732, 3.1415927410125732, 3.1415927410125732, 3.1415927410125732, 0.0, 0.0, 0.0, 0.0, 0.0, 0.0, 0.0, 0.0, 0.0, 0.0, 0.0, 0.0, 0.0, 0.0, 0.0, 0.0, 0.0, 0.0, 0.0, 0.0, 0.0, 0.0, 0.0, 0.0, 3.1415927410125732, 3.1415927410125732, 3.1415927410125732, 3.1415927410125732, 3.1415927410125732, 3.1415927410125732, 3.1415927410125732, 3.1415927410125732, 0.0, 0.0, 0.0, 0.0, 0.0, 0.0, 0.0, 0.0, 0.0, 0.0, 0.0, 0.0, 0.0, 0.0, 0.0, 0.0, 0.0, 0.0, 0.0, 0.0, 0.0, 0.0, 0.0, 0.0, 3.1415927410125732, 3.1415927410125732, 3.1415927410125732, 3.1415927410125732, 3.1415927410125732, 3.1415927410125732, 3.1415927410125732, 3.1415927410125732, 0.0, 0.0, 0.0, 0.0, 0.0, 0.0, 0.0, 0.0, 0.0, 0.0, 0.0, 0.0, 0.0, 0.0, 0.0, 0.0, 0.0, 0.0, 0.0, 0.0, 0.0, 0.0, 0.0, 0.0, 3.1415927410125732, 3.1415927410125732, 3.1415927410125732, 3.1415927410125732, 3.1415927410125732, 3.1415927410125732, 3.1415927410125732, 3.1415927410125732, 0.0, 0.0, 0.0, 0.0, 0.0, 0.0, 0.0, 0.0, 0.0, 0.0, 0.0, 0.0, 0.0, 0.0, 0.0, 0.0, 0.0, 0.0, 0.0, 0.0, 0.0, 0.0, 0.0, 0.0, 3.1415927410125732, 3.1415927410125732, 3.1415927410125732, 3.1415927410125732, 3.1415927410125732, 3.1415927410125732, 3.1415927410125732, 3.1415927410125732, 0.0, 0.0, 0.0, 0.0, 0.0, 0.0, 0.0, 0.0, 0.0, 0.0, 0.0, 0.0, 0.0, 0.0, 0.0, 0.0, 0.0, 0.0, 0.0, 0.0, 0.0, 0.0, 0.0, 0.0, 3.1415927410125732, 3.1415927410125732, 3.1415927410125732, 3.1415927410125732, 3.1415927410125732, 3.1415927410125732, 3.1415927410125732, 3.1415927410125732, 0.0, 0.0, 0.0, 0.0, 0.0, 0.0, 0.0, 0.0, 0.0, 0.0, 0.0, 0.0, 0.0, 0.0, 0.0, 0.0]"
0.6088365,0.15223686,0.15219523,0.15220979,0.15219462,0.15220913,-9.53539467,-9.53664207,-9.53620815,-9.53666496,"[3.1415927410125732, 3.1415927410125732, 3.1415927410125732, 3.1415927410125732, 3.1415927410125732, 3.1415927410125732, 3.1415927410125732, 3.1415927410125732, 3.1415927410125732, 3.1415927410125732, 3.1415927410125732, 3.1415927410125732, 3.1415927410125732, 3.1415927410125732, 3.1415927410125732, 3.1415927410125732, 3.1415927410125732, 3.1415927410125732, 3.1415927410125732, 3.1415927410125732, 3.1415927410125732, 3.1415927410125732, 3.1415927410125732, 3.1415927410125732, 3.1415927410125732, 3.1415927410125732, 3.1415927410125732, 3.1415927410125732, 3.1415927410125732, 3.1415927410125732, 3.1415927410125732, 3.1415927410125732, 3.1415927410125732, 3.1415927410125732, 3.1415927410125732, 3.1415927410125732, 3.1415927410125732, 3.1415927410125732, 3.1415927410125732, 3.1415927410125732, 3.1415927410125732, 3.1415927410125732, 3.1415927410125732, 3.1415927410125732, 3.1415927410125732, 3.1415927410125732, 3.1415927410125732, 3.1415927410125732, 3.1415927410125732, 3.1415927410125732, 3.1415927410125732, 3.1415927410125732, 3.1415927410125732, 3.1415927410125732, 3.1415927410125732, 3.1415927410125732, 3.1415927410125732, 3.1415927410125732, 3.1415927410125732, 3.1415927410125732, 3.1415927410125732, 3.1415927410125732, 3.1415927410125732, 3.1415927410125732, 3.1415927410125732, 3.1415927410125732, 3.1415927410125732, 3.1415927410125732, 3.1415927410125732, 3.1415927410125732, 3.1415927410125732, 3.1415927410125732, 3.1415927410125732, 3.1415927410125732, 3.1415927410125732, 3.1415927410125732, 3.1415927410125732, 3.1415927410125732, 3.1415927410125732, 3.1415927410125732, 3.1415927410125732, 3.1415927410125732, 3.1415927410125732, 3.1415927410125732, 3.1415927410125732, 3.1415927410125732, 3.1415927410125732, 3.1415927410125732, 3.1415927410125732, 3.1415927410125732, 3.1415927410125732, 3.1415927410125732, 3.1415927410125732, 3.1415927410125732, 3.1415927410125732, 3.1415927410125732, 3.1415927410125732, 3.1415927410125732, 3.1415927410125732, 3.1415927410125732, 3.1415927410125732, 3.1415927410125732, 3.1415927410125732, 3.1415927410125732, 3.1415927410125732, 3.1415927410125732, 3.1415927410125732, 3.1415927410125732, 3.1415927410125732, 3.1415927410125732, 3.1415927410125732, 3.1415927410125732, 3.1415927410125732, 3.1415927410125732, 3.1415927410125732, 3.1415927410125732, 3.1415927410125732, 3.1415927410125732, 3.1415927410125732, 3.1415927410125732, 3.1415927410125732, 3.1415927410125732, 3.1415927410125732, 3.1415927410125732, 3.1415927410125732, 3.1415927410125732, 3.1415927410125732, 3.1415927410125732, 3.1415927410125732, 3.1415927410125732, 3.1415927410125732, 3.1415927410125732, 3.1415927410125732, 3.1415927410125732, 3.1415927410125732, 3.1415927410125732, 3.1415927410125732, 3.1415927410125732, 3.1415927410125732, 3.1415927410125732, 3.1415927410125732, 3.1415927410125732, 3.1415927410125732, 3.1415927410125732, 3.1415927410125732, 3.1415927410125732, 3.1415927410125732, 3.1415927410125732, 3.1415927410125732, 3.1415927410125732, 3.1415927410125732, 3.1415927410125732, 3.1415927410125732, 3.1415927410125732, 3.1415927410125732, 3.1415927410125732, 3.1415927410125732, 3.1415927410125732, 3.1415927410125732, 3.1415927410125732, 3.1415927410125732, 3.1415927410125732, 3.1415927410125732, 3.1415927410125732, 3.1415927410125732, 3.1415927410125732, 3.1415927410125732, 3.1415927410125732, 3.1415927410125732, 3.1415927410125732, 3.1415927410125732, 3.1415927410125732, 3.1415927410125732, 3.1415927410125732, 3.1415927410125732, 3.1415927410125732, 3.1415927410125732, 3.1415927410125732, 3.1415927410125732, 3.1415927410125732, 3.1415927410125732, 3.1415927410125732, 3.1415927410125732, 3.1415927410125732, 3.1415927410125732, 3.1415927410125732, 3.1415927410125732, 3.1415927410125732, 3.1415927410125732, 3.1415927410125732, 3.1415927410125732, 3.1415927410125732, 3.1415927410125732, 3.1415927410125732, 3.1415927410125732, 3.1415927410125732, 3.1415927410125732, 3.1415927410125732, 3.1415927410125732, 3.1415927410125732, 3.1415927410125732, 3.1415927410125732, 3.1415927410125732, 3.1415927410125732, 3.1415927410125732, 3.1415927410125732, 3.1415927410125732, 3.1415927410125732, 3.1415927410125732, 3.1415927410125732, 3.1415927410125732, 3.1415927410125732, 3.1415927410125732, 3.1415927410125732, 3.1415927410125732, 3.1415927410125732, 3.1415927410125732, 3.1415927410125732, 3.1415927410125732, 3.1415927410125732, 3.1415927410125732, 3.1415927410125732, 3.1415927410125732, 3.1415927410125732, 3.1415927410125732, 3.1415927410125732, 3.1415927410125732, 3.1415927410125732, 3.1415927410125732, 3.1415927410125732, 3.1415927410125732, 3.1415927410125732, 3.1415927410125732, 3.1415927410125732, 3.1415927410125732, 3.1415927410125732, 3.1415927410125732, 3.1415927410125732, 3.1415927410125732, 3.1415927410125732, 3.1415927410125732, 3.1415927410125732, 3.1415927410125732, 3.1415927410125732, 3.1415927410125732, 3.1415927410125732, 3.1415927410125732, 3.1415927410125732, 3.1415927410125732, 3.1415927410125732, 3.1415927410125732, 3.1415927410125732, 3.1415927410125732, 3.1415927410125732, 3.1415927410125732, 3.1415927410125732, 0.0, 0.0, 0.0, 0.0, 0.0, 0.0, 0.0, 0.0, 0.0, 0.0, 0.0, 0.0, 0.0, 0.0, 0.0, 0.0, 3.1415927410125732, 3.1415927410125732, 3.1415927410125732, 3.1415927410125732, 3.1415927410125732, 3.1415927410125732, 3.1415927410125732, 3.1415927410125732, 3.1415927410125732, 3.1415927410125732, 3.1415927410125732, 3.1415927410125732, 3.1415927410125732, 3.1415927410125732, 3.1415927410125732, 3.1415927410125732, 0.0, 0.0, 0.0, 0.0, 0.0, 0.0, 0.0, 0.0, 0.0, 0.0, 0.0, 0.0, 0.0, 0.0, 0.0, 0.0, 3.1415927410125732, 3.1415927410125732, 3.1415927410125732, 3.1415927410125732, 3.1415927410125732, 3.1415927410125732, 3.1415927410125732, 3.1415927410125732, 3.1415927410125732, 3.1415927410125732, 3.1415927410125732, 3.1415927410125732, 3.1415927410125732, 3.1415927410125732, 3.1415927410125732, 3.1415927410125732, 0.0, 0.0, 0.0, 0.0, 0.0, 0.0, 0.0, 0.0, 0.0, 0.0, 0.0, 0.0, 0.0, 0.0, 0.0, 0.0, 3.1415927410125732, 3.1415927410125732, 3.1415927410125732, 3.1415927410125732, 3.1415927410125732, 3.1415927410125732, 3.1415927410125732, 3.1415927410125732, 3.1415927410125732, 3.1415927410125732, 3.1415927410125732, 3.1415927410125732, 3.1415927410125732, 3.1415927410125732, 3.1415927410125732, 3.1415927410125732, 0.0, 0.0, 0.0, 0.0, 0.0, 0.0, 0.0, 0.0, 0.0, 0.0, 0.0, 0.0, 0.0, 0.0, 0.0, 0.0, 3.1415927410125732, 3.1415927410125732, 3.1415927410125732, 3.1415927410125732, 3.1415927410125732, 3.1415927410125732, 3.1415927410125732, 3.1415927410125732, 3.1415927410125732, 3.1415927410125732, 3.1415927410125732, 3.1415927410125732, 3.1415927410125732, 3.1415927410125732, 3.1415927410125732, 3.1415927410125732, 0.0, 0.0, 0.0, 0.0, 0.0, 0.0, 0.0, 0.0, 0.0, 0.0, 0.0, 0.0, 0.0, 0.0, 0.0, 0.0, 3.1415927410125732, 3.1415927410125732, 3.1415927410125732, 3.1415927410125732, 3.1415927410125732, 3.1415927410125732, 3.1415927410125732, 3.1415927410125732, 3.1415927410125732, 3.1415927410125732, 3.1415927410125732, 3.1415927410125732, 3.1415927410125732, 3.1415927410125732, 3.1415927410125732, 3.1415927410125732, 0.0, 0.0, 0.0, 0.0, 0.0, 0.0, 0.0, 0.0, 0.0, 0.0, 0.0, 0.0, 0.0, 0.0, 0.0, 0.0, 3.1415927410125732, 3.1415927410125732, 3.1415927410125732, 3.1415927410125732, 3.1415927410125732, 3.1415927410125732, 3.1415927410125732, 3.1415927410125732, 3.1415927410125732, 3.1415927410125732, 3.1415927410125732, 3.1415927410125732, 3.1415927410125732, 3.1415927410125732, 3.1415927410125732, 3.1415927410125732, 0.0, 0.0, 0.0, 0.0, 0.0, 0.0, 0.0, 0.0, 0.0, 0.0, 0.0, 0.0, 0.0, 0.0, 0.0, 0.0, 3.1415927410125732, 3.1415927410125732, 3.1415927410125732, 3.1415927410125732, 3.1415927410125732, 3.1415927410125732, 3.1415927410125732, 3.1415927410125732, 3.1415927410125732, 3.1415927410125732, 3.1415927410125732, 3.1415927410125732, 3.1415927410125732, 3.1415927410125732, 3.1415927410125732, 3.1415927410125732, 0.0, 0.0, 0.0, 0.0, 0.0, 0.0, 0.0, 0.0, 0.0, 0.0, 0.0, 0.0, 0.0, 0.0, 0.0, 0.0, 3.1415927410125732, 3.1415927410125732, 3.1415927410125732, 3.1415927410125732, 3.1415927410125732, 3.1415927410125732, 3.1415927410125732, 3.1415927410125732, 3.1415927410125732, 3.1415927410125732, 3.1415927410125732, 3.1415927410125732, 3.1415927410125732, 3.1415927410125732, 3.1415927410125732, 3.1415927410125732, 0.0, 0.0, 0.0, 0.0, 0.0, 0.0, 0.0, 0.0, 0.0, 0.0, 0.0, 0.0, 0.0, 0.0, 0.0, 0.0, 0.0, 0.0, 0.0, 0.0, 0.0, 0.0, 0.0, 0.0, 0.0, 0.0, 0.0, 0.0, 0.0, 0.0, 0.0, 0.0, 0.0, 0.0, 0.0, 0.0, 0.0, 0.0, 0.0, 0.0, 0.0, 0.0, 0.0, 0.0, 0.0, 0.0, 0.0, 0.0, 0.0, 0.0, 0.0, 0.0, 0.0, 0.0, 0.0, 0.0, 0.0, 0.0, 0.0, 0.0, 0.0, 0.0, 0.0, 0.0, 0.0, 0.0, 0.0, 0.0, 0.0, 0.0, 0.0, 0.0, 0.0, 0.0, 0.0, 0.0, 0.0, 0.0, 0.0, 0.0, 0.0, 0.0, 0.0, 0.0, 0.0, 0.0, 0.0, 0.0, 0.0, 0.0, 0.0, 0.0, 0.0, 0.0, 0.0, 0.0, 0.0, 0.0, 0.0, 0.0, 0.0, 0.0, 0.0, 0.0, 0.0, 0.0, 0.0, 0.0, 0.0, 0.0, 0.0, 0.0, 0.0, 0.0, 0.0, 0.0, 0.0, 0.0, 0.0, 0.0, 0.0, 0.0, 0.0, 0.0, 0.0, 0.0, 0.0, 0.0, 0.0, 0.0, 0.0, 0.0, 0.0, 0.0, 0.0, 0.0, 0.0, 0.0, 0.0, 0.0, 0.0, 0.0, 0.0, 0.0, 0.0, 0.0, 0.0, 0.0, 0.0, 0.0, 0.0, 0.0, 0.0, 0.0, 0.0, 0.0, 0.0, 0.0, 0.0, 0.0, 0.0, 0.0, 0.0, 0.0, 0.0, 0.0, 0.0, 0.0, 0.0, 0.0, 0.0, 0.0, 0.0, 0.0, 0.0, 0.0, 0.0, 0.0, 0.0, 0.0, 0.0, 0.0, 0.0, 0.0, 0.0, 0.0, 0.0, 0.0, 0.0, 0.0, 0.0, 0.0, 0.0, 0.0, 0.0, 0.0, 0.0, 0.0, 0.0, 0.0, 0.0, 0.0, 0.0, 0.0, 0.0, 0.0, 0.0, 0.0, 0.0, 0.0, 0.0, 0.0, 0.0, 0.0, 0.0, 0.0, 0.0, 0.0, 0.0, 0.0, 0.0, 0.0, 0.0, 0.0, 0.0, 0.0, 0.0, 0.0, 0.0, 0.0, 0.0, 0.0, 0.0, 0.0, 0.0, 0.0, 0.0, 0.0, 0.0, 0.0, 0.0, 0.0, 0.0, 0.0, 0.0, 0.0, 0.0, 0.0, 0.0, 0.0, 0.0, 0.0, 0.0, 0.0, 0.0, 0.0, 0.0, 0.0, 0.0, 0.0, 0.0, 0.0, 0.0, 0.0, 3.1415927410125732, 3.1415927410125732, 3.1415927410125732, 3.1415927410125732, 3.1415927410125732, 3.1415927410125732, 3.1415927410125732, 3.1415927410125732, 0.0, 0.0, 0.0, 0.0, 0.0, 0.0, 0.0, 0.0, 0.0, 0.0, 0.0, 0.0, 0.0, 0.0, 0.0, 0.0, 0.0, 0.0, 0.0, 0.0, 0.0, 0.0, 0.0, 0.0, 3.1415927410125732, 3.1415927410125732, 3.1415927410125732, 3.1415927410125732, 3.1415927410125732, 3.1415927410125732, 3.1415927410125732, 3.1415927410125732, 0.0, 0.0, 0.0, 0.0, 0.0, 0.0, 0.0, 0.0, 0.0, 0.0, 0.0, 0.0, 0.0, 0.0, 0.0, 0.0, 0.0, 0.0, 0.0, 0.0, 0.0, 0.0, 0.0, 0.0, 3.1415927410125732, 3.1415927410125732, 3.1415927410125732, 3.1415927410125732, 3.1415927410125732, 3.1415927410125732, 3.1415927410125732, 3.1415927410125732, 0.0, 0.0, 0.0, 0.0, 0.0, 0.0, 0.0, 0.0, 0.0, 0.0, 0.0, 0.0, 0.0, 0.0, 0.0, 0.0, 0.0, 0.0, 0.0, 0.0, 0.0, 0.0, 0.0, 0.0, 3.1415927410125732, 3.1415927410125732, 3.1415927410125732, 3.1415927410125732, 3.1415927410125732, 3.1415927410125732, 3.1415927410125732, 3.1415927410125732, 0.0, 0.0, 0.0, 0.0, 0.0, 0.0, 0.0, 0.0, 0.0, 0.0, 0.0, 0.0, 0.0, 0.0, 0.0, 0.0, 0.0, 0.0, 0.0, 0.0, 0.0, 0.0, 0.0, 0.0, 3.1415927410125732, 3.1415927410125732, 3.1415927410125732, 3.1415927410125732, 3.1415927410125732, 3.1415927410125732, 3.1415927410125732, 3.1415927410125732, 0.0, 0.0, 0.0, 0.0, 0.0, 0.0, 0.0, 0.0, 0.0, 0.0, 0.0, 0.0, 0.0, 0.0, 0.0, 0.0, 0.0, 0.0, 0.0, 0.0, 0.0, 0.0, 0.0, 0.0, 3.1415927410125732, 3.1415927410125732, 3.1415927410125732, 3.1415927410125732, 3.1415927410125732, 3.1415927410125732, 3.1415927410125732, 3.1415927410125732, 0.0, 0.0, 0.0, 0.0, 0.0, 0.0, 0.0, 0.0, 0.0, 0.0, 0.0, 0.0, 0.0, 0.0, 0.0, 0.0, 0.0, 0.0, 0.0, 0.0, 0.0, 0.0, 0.0, 0.0, 3.1415927410125732, 3.1415927410125732, 3.1415927410125732, 3.1415927410125732, 3.1415927410125732, 3.1415927410125732, 3.1415927410125732, 3.1415927410125732, 0.0, 0.0, 0.0, 0.0, 0.0, 0.0, 0.0, 0.0, 0.0, 0.0, 0.0, 0.0, 0.0, 0.0, 0.0, 0.0, 0.0, 0.0, 0.0, 0.0, 0.0, 0.0, 0.0, 0.0, 3.1415927410125732, 3.1415927410125732, 3.1415927410125732, 3.1415927410125732, 3.1415927410125732, 3.1415927410125732, 3.1415927410125732, 3.1415927410125732, 0.0, 0.0, 0.0, 0.0, 0.0, 0.0, 0.0, 0.0, 0.0, 0.0, 0.0, 0.0, 0.0, 0.0, 0.0, 0.0]"
0.6088365,0.15223686,0.15219523,0.15220979,0.15219462,0.15220913,-9.53539467,-9.53664207,-9.53620815,-9.53666496,"[3.1415927410125732, 3.1415927410125732, 3.1415927410125732, 3.1415927410125732, 3.1415927410125732, 3.1415927410125732, 3.1415927410125732, 3.1415927410125732, 3.1415927410125732, 3.1415927410125732, 3.1415927410125732, 3.1415927410125732, 3.1415927410125732, 3.1415927410125732, 3.1415927410125732, 3.1415927410125732, 3.1415927410125732, 3.1415927410125732, 3.1415927410125732, 3.1415927410125732, 3.1415927410125732, 3.1415927410125732, 3.1415927410125732, 3.1415927410125732, 3.1415927410125732, 3.1415927410125732, 3.1415927410125732, 3.1415927410125732, 3.1415927410125732, 3.1415927410125732, 3.1415927410125732, 3.1415927410125732, 3.1415927410125732, 3.1415927410125732, 3.1415927410125732, 3.1415927410125732, 3.1415927410125732, 3.1415927410125732, 3.1415927410125732, 3.1415927410125732, 3.1415927410125732, 3.1415927410125732, 3.1415927410125732, 3.1415927410125732, 3.1415927410125732, 3.1415927410125732, 3.1415927410125732, 3.1415927410125732, 3.1415927410125732, 3.1415927410125732, 3.1415927410125732, 3.1415927410125732, 3.1415927410125732, 3.1415927410125732, 3.1415927410125732, 3.1415927410125732, 3.1415927410125732, 3.1415927410125732, 3.1415927410125732, 3.1415927410125732, 3.1415927410125732, 3.1415927410125732, 3.1415927410125732, 3.1415927410125732, 3.1415927410125732, 3.1415927410125732, 3.1415927410125732, 3.1415927410125732, 3.1415927410125732, 3.1415927410125732, 3.1415927410125732, 3.1415927410125732, 3.1415927410125732, 3.1415927410125732, 3.1415927410125732, 3.1415927410125732, 3.1415927410125732, 3.1415927410125732, 3.1415927410125732, 3.1415927410125732, 3.1415927410125732, 3.1415927410125732, 3.1415927410125732, 3.1415927410125732, 3.1415927410125732, 3.1415927410125732, 3.1415927410125732, 3.1415927410125732, 3.1415927410125732, 3.1415927410125732, 3.1415927410125732, 3.1415927410125732, 3.1415927410125732, 3.1415927410125732, 3.1415927410125732, 3.1415927410125732, 3.1415927410125732, 3.1415927410125732, 3.1415927410125732, 3.1415927410125732, 3.1415927410125732, 3.1415927410125732, 3.1415927410125732, 3.1415927410125732, 3.1415927410125732, 3.1415927410125732, 3.1415927410125732, 3.1415927410125732, 3.1415927410125732, 3.1415927410125732, 3.1415927410125732, 3.1415927410125732, 3.1415927410125732, 3.1415927410125732, 3.1415927410125732, 3.1415927410125732, 3.1415927410125732, 3.1415927410125732, 3.1415927410125732, 3.1415927410125732, 3.1415927410125732, 3.1415927410125732, 3.1415927410125732, 3.1415927410125732, 3.1415927410125732, 3.1415927410125732, 3.1415927410125732, 3.1415927410125732, 3.1415927410125732, 3.1415927410125732, 3.1415927410125732, 3.1415927410125732, 3.1415927410125732, 3.1415927410125732, 3.1415927410125732, 3.1415927410125732, 3.1415927410125732, 3.1415927410125732, 3.1415927410125732, 3.1415927410125732, 3.1415927410125732, 3.1415927410125732, 3.1415927410125732, 3.1415927410125732, 3.1415927410125732, 3.1415927410125732, 3.1415927410125732, 3.1415927410125732, 3.1415927410125732, 3.1415927410125732, 3.1415927410125732, 3.1415927410125732, 3.1415927410125732, 3.1415927410125732, 3.1415927410125732, 3.1415927410125732, 3.1415927410125732, 3.1415927410125732, 3.1415927410125732, 3.1415927410125732, 3.1415927410125732, 3.1415927410125732, 3.1415927410125732, 3.1415927410125732, 3.1415927410125732, 3.1415927410125732, 3.1415927410125732, 3.1415927410125732, 3.1415927410125732, 3.1415927410125732, 3.1415927410125732, 3.1415927410125732, 3.1415927410125732, 3.1415927410125732, 3.1415927410125732, 3.1415927410125732, 3.1415927410125732, 3.1415927410125732, 3.1415927410125732, 3.1415927410125732, 3.1415927410125732, 3.1415927410125732, 3.1415927410125732, 3.1415927410125732, 3.1415927410125732, 3.1415927410125732, 3.1415927410125732, 3.1415927410125732, 3.1415927410125732, 3.1415927410125732, 3.1415927410125732, 3.1415927410125732, 3.1415927410125732, 3.1415927410125732, 3.1415927410125732, 3.1415927410125732, 3.1415927410125732, 3.1415927410125732, 3.1415927410125732, 3.1415927410125732, 3.1415927410125732, 3.1415927410125732, 3.1415927410125732, 3.1415927410125732, 3.1415927410125732, 3.1415927410125732, 3.1415927410125732, 3.1415927410125732, 3.1415927410125732, 3.1415927410125732, 3.1415927410125732, 3.1415927410125732, 3.1415927410125732, 3.1415927410125732, 3.1415927410125732, 3.1415927410125732, 3.1415927410125732, 3.1415927410125732, 3.1415927410125732, 3.1415927410125732, 3.1415927410125732, 3.1415927410125732, 3.1415927410125732, 3.1415927410125732, 3.1415927410125732, 3.1415927410125732, 3.1415927410125732, 3.1415927410125732, 3.1415927410125732, 3.1415927410125732, 3.1415927410125732, 3.1415927410125732, 3.1415927410125732, 3.1415927410125732, 3.1415927410125732, 3.1415927410125732, 3.1415927410125732, 3.1415927410125732, 3.1415927410125732, 3.1415927410125732, 3.1415927410125732, 3.1415927410125732, 3.1415927410125732, 3.1415927410125732, 3.1415927410125732, 3.1415927410125732, 3.1415927410125732, 3.1415927410125732, 3.1415927410125732, 3.1415927410125732, 3.1415927410125732, 3.1415927410125732, 3.1415927410125732, 3.1415927410125732, 3.1415927410125732, 3.1415927410125732, 0.0, 0.0, 0.0, 0.0, 0.0, 0.0, 0.0, 0.0, 0.0, 0.0, 0.0, 0.0, 0.0, 0.0, 0.0, 0.0, 3.1415927410125732, 3.1415927410125732, 3.1415927410125732, 3.1415927410125732, 3.1415927410125732, 3.1415927410125732, 3.1415927410125732, 3.1415927410125732, 3.1415927410125732, 3.1415927410125732, 3.1415927410125732, 3.1415927410125732, 3.1415927410125732, 3.1415927410125732, 3.1415927410125732, 3.1415927410125732, 0.0, 0.0, 0.0, 0.0, 0.0, 0.0, 0.0, 0.0, 0.0, 0.0, 0.0, 0.0, 0.0, 0.0, 0.0, 0.0, 3.1415927410125732, 3.1415927410125732, 3.1415927410125732, 3.1415927410125732, 3.1415927410125732, 3.1415927410125732, 3.1415927410125732, 3.1415927410125732, 3.1415927410125732, 3.1415927410125732, 3.1415927410125732, 3.1415927410125732, 3.1415927410125732, 3.1415927410125732, 3.1415927410125732, 3.1415927410125732, 0.0, 0.0, 0.0, 0.0, 0.0, 0.0, 0.0, 0.0, 0.0, 0.0, 0.0, 0.0, 0.0, 0.0, 0.0, 0.0, 3.1415927410125732, 3.1415927410125732, 3.1415927410125732, 3.1415927410125732, 3.1415927410125732, 3.1415927410125732, 3.1415927410125732, 3.1415927410125732, 3.1415927410125732, 3.1415927410125732, 3.1415927410125732, 3.1415927410125732, 3.1415927410125732, 3.1415927410125732, 3.1415927410125732, 3.1415927410125732, 0.0, 0.0, 0.0, 0.0, 0.0, 0.0, 0.0, 0.0, 0.0, 0.0, 0.0, 0.0, 0.0, 0.0, 0.0, 0.0, 3.1415927410125732, 3.1415927410125732, 3.1415927410125732, 3.1415927410125732, 3.1415927410125732, 3.1415927410125732, 3.1415927410125732, 3.1415927410125732, 3.1415927410125732, 3.1415927410125732, 3.1415927410125732, 3.1415927410125732, 3.1415927410125732, 3.1415927410125732, 3.1415927410125732, 3.1415927410125732, 0.0, 0.0, 0.0, 0.0, 0.0, 0.0, 0.0, 0.0, 0.0, 0.0, 0.0, 0.0, 0.0, 0.0, 0.0, 0.0, 3.1415927410125732, 3.1415927410125732, 3.1415927410125732, 3.1415927410125732, 3.1415927410125732, 3.1415927410125732, 3.1415927410125732, 3.1415927410125732, 3.1415927410125732, 3.1415927410125732, 3.1415927410125732, 3.1415927410125732, 3.1415927410125732, 3.1415927410125732, 3.1415927410125732, 3.1415927410125732, 0.0, 0.0, 0.0, 0.0, 0.0, 0.0, 0.0, 0.0, 0.0, 0.0, 0.0, 0.0, 0.0, 0.0, 0.0, 0.0, 3.1415927410125732, 3.1415927410125732, 3.1415927410125732, 3.1415927410125732, 3.1415927410125732, 3.1415927410125732, 3.1415927410125732, 3.1415927410125732, 3.1415927410125732, 3.1415927410125732, 3.1415927410125732, 3.1415927410125732, 3.1415927410125732, 3.1415927410125732, 3.1415927410125732, 3.1415927410125732, 0.0, 0.0, 0.0, 0.0, 0.0, 0.0, 0.0, 0.0, 0.0, 0.0, 0.0, 0.0, 0.0, 0.0, 0.0, 0.0, 3.1415927410125732, 3.1415927410125732, 3.1415927410125732, 3.1415927410125732, 3.1415927410125732, 3.1415927410125732, 3.1415927410125732, 3.1415927410125732, 3.1415927410125732, 3.1415927410125732, 3.1415927410125732, 3.1415927410125732, 3.1415927410125732, 3.1415927410125732, 3.1415927410125732, 3.1415927410125732, 0.0, 0.0, 0.0, 0.0, 0.0, 0.0, 0.0, 0.0, 0.0, 0.0, 0.0, 0.0, 0.0, 0.0, 0.0, 0.0, 3.1415927410125732, 3.1415927410125732, 3.1415927410125732, 3.1415927410125732, 3.1415927410125732, 3.1415927410125732, 3.1415927410125732, 3.1415927410125732, 3.1415927410125732, 3.1415927410125732, 3.1415927410125732, 3.1415927410125732, 3.1415927410125732, 3.1415927410125732, 3.1415927410125732, 3.1415927410125732, 0.0, 0.0, 0.0, 0.0, 0.0, 0.0, 0.0, 0.0, 0.0, 0.0, 0.0, 0.0, 0.0, 0.0, 0.0, 0.0, 0.0, 0.0, 0.0, 0.0, 0.0, 0.0, 0.0, 0.0, 0.0, 0.0, 0.0, 0.0, 0.0, 0.0, 0.0, 0.0, 0.0, 0.0, 0.0, 0.0, 0.0, 0.0, 0.0, 0.0, 0.0, 0.0, 0.0, 0.0, 0.0, 0.0, 0.0, 0.0, 0.0, 0.0, 0.0, 0.0, 0.0, 0.0, 0.0, 0.0, 0.0, 0.0, 0.0, 0.0, 0.0, 0.0, 0.0, 0.0, 0.0, 0.0, 0.0, 0.0, 0.0, 0.0, 0.0, 0.0, 0.0, 0.0, 0.0, 0.0, 0.0, 0.0, 0.0, 0.0, 0.0, 0.0, 0.0, 0.0, 0.0, 0.0, 0.0, 0.0, 0.0, 0.0, 0.0, 0.0, 0.0, 0.0, 0.0, 0.0, 0.0, 0.0, 0.0, 0.0, 0.0, 0.0, 0.0, 0.0, 0.0, 0.0, 0.0, 0.0, 0.0, 0.0, 0.0, 0.0, 0.0, 0.0, 0.0, 0.0, 0.0, 0.0, 0.0, 0.0, 0.0, 0.0, 0.0, 0.0, 0.0, 0.0, 0.0, 0.0, 0.0, 0.0, 0.0, 0.0, 0.0, 0.0, 0.0, 0.0, 0.0, 0.0, 0.0, 0.0, 0.0, 0.0, 0.0, 0.0, 0.0, 0.0, 0.0, 0.0, 0.0, 0.0, 0.0, 0.0, 0.0, 0.0, 0.0, 0.0, 0.0, 0.0, 0.0, 0.0, 0.0, 0.0, 0.0, 0.0, 0.0, 0.0, 0.0, 0.0, 0.0, 0.0, 0.0, 0.0, 0.0, 0.0, 0.0, 0.0, 0.0, 0.0, 0.0, 0.0, 0.0, 0.0, 0.0, 0.0, 0.0, 0.0, 0.0, 0.0, 0.0, 0.0, 0.0, 0.0, 0.0, 0.0, 0.0, 0.0, 0.0, 0.0, 0.0, 0.0, 0.0, 0.0, 0.0, 0.0, 0.0, 0.0, 0.0, 0.0, 0.0, 0.0, 0.0, 0.0, 0.0, 0.0, 0.0, 0.0, 0.0, 0.0, 0.0, 0.0, 0.0, 0.0, 0.0, 0.0, 0.0, 0.0, 0.0, 0.0, 0.0, 0.0, 0.0, 0.0, 0.0, 0.0, 0.0, 0.0, 0.0, 0.0, 0.0, 0.0, 0.0, 0.0, 0.0, 0.0, 0.0, 0.0, 0.0, 0.0, 0.0, 0.0, 0.0, 0.0, 0.0, 0.0, 0.0, 0.0, 0.0, 0.0, 0.0, 0.0, 0.0, 0.0, 0.0, 0.0, 3.1415927410125732, 3.1415927410125732, 3.1415927410125732, 3.1415927410125732, 3.1415927410125732, 3.1415927410125732, 3.1415927410125732, 3.1415927410125732, 0.0, 0.0, 0.0, 0.0, 0.0, 0.0, 0.0, 0.0, 0.0, 0.0, 0.0, 0.0, 0.0, 0.0, 0.0, 0.0, 0.0, 0.0, 0.0, 0.0, 0.0, 0.0, 0.0, 0.0, 3.1415927410125732, 3.1415927410125732, 3.1415927410125732, 3.1415927410125732, 3.1415927410125732, 3.1415927410125732, 3.1415927410125732, 3.1415927410125732, 0.0, 0.0, 0.0, 0.0, 0.0, 0.0, 0.0, 0.0, 0.0, 0.0, 0.0, 0.0, 0.0, 0.0, 0.0, 0.0, 0.0, 0.0, 0.0, 0.0, 0.0, 0.0, 0.0, 0.0, 3.1415927410125732, 3.1415927410125732, 3.1415927410125732, 3.1415927410125732, 3.1415927410125732, 3.1415927410125732, 3.1415927410125732, 3.1415927410125732, 0.0, 0.0, 0.0, 0.0, 0.0, 0.0, 0.0, 0.0, 0.0, 0.0, 0.0, 0.0, 0.0, 0.0, 0.0, 0.0, 0.0, 0.0, 0.0, 0.0, 0.0, 0.0, 0.0, 0.0, 3.1415927410125732, 3.1415927410125732, 3.1415927410125732, 3.1415927410125732, 3.1415927410125732, 3.1415927410125732, 3.1415927410125732, 3.1415927410125732, 0.0, 0.0, 0.0, 0.0, 0.0, 0.0, 0.0, 0.0, 0.0, 0.0, 0.0, 0.0, 0.0, 0.0, 0.0, 0.0, 0.0, 0.0, 0.0, 0.0, 0.0, 0.0, 0.0, 0.0, 3.1415927410125732, 3.1415927410125732, 3.1415927410125732, 3.1415927410125732, 3.1415927410125732, 3.1415927410125732, 3.1415927410125732, 3.1415927410125732, 0.0, 0.0, 0.0, 0.0, 0.0, 0.0, 0.0, 0.0, 0.0, 0.0, 0.0, 0.0, 0.0, 0.0, 0.0, 0.0, 0.0, 0.0, 0.0, 0.0, 0.0, 0.0, 0.0, 0.0, 3.1415927410125732, 3.1415927410125732, 3.1415927410125732, 3.1415927410125732, 3.1415927410125732, 3.1415927410125732, 3.1415927410125732, 3.1415927410125732, 0.0, 0.0, 0.0, 0.0, 0.0, 0.0, 0.0, 0.0, 0.0, 0.0, 0.0, 0.0, 0.0, 0.0, 0.0, 0.0, 0.0, 0.0, 0.0, 0.0, 0.0, 0.0, 0.0, 0.0, 3.1415927410125732, 3.1415927410125732, 3.1415927410125732, 3.1415927410125732, 3.1415927410125732, 3.1415927410125732, 3.1415927410125732, 3.1415927410125732, 0.0, 0.0, 0.0, 0.0, 0.0, 0.0, 0.0, 0.0, 0.0, 0.0, 0.0, 0.0, 0.0, 0.0, 0.0, 0.0, 0.0, 0.0, 0.0, 0.0, 0.0, 0.0, 0.0, 0.0, 3.1415927410125732, 3.1415927410125732, 3.1415927410125732, 3.1415927410125732, 3.1415927410125732, 3.1415927410125732, 3.1415927410125732, 3.1415927410125732, 0.0, 0.0, 0.0, 0.0, 0.0, 0.0, 0.0, 0.0, 0.0, 0.0, 0.0, 0.0, 0.0, 0.0, 0.0, 0.0]"
0.6088365,0.15223686,0.15219523,0.15220979,0.15219462,0.15220913,-9.53539467,-9.53664207,-9.53620815,-9.53666496,"[3.1415927410125732, 3.1415927410125732, 3.1415927410125732, 3.1415927410125732, 3.1415927410125732, 3.1415927410125732, 3.1415927410125732, 3.1415927410125732, 3.1415927410125732, 3.1415927410125732, 3.1415927410125732, 3.1415927410125732, 3.1415927410125732, 3.1415927410125732, 3.1415927410125732, 3.1415927410125732, 3.1415927410125732, 3.1415927410125732, 3.1415927410125732, 3.1415927410125732, 3.1415927410125732, 3.1415927410125732, 3.1415927410125732, 3.1415927410125732, 3.1415927410125732, 3.1415927410125732, 3.1415927410125732, 3.1415927410125732, 3.1415927410125732, 3.1415927410125732, 3.1415927410125732, 3.1415927410125732, 3.1415927410125732, 3.1415927410125732, 3.1415927410125732, 3.1415927410125732, 3.1415927410125732, 3.1415927410125732, 3.1415927410125732, 3.1415927410125732, 3.1415927410125732, 3.1415927410125732, 3.1415927410125732, 3.1415927410125732, 3.1415927410125732, 3.1415927410125732, 3.1415927410125732, 3.1415927410125732, 3.1415927410125732, 3.1415927410125732, 3.1415927410125732, 3.1415927410125732, 3.1415927410125732, 3.1415927410125732, 3.1415927410125732, 3.1415927410125732, 3.1415927410125732, 3.1415927410125732, 3.1415927410125732, 3.1415927410125732, 3.1415927410125732, 3.1415927410125732, 3.1415927410125732, 3.1415927410125732, 3.1415927410125732, 3.1415927410125732, 3.1415927410125732, 3.1415927410125732, 3.1415927410125732, 3.1415927410125732, 3.1415927410125732, 3.1415927410125732, 3.1415927410125732, 3.1415927410125732, 3.1415927410125732, 3.1415927410125732, 3.1415927410125732, 3.1415927410125732, 3.1415927410125732, 3.1415927410125732, 3.1415927410125732, 3.1415927410125732, 3.1415927410125732, 3.1415927410125732, 3.1415927410125732, 3.1415927410125732, 3.1415927410125732, 3.1415927410125732, 3.1415927410125732, 3.1415927410125732, 3.1415927410125732, 3.1415927410125732, 3.1415927410125732, 3.1415927410125732, 3.1415927410125732, 3.1415927410125732, 3.1415927410125732, 3.1415927410125732, 3.1415927410125732, 3.1415927410125732, 3.1415927410125732, 3.1415927410125732, 3.1415927410125732, 3.1415927410125732, 3.1415927410125732, 3.1415927410125732, 3.1415927410125732, 3.1415927410125732, 3.1415927410125732, 3.1415927410125732, 3.1415927410125732, 3.1415927410125732, 3.1415927410125732, 3.1415927410125732, 3.1415927410125732, 3.1415927410125732, 3.1415927410125732, 3.1415927410125732, 3.1415927410125732, 3.1415927410125732, 3.1415927410125732, 3.1415927410125732, 3.1415927410125732, 3.1415927410125732, 3.1415927410125732, 3.1415927410125732, 3.1415927410125732, 3.1415927410125732, 3.1415927410125732, 3.1415927410125732, 3.1415927410125732, 3.1415927410125732, 3.1415927410125732, 3.1415927410125732, 3.1415927410125732, 3.1415927410125732, 3.1415927410125732, 3.1415927410125732, 3.1415927410125732, 3.1415927410125732, 3.1415927410125732, 3.1415927410125732, 3.1415927410125732, 3.1415927410125732, 3.1415927410125732, 3.1415927410125732, 3.1415927410125732, 3.1415927410125732, 3.1415927410125732, 3.1415927410125732, 3.1415927410125732, 3.1415927410125732, 3.1415927410125732, 3.1415927410125732, 3.1415927410125732, 3.1415927410125732, 3.1415927410125732, 3.1415927410125732, 3.1415927410125732, 3.1415927410125732, 3.1415927410125732, 3.1415927410125732, 3.1415927410125732, 3.1415927410125732, 3.1415927410125732, 3.1415927410125732, 3.1415927410125732, 3.1415927410125732, 3.1415927410125732, 3.1415927410125732, 3.1415927410125732, 3.1415927410125732, 3.1415927410125732, 3.1415927410125732, 3.1415927410125732, 3.1415927410125732, 3.1415927410125732, 3.1415927410125732, 3.1415927410125732, 3.1415927410125732, 3.1415927410125732, 3.1415927410125732, 3.1415927410125732, 3.1415927410125732, 3.1415927410125732, 3.1415927410125732, 3.1415927410125732, 3.1415927410125732, 3.1415927410125732, 3.1415927410125732, 3.1415927410125732, 3.1415927410125732, 3.1415927410125732, 3.1415927410125732, 3.1415927410125732, 3.1415927410125732, 3.1415927410125732, 3.1415927410125732, 3.1415927410125732, 3.1415927410125732, 3.1415927410125732, 3.1415927410125732, 3.1415927410125732, 3.1415927410125732, 3.1415927410125732, 3.1415927410125732, 3.1415927410125732, 3.1415927410125732, 3.1415927410125732, 3.1415927410125732, 3.1415927410125732, 3.1415927410125732, 3.1415927410125732, 3.1415927410125732, 3.1415927410125732, 3.1415927410125732, 3.1415927410125732, 3.1415927410125732, 3.1415927410125732, 3.1415927410125732, 3.1415927410125732, 3.1415927410125732, 3.1415927410125732, 3.1415927410125732, 3.1415927410125732, 3.1415927410125732, 3.1415927410125732, 3.1415927410125732, 3.1415927410125732, 3.1415927410125732, 3.1415927410125732, 3.1415927410125732, 3.1415927410125732, 3.1415927410125732, 3.1415927410125732, 3.1415927410125732, 3.1415927410125732, 3.1415927410125732, 3.1415927410125732, 3.1415927410125732, 3.1415927410125732, 3.1415927410125732, 3.1415927410125732, 3.1415927410125732, 3.1415927410125732, 3.1415927410125732, 3.1415927410125732, 3.1415927410125732, 3.1415927410125732, 3.1415927410125732, 3.1415927410125732, 3.1415927410125732, 3.1415927410125732, 3.1415927410125732, 3.1415927410125732, 3.1415927410125732, 0.0, 0.0, 0.0, 0.0, 0.0, 0.0, 0.0, 0.0, 0.0, 0.0, 0.0, 0.0, 0.0, 0.0, 0.0, 0.0, 3.1415927410125732, 3.1415927410125732, 3.1415927410125732, 3.1415927410125732, 3.1415927410125732, 3.1415927410125732, 3.1415927410125732, 3.1415927410125732, 3.1415927410125732, 3.1415927410125732, 3.1415927410125732, 3.1415927410125732, 3.1415927410125732, 3.1415927410125732, 3.1415927410125732, 3.1415927410125732, 0.0, 0.0, 0.0, 0.0, 0.0, 0.0, 0.0, 0.0, 0.0, 0.0, 0.0, 0.0, 0.0, 0.0, 0.0, 0.0, 3.1415927410125732, 3.1415927410125732, 3.1415927410125732, 3.1415927410125732, 3.1415927410125732, 3.1415927410125732, 3.1415927410125732, 3.1415927410125732, 3.1415927410125732, 3.1415927410125732, 3.1415927410125732, 3.1415927410125732, 3.1415927410125732, 3.1415927410125732, 3.1415927410125732, 3.1415927410125732, 0.0, 0.0, 0.0, 0.0, 0.0, 0.0, 0.0, 0.0, 0.0, 0.0, 0.0, 0.0, 0.0, 0.0, 0.0, 0.0, 3.1415927410125732, 3.1415927410125732, 3.1415927410125732, 3.1415927410125732, 3.1415927410125732, 3.1415927410125732, 3.1415927410125732, 3.1415927410125732, 3.1415927410125732, 3.1415927410125732, 3.1415927410125732, 3.1415927410125732, 3.1415927410125732, 3.1415927410125732, 3.1415927410125732, 3.1415927410125732, 0.0, 0.0, 0.0, 0.0, 0.0, 0.0, 0.0, 0.0, 0.0, 0.0, 0.0, 0.0, 0.0, 0.0, 0.0, 0.0, 3.1415927410125732, 3.1415927410125732, 3.1415927410125732, 3.1415927410125732, 3.1415927410125732, 3.1415927410125732, 3.1415927410125732, 3.1415927410125732, 3.1415927410125732, 3.1415927410125732, 3.1415927410125732, 3.1415927410125732, 3.1415927410125732, 3.1415927410125732, 3.1415927410125732, 3.1415927410125732, 0.0, 0.0, 0.0, 0.0, 0.0, 0.0, 0.0, 0.0, 0.0, 0.0, 0.0, 0.0, 0.0, 0.0, 0.0, 0.0, 3.1415927410125732, 3.1415927410125732, 3.1415927410125732, 3.1415927410125732, 3.1415927410125732, 3.1415927410125732, 3.1415927410125732, 3.1415927410125732, 3.1415927410125732, 3.1415927410125732, 3.1415927410125732, 3.1415927410125732, 3.1415927410125732, 3.1415927410125732, 3.1415927410125732, 3.1415927410125732, 0.0, 0.0, 0.0, 0.0, 0.0, 0.0, 0.0, 0.0, 0.0, 0.0, 0.0, 0.0, 0.0, 0.0, 0.0, 0.0, 3.1415927410125732, 3.1415927410125732, 3.1415927410125732, 3.1415927410125732, 3.1415927410125732, 3.1415927410125732, 3.1415927410125732, 3.1415927410125732, 3.1415927410125732, 3.1415927410125732, 3.1415927410125732, 3.1415927410125732, 3.1415927410125732, 3.1415927410125732, 3.1415927410125732, 3.1415927410125732, 0.0, 0.0, 0.0, 0.0, 0.0, 0.0, 0.0, 0.0, 0.0, 0.0, 0.0, 0.0, 0.0, 0.0, 0.0, 0.0, 3.1415927410125732, 3.1415927410125732, 3.1415927410125732, 3.1415927410125732, 3.1415927410125732, 3.1415927410125732, 3.1415927410125732, 3.1415927410125732, 3.1415927410125732, 3.1415927410125732, 3.1415927410125732, 3.1415927410125732, 3.1415927410125732, 3.1415927410125732, 3.1415927410125732, 3.1415927410125732, 0.0, 0.0, 0.0, 0.0, 0.0, 0.0, 0.0, 0.0, 0.0, 0.0, 0.0, 0.0, 0.0, 0.0, 0.0, 0.0, 3.1415927410125732, 3.1415927410125732, 3.1415927410125732, 3.1415927410125732, 3.1415927410125732, 3.1415927410125732, 3.1415927410125732, 3.1415927410125732, 3.1415927410125732, 3.1415927410125732, 3.1415927410125732, 3.1415927410125732, 3.1415927410125732, 3.1415927410125732, 3.1415927410125732, 3.1415927410125732, 0.0, 0.0, 0.0, 0.0, 0.0, 0.0, 0.0, 0.0, 0.0, 0.0, 0.0, 0.0, 0.0, 0.0, 0.0, 0.0, 0.0, 0.0, 0.0, 0.0, 0.0, 0.0, 0.0, 0.0, 0.0, 0.0, 0.0, 0.0, 0.0, 0.0, 0.0, 0.0, 0.0, 0.0, 0.0, 0.0, 0.0, 0.0, 0.0, 0.0, 0.0, 0.0, 0.0, 0.0, 0.0, 0.0, 0.0, 0.0, 0.0, 0.0, 0.0, 0.0, 0.0, 0.0, 0.0, 0.0, 0.0, 0.0, 0.0, 0.0, 0.0, 0.0, 0.0, 0.0, 0.0, 0.0, 0.0, 0.0, 0.0, 0.0, 0.0, 0.0, 0.0, 0.0, 0.0, 0.0, 0.0, 0.0, 0.0, 0.0, 0.0, 0.0, 0.0, 0.0, 0.0, 0.0, 0.0, 0.0, 0.0, 0.0, 0.0, 0.0, 0.0, 0.0, 0.0, 0.0, 0.0, 0.0, 0.0, 0.0, 0.0, 0.0, 0.0, 0.0, 0.0, 0.0, 0.0, 0.0, 0.0, 0.0, 0.0, 0.0, 0.0, 0.0, 0.0, 0.0, 0.0, 0.0, 0.0, 0.0, 0.0, 0.0, 0.0, 0.0, 0.0, 0.0, 0.0, 0.0, 0.0, 0.0, 0.0, 0.0, 0.0, 0.0, 0.0, 0.0, 0.0, 0.0, 0.0, 0.0, 0.0, 0.0, 0.0, 0.0, 0.0, 0.0, 0.0, 0.0, 0.0, 0.0, 0.0, 0.0, 0.0, 0.0, 0.0, 0.0, 0.0, 0.0, 0.0, 0.0, 0.0, 0.0, 0.0, 0.0, 0.0, 0.0, 0.0, 0.0, 0.0, 0.0, 0.0, 0.0, 0.0, 0.0, 0.0, 0.0, 0.0, 0.0, 0.0, 0.0, 0.0, 0.0, 0.0, 0.0, 0.0, 0.0, 0.0, 0.0, 0.0, 0.0, 0.0, 0.0, 0.0, 0.0, 0.0, 0.0, 0.0, 0.0, 0.0, 0.0, 0.0, 0.0, 0.0, 0.0, 0.0, 0.0, 0.0, 0.0, 0.0, 0.0, 0.0, 0.0, 0.0, 0.0, 0.0, 0.0, 0.0, 0.0, 0.0, 0.0, 0.0, 0.0, 0.0, 0.0, 0.0, 0.0, 0.0, 0.0, 0.0, 0.0, 0.0, 0.0, 0.0, 0.0, 0.0, 0.0, 0.0, 0.0, 0.0, 0.0, 0.0, 0.0, 0.0, 0.0, 0.0, 0.0, 0.0, 0.0, 0.0, 0.0, 0.0, 0.0, 0.0, 0.0, 0.0, 0.0, 0.0, 0.0, 0.0, 0.0, 0.0, 0.0, 0.0, 0.0, 3.1415927410125732, 3.1415927410125732, 3.1415927410125732, 3.1415927410125732, 3.1415927410125732, 3.1415927410125732, 3.1415927410125732, 3.1415927410125732, 0.0, 0.0, 0.0, 0.0, 0.0, 0.0, 0.0, 0.0, 0.0, 0.0, 0.0, 0.0, 0.0, 0.0, 0.0, 0.0, 0.0, 0.0, 0.0, 0.0, 0.0, 0.0, 0.0, 0.0, 3.1415927410125732, 3.1415927410125732, 3.1415927410125732, 3.1415927410125732, 3.1415927410125732, 3.1415927410125732, 3.1415927410125732, 3.1415927410125732, 0.0, 0.0, 0.0, 0.0, 0.0, 0.0, 0.0, 0.0, 0.0, 0.0, 0.0, 0.0, 0.0, 0.0, 0.0, 0.0, 0.0, 0.0, 0.0, 0.0, 0.0, 0.0, 0.0, 0.0, 3.1415927410125732, 3.1415927410125732, 3.1415927410125732, 3.1415927410125732, 3.1415927410125732, 3.1415927410125732, 3.1415927410125732, 3.1415927410125732, 0.0, 0.0, 0.0, 0.0, 0.0, 0.0, 0.0, 0.0, 0.0, 0.0, 0.0, 0.0, 0.0, 0.0, 0.0, 0.0, 0.0, 0.0, 0.0, 0.0, 0.0, 0.0, 0.0, 0.0, 3.1415927410125732, 3.1415927410125732, 3.1415927410125732, 3.1415927410125732, 3.1415927410125732, 3.1415927410125732, 3.1415927410125732, 3.1415927410125732, 0.0, 0.0, 0.0, 0.0, 0.0, 0.0, 0.0, 0.0, 0.0, 0.0, 0.0, 0.0, 0.0, 0.0, 0.0, 0.0, 0.0, 0.0, 0.0, 0.0, 0.0, 0.0, 0.0, 0.0, 3.1415927410125732, 3.1415927410125732, 3.1415927410125732, 3.1415927410125732, 3.1415927410125732, 3.1415927410125732, 3.1415927410125732, 3.1415927410125732, 0.0, 0.0, 0.0, 0.0, 0.0, 0.0, 0.0, 0.0, 0.0, 0.0, 0.0, 0.0, 0.0, 0.0, 0.0, 0.0, 0.0, 0.0, 0.0, 0.0, 0.0, 0.0, 0.0, 0.0, 3.1415927410125732, 3.1415927410125732, 3.1415927410125732, 3.1415927410125732, 3.1415927410125732, 3.1415927410125732, 3.1415927410125732, 3.1415927410125732, 0.0, 0.0, 0.0, 0.0, 0.0, 0.0, 0.0, 0.0, 0.0, 0.0, 0.0, 0.0, 0.0, 0.0, 0.0, 0.0, 0.0, 0.0, 0.0, 0.0, 0.0, 0.0, 0.0, 0.0, 3.1415927410125732, 3.1415927410125732, 3.1415927410125732, 3.1415927410125732, 3.1415927410125732, 3.1415927410125732, 3.1415927410125732, 3.1415927410125732, 0.0, 0.0, 0.0, 0.0, 0.0, 0.0, 0.0, 0.0, 0.0, 0.0, 0.0, 0.0, 0.0, 0.0, 0.0, 0.0, 0.0, 0.0, 0.0, 0.0, 0.0, 0.0, 0.0, 0.0, 3.1415927410125732, 3.1415927410125732, 3.1415927410125732, 3.1415927410125732, 3.1415927410125732, 3.1415927410125732, 3.1415927410125732, 3.1415927410125732, 0.0, 0.0, 0.0, 0.0, 0.0, 0.0, 0.0, 0.0, 0.0, 0.0, 0.0, 0.0, 0.0, 0.0, 0.0, 0.0]"
0.6088365,0.15223686,0.15219523,0.15220979,0.15219462,0.15220913,-9.53539467,-9.53664207,-9.53620815,-9.53666496,"[3.1415927410125732, 3.1415927410125732, 3.1415927410125732, 3.1415927410125732, 3.1415927410125732, 3.1415927410125732, 3.1415927410125732, 3.1415927410125732, 3.1415927410125732, 3.1415927410125732, 3.1415927410125732, 3.1415927410125732, 3.1415927410125732, 3.1415927410125732, 3.1415927410125732, 3.1415927410125732, 3.1415927410125732, 3.1415927410125732, 3.1415927410125732, 3.1415927410125732, 3.1415927410125732, 3.1415927410125732, 3.1415927410125732, 3.1415927410125732, 3.1415927410125732, 3.1415927410125732, 3.1415927410125732, 3.1415927410125732, 3.1415927410125732, 3.1415927410125732, 3.1415927410125732, 3.1415927410125732, 3.1415927410125732, 3.1415927410125732, 3.1415927410125732, 3.1415927410125732, 3.1415927410125732, 3.1415927410125732, 3.1415927410125732, 3.1415927410125732, 3.1415927410125732, 3.1415927410125732, 3.1415927410125732, 3.1415927410125732, 3.1415927410125732, 3.1415927410125732, 3.1415927410125732, 3.1415927410125732, 3.1415927410125732, 3.1415927410125732, 3.1415927410125732, 3.1415927410125732, 3.1415927410125732, 3.1415927410125732, 3.1415927410125732, 3.1415927410125732, 3.1415927410125732, 3.1415927410125732, 3.1415927410125732, 3.1415927410125732, 3.1415927410125732, 3.1415927410125732, 3.1415927410125732, 3.1415927410125732, 3.1415927410125732, 3.1415927410125732, 3.1415927410125732, 3.1415927410125732, 3.1415927410125732, 3.1415927410125732, 3.1415927410125732, 3.1415927410125732, 3.1415927410125732, 3.1415927410125732, 3.1415927410125732, 3.1415927410125732, 3.1415927410125732, 3.1415927410125732, 3.1415927410125732, 3.1415927410125732, 3.1415927410125732, 3.1415927410125732, 3.1415927410125732, 3.1415927410125732, 3.1415927410125732, 3.1415927410125732, 3.1415927410125732, 3.1415927410125732, 3.1415927410125732, 3.1415927410125732, 3.1415927410125732, 3.1415927410125732, 3.1415927410125732, 3.1415927410125732, 3.1415927410125732, 3.1415927410125732, 3.1415927410125732, 3.1415927410125732, 3.1415927410125732, 3.1415927410125732, 3.1415927410125732, 3.1415927410125732, 3.1415927410125732, 3.1415927410125732, 3.1415927410125732, 3.1415927410125732, 3.1415927410125732, 3.1415927410125732, 3.1415927410125732, 3.1415927410125732, 3.1415927410125732, 3.1415927410125732, 3.1415927410125732, 3.1415927410125732, 3.1415927410125732, 3.1415927410125732, 3.1415927410125732, 3.1415927410125732, 3.1415927410125732, 3.1415927410125732, 3.1415927410125732, 3.1415927410125732, 3.1415927410125732, 3.1415927410125732, 3.1415927410125732, 3.1415927410125732, 3.1415927410125732, 3.1415927410125732, 3.1415927410125732, 3.1415927410125732, 3.1415927410125732, 3.1415927410125732, 3.1415927410125732, 3.1415927410125732, 3.1415927410125732, 3.1415927410125732, 3.1415927410125732, 3.1415927410125732, 3.1415927410125732, 3.1415927410125732, 3.1415927410125732, 3.1415927410125732, 3.1415927410125732, 3.1415927410125732, 3.1415927410125732, 3.1415927410125732, 3.1415927410125732, 3.1415927410125732, 3.1415927410125732, 3.1415927410125732, 3.1415927410125732, 3.1415927410125732, 3.1415927410125732, 3.1415927410125732, 3.1415927410125732, 3.1415927410125732, 3.1415927410125732, 3.1415927410125732, 3.1415927410125732, 3.1415927410125732, 3.1415927410125732, 3.1415927410125732, 3.1415927410125732, 3.1415927410125732, 3.1415927410125732, 3.1415927410125732, 3.1415927410125732, 3.1415927410125732, 3.1415927410125732, 3.1415927410125732, 3.1415927410125732, 3.1415927410125732, 3.1415927410125732, 3.1415927410125732, 3.1415927410125732, 3.1415927410125732, 3.1415927410125732, 3.1415927410125732, 3.1415927410125732, 3.1415927410125732, 3.1415927410125732, 3.1415927410125732, 3.1415927410125732, 3.1415927410125732, 3.1415927410125732, 3.1415927410125732, 3.1415927410125732, 3.1415927410125732, 3.1415927410125732, 3.1415927410125732, 3.1415927410125732, 3.1415927410125732, 3.1415927410125732, 3.1415927410125732, 3.1415927410125732, 3.1415927410125732, 3.1415927410125732, 3.1415927410125732, 3.1415927410125732, 3.1415927410125732, 3.1415927410125732, 3.1415927410125732, 3.1415927410125732, 3.1415927410125732, 3.1415927410125732, 3.1415927410125732, 3.1415927410125732, 3.1415927410125732, 3.1415927410125732, 3.1415927410125732, 3.1415927410125732, 3.1415927410125732, 3.1415927410125732, 3.1415927410125732, 3.1415927410125732, 3.1415927410125732, 3.1415927410125732, 3.1415927410125732, 3.1415927410125732, 3.1415927410125732, 3.1415927410125732, 3.1415927410125732, 3.1415927410125732, 3.1415927410125732, 3.1415927410125732, 3.1415927410125732, 3.1415927410125732, 3.1415927410125732, 3.1415927410125732, 3.1415927410125732, 3.1415927410125732, 3.1415927410125732, 3.1415927410125732, 3.1415927410125732, 3.1415927410125732, 3.1415927410125732, 3.1415927410125732, 3.1415927410125732, 3.1415927410125732, 3.1415927410125732, 3.1415927410125732, 3.1415927410125732, 3.1415927410125732, 3.1415927410125732, 3.1415927410125732, 3.1415927410125732, 3.1415927410125732, 3.1415927410125732, 3.1415927410125732, 3.1415927410125732, 3.1415927410125732, 3.1415927410125732, 3.1415927410125732, 3.1415927410125732, 3.1415927410125732, 3.1415927410125732, 0.0, 0.0, 0.0, 0.0, 0.0, 0.0, 0.0, 0.0, 0.0, 0.0, 0.0, 0.0, 0.0, 0.0, 0.0, 0.0, 3.1415927410125732, 3.1415927410125732, 3.1415927410125732, 3.1415927410125732, 3.1415927410125732, 3.1415927410125732, 3.1415927410125732, 3.1415927410125732, 3.1415927410125732, 3.1415927410125732, 3.1415927410125732, 3.1415927410125732, 3.1415927410125732, 3.1415927410125732, 3.1415927410125732, 3.1415927410125732, 0.0, 0.0, 0.0, 0.0, 0.0, 0.0, 0.0, 0.0, 0.0, 0.0, 0.0, 0.0, 0.0, 0.0, 0.0, 0.0, 3.1415927410125732, 3.1415927410125732, 3.1415927410125732, 3.1415927410125732, 3.1415927410125732, 3.1415927410125732, 3.1415927410125732, 3.1415927410125732, 3.1415927410125732, 3.1415927410125732, 3.1415927410125732, 3.1415927410125732, 3.1415927410125732, 3.1415927410125732, 3.1415927410125732, 3.1415927410125732, 0.0, 0.0, 0.0, 0.0, 0.0, 0.0, 0.0, 0.0, 0.0, 0.0, 0.0, 0.0, 0.0, 0.0, 0.0, 0.0, 3.1415927410125732, 3.1415927410125732, 3.1415927410125732, 3.1415927410125732, 3.1415927410125732, 3.1415927410125732, 3.1415927410125732, 3.1415927410125732, 3.1415927410125732, 3.1415927410125732, 3.1415927410125732, 3.1415927410125732, 3.1415927410125732, 3.1415927410125732, 3.1415927410125732, 3.1415927410125732, 0.0, 0.0, 0.0, 0.0, 0.0, 0.0, 0.0, 0.0, 0.0, 0.0, 0.0, 0.0, 0.0, 0.0, 0.0, 0.0, 3.1415927410125732, 3.1415927410125732, 3.1415927410125732, 3.1415927410125732, 3.1415927410125732, 3.1415927410125732, 3.1415927410125732, 3.1415927410125732, 3.1415927410125732, 3.1415927410125732, 3.1415927410125732, 3.1415927410125732, 3.1415927410125732, 3.1415927410125732, 3.1415927410125732, 3.1415927410125732, 0.0, 0.0, 0.0, 0.0, 0.0, 0.0, 0.0, 0.0, 0.0, 0.0, 0.0, 0.0, 0.0, 0.0, 0.0, 0.0, 3.1415927410125732, 3.1415927410125732, 3.1415927410125732, 3.1415927410125732, 3.1415927410125732, 3.1415927410125732, 3.1415927410125732, 3.1415927410125732, 3.1415927410125732, 3.1415927410125732, 3.1415927410125732, 3.1415927410125732, 3.1415927410125732, 3.1415927410125732, 3.1415927410125732, 3.1415927410125732, 0.0, 0.0, 0.0, 0.0, 0.0, 0.0, 0.0, 0.0, 0.0, 0.0, 0.0, 0.0, 0.0, 0.0, 0.0, 0.0, 3.1415927410125732, 3.1415927410125732, 3.1415927410125732, 3.1415927410125732, 3.1415927410125732, 3.1415927410125732, 3.1415927410125732, 3.1415927410125732, 3.1415927410125732, 3.1415927410125732, 3.1415927410125732, 3.1415927410125732, 3.1415927410125732, 3.1415927410125732, 3.1415927410125732, 3.1415927410125732, 0.0, 0.0, 0.0, 0.0, 0.0, 0.0, 0.0, 0.0, 0.0, 0.0, 0.0, 0.0, 0.0, 0.0, 0.0, 0.0, 3.1415927410125732, 3.1415927410125732, 3.1415927410125732, 3.1415927410125732, 3.1415927410125732, 3.1415927410125732, 3.1415927410125732, 3.1415927410125732, 3.1415927410125732, 3.1415927410125732, 3.1415927410125732, 3.1415927410125732, 3.1415927410125732, 3.1415927410125732, 3.1415927410125732, 3.1415927410125732, 0.0, 0.0, 0.0, 0.0, 0.0, 0.0, 0.0, 0.0, 0.0, 0.0, 0.0, 0.0, 0.0, 0.0, 0.0, 0.0, 3.1415927410125732, 3.1415927410125732, 3.1415927410125732, 3.1415927410125732, 3.1415927410125732, 3.1415927410125732, 3.1415927410125732, 3.1415927410125732, 3.1415927410125732, 3.1415927410125732, 3.1415927410125732, 3.1415927410125732, 3.1415927410125732, 3.1415927410125732, 3.1415927410125732, 3.1415927410125732, 0.0, 0.0, 0.0, 0.0, 0.0, 0.0, 0.0, 0.0, 0.0, 0.0, 0.0, 0.0, 0.0, 0.0, 0.0, 0.0, 0.0, 0.0, 0.0, 0.0, 0.0, 0.0, 0.0, 0.0, 0.0, 0.0, 0.0, 0.0, 0.0, 0.0, 0.0, 0.0, 0.0, 0.0, 0.0, 0.0, 0.0, 0.0, 0.0, 0.0, 0.0, 0.0, 0.0, 0.0, 0.0, 0.0, 0.0, 0.0, 0.0, 0.0, 0.0, 0.0, 0.0, 0.0, 0.0, 0.0, 0.0, 0.0, 0.0, 0.0, 0.0, 0.0, 0.0, 0.0, 0.0, 0.0, 0.0, 0.0, 0.0, 0.0, 0.0, 0.0, 0.0, 0.0, 0.0, 0.0, 0.0, 0.0, 0.0, 0.0, 0.0, 0.0, 0.0, 0.0, 0.0, 0.0, 0.0, 0.0, 0.0, 0.0, 0.0, 0.0, 0.0, 0.0, 0.0, 0.0, 0.0, 0.0, 0.0, 0.0, 0.0, 0.0, 0.0, 0.0, 0.0, 0.0, 0.0, 0.0, 0.0, 0.0, 0.0, 0.0, 0.0, 0.0, 0.0, 0.0, 0.0, 0.0, 0.0, 0.0, 0.0, 0.0, 0.0, 0.0, 0.0, 0.0, 0.0, 0.0, 0.0, 0.0, 0.0, 0.0, 0.0, 0.0, 0.0, 0.0, 0.0, 0.0, 0.0, 0.0, 0.0, 0.0, 0.0, 0.0, 0.0, 0.0, 0.0, 0.0, 0.0, 0.0, 0.0, 0.0, 0.0, 0.0, 0.0, 0.0, 0.0, 0.0, 0.0, 0.0, 0.0, 0.0, 0.0, 0.0, 0.0, 0.0, 0.0, 0.0, 0.0, 0.0, 0.0, 0.0, 0.0, 0.0, 0.0, 0.0, 0.0, 0.0, 0.0, 0.0, 0.0, 0.0, 0.0, 0.0, 0.0, 0.0, 0.0, 0.0, 0.0, 0.0, 0.0, 0.0, 0.0, 0.0, 0.0, 0.0, 0.0, 0.0, 0.0, 0.0, 0.0, 0.0, 0.0, 0.0, 0.0, 0.0, 0.0, 0.0, 0.0, 0.0, 0.0, 0.0, 0.0, 0.0, 0.0, 0.0, 0.0, 0.0, 0.0, 0.0, 0.0, 0.0, 0.0, 0.0, 0.0, 0.0, 0.0, 0.0, 0.0, 0.0, 0.0, 0.0, 0.0, 0.0, 0.0, 0.0, 0.0, 0.0, 0.0, 0.0, 0.0, 0.0, 0.0, 0.0, 0.0, 0.0, 0.0, 0.0, 0.0, 0.0, 0.0, 0.0, 0.0, 0.0, 0.0, 0.0, 0.0, 0.0, 0.0, 0.0, 0.0, 0.0, 0.0, 0.0, 3.1415927410125732, 3.1415927410125732, 3.1415927410125732, 3.1415927410125732, 3.1415927410125732, 3.1415927410125732, 3.1415927410125732, 3.1415927410125732, 0.0, 0.0, 0.0, 0.0, 0.0, 0.0, 0.0, 0.0, 0.0, 0.0, 0.0, 0.0, 0.0, 0.0, 0.0, 0.0, 0.0, 0.0, 0.0, 0.0, 0.0, 0.0, 0.0, 0.0, 3.1415927410125732, 3.1415927410125732, 3.1415927410125732, 3.1415927410125732, 3.1415927410125732, 3.1415927410125732, 3.1415927410125732, 3.1415927410125732, 0.0, 0.0, 0.0, 0.0, 0.0, 0.0, 0.0, 0.0, 0.0, 0.0, 0.0, 0.0, 0.0, 0.0, 0.0, 0.0, 0.0, 0.0, 0.0, 0.0, 0.0, 0.0, 0.0, 0.0, 3.1415927410125732, 3.1415927410125732, 3.1415927410125732, 3.1415927410125732, 3.1415927410125732, 3.1415927410125732, 3.1415927410125732, 3.1415927410125732, 0.0, 0.0, 0.0, 0.0, 0.0, 0.0, 0.0, 0.0, 0.0, 0.0, 0.0, 0.0, 0.0, 0.0, 0.0, 0.0, 0.0, 0.0, 0.0, 0.0, 0.0, 0.0, 0.0, 0.0, 3.1415927410125732, 3.1415927410125732, 3.1415927410125732, 3.1415927410125732, 3.1415927410125732, 3.1415927410125732, 3.1415927410125732, 3.1415927410125732, 0.0, 0.0, 0.0, 0.0, 0.0, 0.0, 0.0, 0.0, 0.0, 0.0, 0.0, 0.0, 0.0, 0.0, 0.0, 0.0, 0.0, 0.0, 0.0, 0.0, 0.0, 0.0, 0.0, 0.0, 3.1415927410125732, 3.1415927410125732, 3.1415927410125732, 3.1415927410125732, 3.1415927410125732, 3.1415927410125732, 3.1415927410125732, 3.1415927410125732, 0.0, 0.0, 0.0, 0.0, 0.0, 0.0, 0.0, 0.0, 0.0, 0.0, 0.0, 0.0, 0.0, 0.0, 0.0, 0.0, 0.0, 0.0, 0.0, 0.0, 0.0, 0.0, 0.0, 0.0, 3.1415927410125732, 3.1415927410125732, 3.1415927410125732, 3.1415927410125732, 3.1415927410125732, 3.1415927410125732, 3.1415927410125732, 3.1415927410125732, 0.0, 0.0, 0.0, 0.0, 0.0, 0.0, 0.0, 0.0, 0.0, 0.0, 0.0, 0.0, 0.0, 0.0, 0.0, 0.0, 0.0, 0.0, 0.0, 0.0, 0.0, 0.0, 0.0, 0.0, 3.1415927410125732, 3.1415927410125732, 3.1415927410125732, 3.1415927410125732, 3.1415927410125732, 3.1415927410125732, 3.1415927410125732, 3.1415927410125732, 0.0, 0.0, 0.0, 0.0, 0.0, 0.0, 0.0, 0.0, 0.0, 0.0, 0.0, 0.0, 0.0, 0.0, 0.0, 0.0, 0.0, 0.0, 0.0, 0.0, 0.0, 0.0, 0.0, 0.0, 3.1415927410125732, 3.1415927410125732, 3.1415927410125732, 3.1415927410125732, 3.1415927410125732, 3.1415927410125732, 3.1415927410125732, 3.1415927410125732, 0.0, 0.0, 0.0, 0.0, 0.0, 0.0, 0.0, 0.0, 0.0, 0.0, 0.0, 0.0, 0.0, 0.0, 0.0, 0.0]"
0.6088365,0.15223686,0.15219523,0.15220979,0.15219462,0.15220913,-9.53539467,-9.53664207,-9.53620815,-9.53666496,"[3.1415927410125732, 3.1415927410125732, 3.1415927410125732, 3.1415927410125732, 3.1415927410125732, 3.1415927410125732, 3.1415927410125732, 3.1415927410125732, 3.1415927410125732, 3.1415927410125732, 3.1415927410125732, 3.1415927410125732, 3.1415927410125732, 3.1415927410125732, 3.1415927410125732, 3.1415927410125732, 3.1415927410125732, 3.1415927410125732, 3.1415927410125732, 3.1415927410125732, 3.1415927410125732, 3.1415927410125732, 3.1415927410125732, 3.1415927410125732, 3.1415927410125732, 3.1415927410125732, 3.1415927410125732, 3.1415927410125732, 3.1415927410125732, 3.1415927410125732, 3.1415927410125732, 3.1415927410125732, 3.1415927410125732, 3.1415927410125732, 3.1415927410125732, 3.1415927410125732, 3.1415927410125732, 3.1415927410125732, 3.1415927410125732, 3.1415927410125732, 3.1415927410125732, 3.1415927410125732, 3.1415927410125732, 3.1415927410125732, 3.1415927410125732, 3.1415927410125732, 3.1415927410125732, 3.1415927410125732, 3.1415927410125732, 3.1415927410125732, 3.1415927410125732, 3.1415927410125732, 3.1415927410125732, 3.1415927410125732, 3.1415927410125732, 3.1415927410125732, 3.1415927410125732, 3.1415927410125732, 3.1415927410125732, 3.1415927410125732, 3.1415927410125732, 3.1415927410125732, 3.1415927410125732, 3.1415927410125732, 3.1415927410125732, 3.1415927410125732, 3.1415927410125732, 3.1415927410125732, 3.1415927410125732, 3.1415927410125732, 3.1415927410125732, 3.1415927410125732, 3.1415927410125732, 3.1415927410125732, 3.1415927410125732, 3.1415927410125732, 3.1415927410125732, 3.1415927410125732, 3.1415927410125732, 3.1415927410125732, 3.1415927410125732, 3.1415927410125732, 3.1415927410125732, 3.1415927410125732, 3.1415927410125732, 3.1415927410125732, 3.1415927410125732, 3.1415927410125732, 3.1415927410125732, 3.1415927410125732, 3.1415927410125732, 3.1415927410125732, 3.1415927410125732, 3.1415927410125732, 3.1415927410125732, 3.1415927410125732, 3.1415927410125732, 3.1415927410125732, 3.1415927410125732, 3.1415927410125732, 3.1415927410125732, 3.1415927410125732, 3.1415927410125732, 3.1415927410125732, 3.1415927410125732, 3.1415927410125732, 3.1415927410125732, 3.1415927410125732, 3.1415927410125732, 3.1415927410125732, 3.1415927410125732, 3.1415927410125732, 3.1415927410125732, 3.1415927410125732, 3.1415927410125732, 3.1415927410125732, 3.1415927410125732, 3.1415927410125732, 3.1415927410125732, 3.1415927410125732, 3.1415927410125732, 3.1415927410125732, 3.1415927410125732, 3.1415927410125732, 3.1415927410125732, 3.1415927410125732, 3.1415927410125732, 3.1415927410125732, 3.1415927410125732, 3.1415927410125732, 3.1415927410125732, 3.1415927410125732, 3.1415927410125732, 3.1415927410125732, 3.1415927410125732, 3.1415927410125732, 3.1415927410125732, 3.1415927410125732, 3.1415927410125732, 3.1415927410125732, 3.1415927410125732, 3.1415927410125732, 3.1415927410125732, 3.1415927410125732, 3.1415927410125732, 3.1415927410125732, 3.1415927410125732, 3.1415927410125732, 3.1415927410125732, 3.1415927410125732, 3.1415927410125732, 3.1415927410125732, 3.1415927410125732, 3.1415927410125732, 3.1415927410125732, 3.1415927410125732, 3.1415927410125732, 3.1415927410125732, 3.1415927410125732, 3.1415927410125732, 3.1415927410125732, 3.1415927410125732, 3.1415927410125732, 3.1415927410125732, 3.1415927410125732, 3.1415927410125732, 3.1415927410125732, 3.1415927410125732, 3.1415927410125732, 3.1415927410125732, 3.1415927410125732, 3.1415927410125732, 3.1415927410125732, 3.1415927410125732, 3.1415927410125732, 3.1415927410125732, 3.1415927410125732, 3.1415927410125732, 3.1415927410125732, 3.1415927410125732, 3.1415927410125732, 3.1415927410125732, 3.1415927410125732, 3.1415927410125732, 3.1415927410125732, 3.1415927410125732, 3.1415927410125732, 3.1415927410125732, 3.1415927410125732, 3.1415927410125732, 3.1415927410125732, 3.1415927410125732, 3.1415927410125732, 3.1415927410125732, 3.1415927410125732, 3.1415927410125732, 3.1415927410125732, 3.1415927410125732, 3.1415927410125732, 3.1415927410125732, 3.1415927410125732, 3.1415927410125732, 3.1415927410125732, 3.1415927410125732, 3.1415927410125732, 3.1415927410125732, 3.1415927410125732, 3.1415927410125732, 3.1415927410125732, 3.1415927410125732, 3.1415927410125732, 3.1415927410125732, 3.1415927410125732, 3.1415927410125732, 3.1415927410125732, 3.1415927410125732, 3.1415927410125732, 3.1415927410125732, 3.1415927410125732, 3.1415927410125732, 3.1415927410125732, 3.1415927410125732, 3.1415927410125732, 3.1415927410125732, 3.1415927410125732, 3.1415927410125732, 3.1415927410125732, 3.1415927410125732, 3.1415927410125732, 3.1415927410125732, 3.1415927410125732, 3.1415927410125732, 3.1415927410125732, 3.1415927410125732, 3.1415927410125732, 3.1415927410125732, 3.1415927410125732, 3.1415927410125732, 3.1415927410125732, 3.1415927410125732, 3.1415927410125732, 3.1415927410125732, 3.1415927410125732, 3.1415927410125732, 3.1415927410125732, 3.1415927410125732, 3.1415927410125732, 3.1415927410125732, 3.1415927410125732, 3.1415927410125732, 3.1415927410125732, 3.1415927410125732, 3.1415927410125732, 3.1415927410125732, 3.1415927410125732, 3.1415927410125732, 0.0, 0.0, 0.0, 0.0, 0.0, 0.0, 0.0, 0.0, 0.0, 0.0, 0.0, 0.0, 0.0, 0.0, 0.0, 0.0, 3.1415927410125732, 3.1415927410125732, 3.1415927410125732, 3.1415927410125732, 3.1415927410125732, 3.1415927410125732, 3.1415927410125732, 3.1415927410125732, 3.1415927410125732, 3.1415927410125732, 3.1415927410125732, 3.1415927410125732, 3.1415927410125732, 3.1415927410125732, 3.1415927410125732, 3.1415927410125732, 0.0, 0.0, 0.0, 0.0, 0.0, 0.0, 0.0, 0.0, 0.0, 0.0, 0.0, 0.0, 0.0, 0.0, 0.0, 0.0, 3.1415927410125732, 3.1415927410125732, 3.1415927410125732, 3.1415927410125732, 3.1415927410125732, 3.1415927410125732, 3.1415927410125732, 3.1415927410125732, 3.1415927410125732, 3.1415927410125732, 3.1415927410125732, 3.1415927410125732, 3.1415927410125732, 3.1415927410125732, 3.1415927410125732, 3.1415927410125732, 0.0, 0.0, 0.0, 0.0, 0.0, 0.0, 0.0, 0.0, 0.0, 0.0, 0.0, 0.0, 0.0, 0.0, 0.0, 0.0, 3.1415927410125732, 3.1415927410125732, 3.1415927410125732, 3.1415927410125732, 3.1415927410125732, 3.1415927410125732, 3.1415927410125732, 3.1415927410125732, 3.1415927410125732, 3.1415927410125732, 3.1415927410125732, 3.1415927410125732, 3.1415927410125732, 3.1415927410125732, 3.1415927410125732, 3.1415927410125732, 0.0, 0.0, 0.0, 0.0, 0.0, 0.0, 0.0, 0.0, 0.0, 0.0, 0.0, 0.0, 0.0, 0.0, 0.0, 0.0, 3.1415927410125732, 3.1415927410125732, 3.1415927410125732, 3.1415927410125732, 3.1415927410125732, 3.1415927410125732, 3.1415927410125732, 3.1415927410125732, 3.1415927410125732, 3.1415927410125732, 3.1415927410125732, 3.1415927410125732, 3.1415927410125732, 3.1415927410125732, 3.1415927410125732, 3.1415927410125732, 0.0, 0.0, 0.0, 0.0, 0.0, 0.0, 0.0, 0.0, 0.0, 0.0, 0.0, 0.0, 0.0, 0.0, 0.0, 0.0, 3.1415927410125732, 3.1415927410125732, 3.1415927410125732, 3.1415927410125732, 3.1415927410125732, 3.1415927410125732, 3.1415927410125732, 3.1415927410125732, 3.1415927410125732, 3.1415927410125732, 3.1415927410125732, 3.1415927410125732, 3.1415927410125732, 3.1415927410125732, 3.1415927410125732, 3.1415927410125732, 0.0, 0.0, 0.0, 0.0, 0.0, 0.0, 0.0, 0.0, 0.0, 0.0, 0.0, 0.0, 0.0, 0.0, 0.0, 0.0, 3.1415927410125732, 3.1415927410125732, 3.1415927410125732, 3.1415927410125732, 3.1415927410125732, 3.1415927410125732, 3.1415927410125732, 3.1415927410125732, 3.1415927410125732, 3.1415927410125732, 3.1415927410125732, 3.1415927410125732, 3.1415927410125732, 3.1415927410125732, 3.1415927410125732, 3.1415927410125732, 0.0, 0.0, 0.0, 0.0, 0.0, 0.0, 0.0, 0.0, 0.0, 0.0, 0.0, 0.0, 0.0, 0.0, 0.0, 0.0, 3.1415927410125732, 3.1415927410125732, 3.1415927410125732, 3.1415927410125732, 3.1415927410125732, 3.1415927410125732, 3.1415927410125732, 3.1415927410125732, 3.1415927410125732, 3.1415927410125732, 3.1415927410125732, 3.1415927410125732, 3.1415927410125732, 3.1415927410125732, 3.1415927410125732, 3.1415927410125732, 0.0, 0.0, 0.0, 0.0, 0.0, 0.0, 0.0, 0.0, 0.0, 0.0, 0.0, 0.0, 0.0, 0.0, 0.0, 0.0, 3.1415927410125732, 3.1415927410125732, 3.1415927410125732, 3.1415927410125732, 3.1415927410125732, 3.1415927410125732, 3.1415927410125732, 3.1415927410125732, 3.1415927410125732, 3.1415927410125732, 3.1415927410125732, 3.1415927410125732, 3.1415927410125732, 3.1415927410125732, 3.1415927410125732, 3.1415927410125732, 0.0, 0.0, 0.0, 0.0, 0.0, 0.0, 0.0, 0.0, 0.0, 0.0, 0.0, 0.0, 0.0, 0.0, 0.0, 0.0, 0.0, 0.0, 0.0, 0.0, 0.0, 0.0, 0.0, 0.0, 0.0, 0.0, 0.0, 0.0, 0.0, 0.0, 0.0, 0.0, 0.0, 0.0, 0.0, 0.0, 0.0, 0.0, 0.0, 0.0, 0.0, 0.0, 0.0, 0.0, 0.0, 0.0, 0.0, 0.0, 0.0, 0.0, 0.0, 0.0, 0.0, 0.0, 0.0, 0.0, 0.0, 0.0, 0.0, 0.0, 0.0, 0.0, 0.0, 0.0, 0.0, 0.0, 0.0, 0.0, 0.0, 0.0, 0.0, 0.0, 0.0, 0.0, 0.0, 0.0, 0.0, 0.0, 0.0, 0.0, 0.0, 0.0, 0.0, 0.0, 0.0, 0.0, 0.0, 0.0, 0.0, 0.0, 0.0, 0.0, 0.0, 0.0, 0.0, 0.0, 0.0, 0.0, 0.0, 0.0, 0.0, 0.0, 0.0, 0.0, 0.0, 0.0, 0.0, 0.0, 0.0, 0.0, 0.0, 0.0, 0.0, 0.0, 0.0, 0.0, 0.0, 0.0, 0.0, 0.0, 0.0, 0.0, 0.0, 0.0, 0.0, 0.0, 0.0, 0.0, 0.0, 0.0, 0.0, 0.0, 0.0, 0.0, 0.0, 0.0, 0.0, 0.0, 0.0, 0.0, 0.0, 0.0, 0.0, 0.0, 0.0, 0.0, 0.0, 0.0, 0.0, 0.0, 0.0, 0.0, 0.0, 0.0, 0.0, 0.0, 0.0, 0.0, 0.0, 0.0, 0.0, 0.0, 0.0, 0.0, 0.0, 0.0, 0.0, 0.0, 0.0, 0.0, 0.0, 0.0, 0.0, 0.0, 0.0, 0.0, 0.0, 0.0, 0.0, 0.0, 0.0, 0.0, 0.0, 0.0, 0.0, 0.0, 0.0, 0.0, 0.0, 0.0, 0.0, 0.0, 0.0, 0.0, 0.0, 0.0, 0.0, 0.0, 0.0, 0.0, 0.0, 0.0, 0.0, 0.0, 0.0, 0.0, 0.0, 0.0, 0.0, 0.0, 0.0, 0.0, 0.0, 0.0, 0.0, 0.0, 0.0, 0.0, 0.0, 0.0, 0.0, 0.0, 0.0, 0.0, 0.0, 0.0, 0.0, 0.0, 0.0, 0.0, 0.0, 0.0, 0.0, 0.0, 0.0, 0.0, 0.0, 0.0, 0.0, 0.0, 0.0, 0.0, 0.0, 0.0, 0.0, 0.0, 0.0, 0.0, 0.0, 0.0, 0.0, 0.0, 0.0, 0.0, 0.0, 0.0, 0.0, 0.0, 0.0, 0.0, 0.0, 0.0, 0.0, 0.0, 3.1415927410125732, 3.1415927410125732, 3.1415927410125732, 3.1415927410125732, 3.1415927410125732, 3.1415927410125732, 3.1415927410125732, 3.1415927410125732, 0.0, 0.0, 0.0, 0.0, 0.0, 0.0, 0.0, 0.0, 0.0, 0.0, 0.0, 0.0, 0.0, 0.0, 0.0, 0.0, 0.0, 0.0, 0.0, 0.0, 0.0, 0.0, 0.0, 0.0, 3.1415927410125732, 3.1415927410125732, 3.1415927410125732, 3.1415927410125732, 3.1415927410125732, 3.1415927410125732, 3.1415927410125732, 3.1415927410125732, 0.0, 0.0, 0.0, 0.0, 0.0, 0.0, 0.0, 0.0, 0.0, 0.0, 0.0, 0.0, 0.0, 0.0, 0.0, 0.0, 0.0, 0.0, 0.0, 0.0, 0.0, 0.0, 0.0, 0.0, 3.1415927410125732, 3.1415927410125732, 3.1415927410125732, 3.1415927410125732, 3.1415927410125732, 3.1415927410125732, 3.1415927410125732, 3.1415927410125732, 0.0, 0.0, 0.0, 0.0, 0.0, 0.0, 0.0, 0.0, 0.0, 0.0, 0.0, 0.0, 0.0, 0.0, 0.0, 0.0, 0.0, 0.0, 0.0, 0.0, 0.0, 0.0, 0.0, 0.0, 3.1415927410125732, 3.1415927410125732, 3.1415927410125732, 3.1415927410125732, 3.1415927410125732, 3.1415927410125732, 3.1415927410125732, 3.1415927410125732, 0.0, 0.0, 0.0, 0.0, 0.0, 0.0, 0.0, 0.0, 0.0, 0.0, 0.0, 0.0, 0.0, 0.0, 0.0, 0.0, 0.0, 0.0, 0.0, 0.0, 0.0, 0.0, 0.0, 0.0, 3.1415927410125732, 3.1415927410125732, 3.1415927410125732, 3.1415927410125732, 3.1415927410125732, 3.1415927410125732, 3.1415927410125732, 3.1415927410125732, 0.0, 0.0, 0.0, 0.0, 0.0, 0.0, 0.0, 0.0, 0.0, 0.0, 0.0, 0.0, 0.0, 0.0, 0.0, 0.0, 0.0, 0.0, 0.0, 0.0, 0.0, 0.0, 0.0, 0.0, 3.1415927410125732, 3.1415927410125732, 3.1415927410125732, 3.1415927410125732, 3.1415927410125732, 3.1415927410125732, 3.1415927410125732, 3.1415927410125732, 0.0, 0.0, 0.0, 0.0, 0.0, 0.0, 0.0, 0.0, 0.0, 0.0, 0.0, 0.0, 0.0, 0.0, 0.0, 0.0, 0.0, 0.0, 0.0, 0.0, 0.0, 0.0, 0.0, 0.0, 3.1415927410125732, 3.1415927410125732, 3.1415927410125732, 3.1415927410125732, 3.1415927410125732, 3.1415927410125732, 3.1415927410125732, 3.1415927410125732, 0.0, 0.0, 0.0, 0.0, 0.0, 0.0, 0.0, 0.0, 0.0, 0.0, 0.0, 0.0, 0.0, 0.0, 0.0, 0.0, 0.0, 0.0, 0.0, 0.0, 0.0, 0.0, 0.0, 0.0, 3.1415927410125732, 3.1415927410125732, 3.1415927410125732, 3.1415927410125732, 3.1415927410125732, 3.1415927410125732, 3.1415927410125732, 3.1415927410125732, 0.0, 0.0, 0.0, 0.0, 0.0, 0.0, 0.0, 0.0, 0.0, 0.0, 0.0, 0.0, 0.0, 0.0, 0.0, 0.0]"
0.6088365,0.15223686,0.15219523,0.15220979,0.15219462,0.15220913,-9.53539467,-9.53664207,-9.53620815,-9.53666496,"[3.1415927410125732, 3.1415927410125732, 3.1415927410125732, 3.1415927410125732, 3.1415927410125732, 3.1415927410125732, 3.1415927410125732, 3.1415927410125732, 3.1415927410125732, 3.1415927410125732, 3.1415927410125732, 3.1415927410125732, 3.1415927410125732, 3.1415927410125732, 3.1415927410125732, 3.1415927410125732, 3.1415927410125732, 3.1415927410125732, 3.1415927410125732, 3.1415927410125732, 3.1415927410125732, 3.1415927410125732, 3.1415927410125732, 3.1415927410125732, 3.1415927410125732, 3.1415927410125732, 3.1415927410125732, 3.1415927410125732, 3.1415927410125732, 3.1415927410125732, 3.1415927410125732, 3.1415927410125732, 3.1415927410125732, 3.1415927410125732, 3.1415927410125732, 3.1415927410125732, 3.1415927410125732, 3.1415927410125732, 3.1415927410125732, 3.1415927410125732, 3.1415927410125732, 3.1415927410125732, 3.1415927410125732, 3.1415927410125732, 3.1415927410125732, 3.1415927410125732, 3.1415927410125732, 3.1415927410125732, 3.1415927410125732, 3.1415927410125732, 3.1415927410125732, 3.1415927410125732, 3.1415927410125732, 3.1415927410125732, 3.1415927410125732, 3.1415927410125732, 3.1415927410125732, 3.1415927410125732, 3.1415927410125732, 3.1415927410125732, 3.1415927410125732, 3.1415927410125732, 3.1415927410125732, 3.1415927410125732, 3.1415927410125732, 3.1415927410125732, 3.1415927410125732, 3.1415927410125732, 3.1415927410125732, 3.1415927410125732, 3.1415927410125732, 3.1415927410125732, 3.1415927410125732, 3.1415927410125732, 3.1415927410125732, 3.1415927410125732, 3.1415927410125732, 3.1415927410125732, 3.1415927410125732, 3.1415927410125732, 3.1415927410125732, 3.1415927410125732, 3.1415927410125732, 3.1415927410125732, 3.1415927410125732, 3.1415927410125732, 3.1415927410125732, 3.1415927410125732, 3.1415927410125732, 3.1415927410125732, 3.1415927410125732, 3.1415927410125732, 3.1415927410125732, 3.1415927410125732, 3.1415927410125732, 3.1415927410125732, 3.1415927410125732, 3.1415927410125732, 3.1415927410125732, 3.1415927410125732, 3.1415927410125732, 3.1415927410125732, 3.1415927410125732, 3.1415927410125732, 3.1415927410125732, 3.1415927410125732, 3.1415927410125732, 3.1415927410125732, 3.1415927410125732, 3.1415927410125732, 3.1415927410125732, 3.1415927410125732, 3.1415927410125732, 3.1415927410125732, 3.1415927410125732, 3.1415927410125732, 3.1415927410125732, 3.1415927410125732, 3.1415927410125732, 3.1415927410125732, 3.1415927410125732, 3.1415927410125732, 3.1415927410125732, 3.1415927410125732, 3.1415927410125732, 3.1415927410125732, 3.1415927410125732, 3.1415927410125732, 3.1415927410125732, 3.1415927410125732, 3.1415927410125732, 3.1415927410125732, 3.1415927410125732, 3.1415927410125732, 3.1415927410125732, 3.1415927410125732, 3.1415927410125732, 3.1415927410125732, 3.1415927410125732, 3.1415927410125732, 3.1415927410125732, 3.1415927410125732, 3.1415927410125732, 3.1415927410125732, 3.1415927410125732, 3.1415927410125732, 3.1415927410125732, 3.1415927410125732, 3.1415927410125732, 3.1415927410125732, 3.1415927410125732, 3.1415927410125732, 3.1415927410125732, 3.1415927410125732, 3.1415927410125732, 3.1415927410125732, 3.1415927410125732, 3.1415927410125732, 3.1415927410125732, 3.1415927410125732, 3.1415927410125732, 3.1415927410125732, 3.1415927410125732, 3.1415927410125732, 3.1415927410125732, 3.1415927410125732, 3.1415927410125732, 3.1415927410125732, 3.1415927410125732, 3.1415927410125732, 3.1415927410125732, 3.1415927410125732, 3.1415927410125732, 3.1415927410125732, 3.1415927410125732, 3.1415927410125732, 3.1415927410125732, 3.1415927410125732, 3.1415927410125732, 3.1415927410125732, 3.1415927410125732, 3.1415927410125732, 3.1415927410125732, 3.1415927410125732, 3.1415927410125732, 3.1415927410125732, 3.1415927410125732, 3.1415927410125732, 3.1415927410125732, 3.1415927410125732, 3.1415927410125732, 3.1415927410125732, 3.1415927410125732, 3.1415927410125732, 3.1415927410125732, 3.1415927410125732, 3.1415927410125732, 3.1415927410125732, 3.1415927410125732, 3.1415927410125732, 3.1415927410125732, 3.1415927410125732, 3.1415927410125732, 3.1415927410125732, 3.1415927410125732, 3.1415927410125732, 3.1415927410125732, 3.1415927410125732, 3.1415927410125732, 3.1415927410125732, 3.1415927410125732, 3.1415927410125732, 3.1415927410125732, 3.1415927410125732, 3.1415927410125732, 3.1415927410125732, 3.1415927410125732, 3.1415927410125732, 3.1415927410125732, 3.1415927410125732, 3.1415927410125732, 3.1415927410125732, 3.1415927410125732, 3.1415927410125732, 3.1415927410125732, 3.1415927410125732, 3.1415927410125732, 3.1415927410125732, 3.1415927410125732, 3.1415927410125732, 3.1415927410125732, 3.1415927410125732, 3.1415927410125732, 3.1415927410125732, 3.1415927410125732, 3.1415927410125732, 3.1415927410125732, 3.1415927410125732, 3.1415927410125732, 3.1415927410125732, 3.1415927410125732, 3.1415927410125732, 3.1415927410125732, 3.1415927410125732, 3.1415927410125732, 3.1415927410125732, 3.1415927410125732, 3.1415927410125732, 3.1415927410125732, 3.1415927410125732, 3.1415927410125732, 3.1415927410125732, 3.1415927410125732, 3.1415927410125732, 3.1415927410125732, 3.1415927410125732, 0.0, 0.0, 0.0, 0.0, 0.0, 0.0, 0.0, 0.0, 0.0, 0.0, 0.0, 0.0, 0.0, 0.0, 0.0, 0.0, 3.1415927410125732, 3.1415927410125732, 3.1415927410125732, 3.1415927410125732, 3.1415927410125732, 3.1415927410125732, 3.1415927410125732, 3.1415927410125732, 3.1415927410125732, 3.1415927410125732, 3.1415927410125732, 3.1415927410125732, 3.1415927410125732, 3.1415927410125732, 3.1415927410125732, 3.1415927410125732, 0.0, 0.0, 0.0, 0.0, 0.0, 0.0, 0.0, 0.0, 0.0, 0.0, 0.0, 0.0, 0.0, 0.0, 0.0, 0.0, 3.1415927410125732, 3.1415927410125732, 3.1415927410125732, 3.1415927410125732, 3.1415927410125732, 3.1415927410125732, 3.1415927410125732, 3.1415927410125732, 3.1415927410125732, 3.1415927410125732, 3.1415927410125732, 3.1415927410125732, 3.1415927410125732, 3.1415927410125732, 3.1415927410125732, 3.1415927410125732, 0.0, 0.0, 0.0, 0.0, 0.0, 0.0, 0.0, 0.0, 0.0, 0.0, 0.0, 0.0, 0.0, 0.0, 0.0, 0.0, 3.1415927410125732, 3.1415927410125732, 3.1415927410125732, 3.1415927410125732, 3.1415927410125732, 3.1415927410125732, 3.1415927410125732, 3.1415927410125732, 3.1415927410125732, 3.1415927410125732, 3.1415927410125732, 3.1415927410125732, 3.1415927410125732, 3.1415927410125732, 3.1415927410125732, 3.1415927410125732, 0.0, 0.0, 0.0, 0.0, 0.0, 0.0, 0.0, 0.0, 0.0, 0.0, 0.0, 0.0, 0.0, 0.0, 0.0, 0.0, 3.1415927410125732, 3.1415927410125732, 3.1415927410125732, 3.1415927410125732, 3.1415927410125732, 3.1415927410125732, 3.1415927410125732, 3.1415927410125732, 3.1415927410125732, 3.1415927410125732, 3.1415927410125732, 3.1415927410125732, 3.1415927410125732, 3.1415927410125732, 3.1415927410125732, 3.1415927410125732, 0.0, 0.0, 0.0, 0.0, 0.0, 0.0, 0.0, 0.0, 0.0, 0.0, 0.0, 0.0, 0.0, 0.0, 0.0, 0.0, 3.1415927410125732, 3.1415927410125732, 3.1415927410125732, 3.1415927410125732, 3.1415927410125732, 3.1415927410125732, 3.1415927410125732, 3.1415927410125732, 3.1415927410125732, 3.1415927410125732, 3.1415927410125732, 3.1415927410125732, 3.1415927410125732, 3.1415927410125732, 3.1415927410125732, 3.1415927410125732, 0.0, 0.0, 0.0, 0.0, 0.0, 0.0, 0.0, 0.0, 0.0, 0.0, 0.0, 0.0, 0.0, 0.0, 0.0, 0.0, 3.1415927410125732, 3.1415927410125732, 3.1415927410125732, 3.1415927410125732, 3.1415927410125732, 3.1415927410125732, 3.1415927410125732, 3.1415927410125732, 3.1415927410125732, 3.1415927410125732, 3.1415927410125732, 3.1415927410125732, 3.1415927410125732, 3.1415927410125732, 3.1415927410125732, 3.1415927410125732, 0.0, 0.0, 0.0, 0.0, 0.0, 0.0, 0.0, 0.0, 0.0, 0.0, 0.0, 0.0, 0.0, 0.0, 0.0, 0.0, 3.1415927410125732, 3.1415927410125732, 3.1415927410125732, 3.1415927410125732, 3.1415927410125732, 3.1415927410125732, 3.1415927410125732, 3.1415927410125732, 3.1415927410125732, 3.1415927410125732, 3.1415927410125732, 3.1415927410125732, 3.1415927410125732, 3.1415927410125732, 3.1415927410125732, 3.1415927410125732, 0.0, 0.0, 0.0, 0.0, 0.0, 0.0, 0.0, 0.0, 0.0, 0.0, 0.0, 0.0, 0.0, 0.0, 0.0, 0.0, 3.1415927410125732, 3.1415927410125732, 3.1415927410125732, 3.1415927410125732, 3.1415927410125732, 3.1415927410125732, 3.1415927410125732, 3.1415927410125732, 3.1415927410125732, 3.1415927410125732, 3.1415927410125732, 3.1415927410125732, 3.1415927410125732, 3.1415927410125732, 3.1415927410125732, 3.1415927410125732, 0.0, 0.0, 0.0, 0.0, 0.0, 0.0, 0.0, 0.0, 0.0, 0.0, 0.0, 0.0, 0.0, 0.0, 0.0, 0.0, 0.0, 0.0, 0.0, 0.0, 0.0, 0.0, 0.0, 0.0, 0.0, 0.0, 0.0, 0.0, 0.0, 0.0, 0.0, 0.0, 0.0, 0.0, 0.0, 0.0, 0.0, 0.0, 0.0, 0.0, 0.0, 0.0, 0.0, 0.0, 0.0, 0.0, 0.0, 0.0, 0.0, 0.0, 0.0, 0.0, 0.0, 0.0, 0.0, 0.0, 0.0, 0.0, 0.0, 0.0, 0.0, 0.0, 0.0, 0.0, 0.0, 0.0, 0.0, 0.0, 0.0, 0.0, 0.0, 0.0, 0.0, 0.0, 0.0, 0.0, 0.0, 0.0, 0.0, 0.0, 0.0, 0.0, 0.0, 0.0, 0.0, 0.0, 0.0, 0.0, 0.0, 0.0, 0.0, 0.0, 0.0, 0.0, 0.0, 0.0, 0.0, 0.0, 0.0, 0.0, 0.0, 0.0, 0.0, 0.0, 0.0, 0.0, 0.0, 0.0, 0.0, 0.0, 0.0, 0.0, 0.0, 0.0, 0.0, 0.0, 0.0, 0.0, 0.0, 0.0, 0.0, 0.0, 0.0, 0.0, 0.0, 0.0, 0.0, 0.0, 0.0, 0.0, 0.0, 0.0, 0.0, 0.0, 0.0, 0.0, 0.0, 0.0, 0.0, 0.0, 0.0, 0.0, 0.0, 0.0, 0.0, 0.0, 0.0, 0.0, 0.0, 0.0, 0.0, 0.0, 0.0, 0.0, 0.0, 0.0, 0.0, 0.0, 0.0, 0.0, 0.0, 0.0, 0.0, 0.0, 0.0, 0.0, 0.0, 0.0, 0.0, 0.0, 0.0, 0.0, 0.0, 0.0, 0.0, 0.0, 0.0, 0.0, 0.0, 0.0, 0.0, 0.0, 0.0, 0.0, 0.0, 0.0, 0.0, 0.0, 0.0, 0.0, 0.0, 0.0, 0.0, 0.0, 0.0, 0.0, 0.0, 0.0, 0.0, 0.0, 0.0, 0.0, 0.0, 0.0, 0.0, 0.0, 0.0, 0.0, 0.0, 0.0, 0.0, 0.0, 0.0, 0.0, 0.0, 0.0, 0.0, 0.0, 0.0, 0.0, 0.0, 0.0, 0.0, 0.0, 0.0, 0.0, 0.0, 0.0, 0.0, 0.0, 0.0, 0.0, 0.0, 0.0, 0.0, 0.0, 0.0, 0.0, 0.0, 0.0, 0.0, 0.0, 0.0, 0.0, 0.0, 0.0, 0.0, 0.0, 0.0, 0.0, 0.0, 0.0, 0.0, 0.0, 0.0, 0.0, 0.0, 0.0, 0.0, 0.0, 0.0, 0.0, 0.0, 0.0, 3.1415927410125732, 3.1415927410125732, 3.1415927410125732, 3.1415927410125732, 3.1415927410125732, 3.1415927410125732, 3.1415927410125732, 3.1415927410125732, 0.0, 0.0, 0.0, 0.0, 0.0, 0.0, 0.0, 0.0, 0.0, 0.0, 0.0, 0.0, 0.0, 0.0, 0.0, 0.0, 0.0, 0.0, 0.0, 0.0, 0.0, 0.0, 0.0, 0.0, 3.1415927410125732, 3.1415927410125732, 3.1415927410125732, 3.1415927410125732, 3.1415927410125732, 3.1415927410125732, 3.1415927410125732, 3.1415927410125732, 0.0, 0.0, 0.0, 0.0, 0.0, 0.0, 0.0, 0.0, 0.0, 0.0, 0.0, 0.0, 0.0, 0.0, 0.0, 0.0, 0.0, 0.0, 0.0, 0.0, 0.0, 0.0, 0.0, 0.0, 3.1415927410125732, 3.1415927410125732, 3.1415927410125732, 3.1415927410125732, 3.1415927410125732, 3.1415927410125732, 3.1415927410125732, 3.1415927410125732, 0.0, 0.0, 0.0, 0.0, 0.0, 0.0, 0.0, 0.0, 0.0, 0.0, 0.0, 0.0, 0.0, 0.0, 0.0, 0.0, 0.0, 0.0, 0.0, 0.0, 0.0, 0.0, 0.0, 0.0, 3.1415927410125732, 3.1415927410125732, 3.1415927410125732, 3.1415927410125732, 3.1415927410125732, 3.1415927410125732, 3.1415927410125732, 3.1415927410125732, 0.0, 0.0, 0.0, 0.0, 0.0, 0.0, 0.0, 0.0, 0.0, 0.0, 0.0, 0.0, 0.0, 0.0, 0.0, 0.0, 0.0, 0.0, 0.0, 0.0, 0.0, 0.0, 0.0, 0.0, 3.1415927410125732, 3.1415927410125732, 3.1415927410125732, 3.1415927410125732, 3.1415927410125732, 3.1415927410125732, 3.1415927410125732, 3.1415927410125732, 0.0, 0.0, 0.0, 0.0, 0.0, 0.0, 0.0, 0.0, 0.0, 0.0, 0.0, 0.0, 0.0, 0.0, 0.0, 0.0, 0.0, 0.0, 0.0, 0.0, 0.0, 0.0, 0.0, 0.0, 3.1415927410125732, 3.1415927410125732, 3.1415927410125732, 3.1415927410125732, 3.1415927410125732, 3.1415927410125732, 3.1415927410125732, 3.1415927410125732, 0.0, 0.0, 0.0, 0.0, 0.0, 0.0, 0.0, 0.0, 0.0, 0.0, 0.0, 0.0, 0.0, 0.0, 0.0, 0.0, 0.0, 0.0, 0.0, 0.0, 0.0, 0.0, 0.0, 0.0, 3.1415927410125732, 3.1415927410125732, 3.1415927410125732, 3.1415927410125732, 3.1415927410125732, 3.1415927410125732, 3.1415927410125732, 3.1415927410125732, 0.0, 0.0, 0.0, 0.0, 0.0, 0.0, 0.0, 0.0, 0.0, 0.0, 0.0, 0.0, 0.0, 0.0, 0.0, 0.0, 0.0, 0.0, 0.0, 0.0, 0.0, 0.0, 0.0, 0.0, 3.1415927410125732, 3.1415927410125732, 3.1415927410125732, 3.1415927410125732, 3.1415927410125732, 3.1415927410125732, 3.1415927410125732, 3.1415927410125732, 0.0, 0.0, 0.0, 0.0, 0.0, 0.0, 0.0, 0.0, 0.0, 0.0, 0.0, 0.0, 0.0, 0.0, 0.0, 0.0]"
0.6088365,0.15223686,0.15219523,0.15220979,0.15219462,0.15220913,-9.53539467,-9.53664207,-9.53620815,-9.53666496,"[3.1415927410125732, 3.1415927410125732, 3.1415927410125732, 3.1415927410125732, 3.1415927410125732, 3.1415927410125732, 3.1415927410125732, 3.1415927410125732, 3.1415927410125732, 3.1415927410125732, 3.1415927410125732, 3.1415927410125732, 3.1415927410125732, 3.1415927410125732, 3.1415927410125732, 3.1415927410125732, 3.1415927410125732, 3.1415927410125732, 3.1415927410125732, 3.1415927410125732, 3.1415927410125732, 3.1415927410125732, 3.1415927410125732, 3.1415927410125732, 3.1415927410125732, 3.1415927410125732, 3.1415927410125732, 3.1415927410125732, 3.1415927410125732, 3.1415927410125732, 3.1415927410125732, 3.1415927410125732, 3.1415927410125732, 3.1415927410125732, 3.1415927410125732, 3.1415927410125732, 3.1415927410125732, 3.1415927410125732, 3.1415927410125732, 3.1415927410125732, 3.1415927410125732, 3.1415927410125732, 3.1415927410125732, 3.1415927410125732, 3.1415927410125732, 3.1415927410125732, 3.1415927410125732, 3.1415927410125732, 3.1415927410125732, 3.1415927410125732, 3.1415927410125732, 3.1415927410125732, 3.1415927410125732, 3.1415927410125732, 3.1415927410125732, 3.1415927410125732, 3.1415927410125732, 3.1415927410125732, 3.1415927410125732, 3.1415927410125732, 3.1415927410125732, 3.1415927410125732, 3.1415927410125732, 3.1415927410125732, 3.1415927410125732, 3.1415927410125732, 3.1415927410125732, 3.1415927410125732, 3.1415927410125732, 3.1415927410125732, 3.1415927410125732, 3.1415927410125732, 3.1415927410125732, 3.1415927410125732, 3.1415927410125732, 3.1415927410125732, 3.1415927410125732, 3.1415927410125732, 3.1415927410125732, 3.1415927410125732, 3.1415927410125732, 3.1415927410125732, 3.1415927410125732, 3.1415927410125732, 3.1415927410125732, 3.1415927410125732, 3.1415927410125732, 3.1415927410125732, 3.1415927410125732, 3.1415927410125732, 3.1415927410125732, 3.1415927410125732, 3.1415927410125732, 3.1415927410125732, 3.1415927410125732, 3.1415927410125732, 3.1415927410125732, 3.1415927410125732, 3.1415927410125732, 3.1415927410125732, 3.1415927410125732, 3.1415927410125732, 3.1415927410125732, 3.1415927410125732, 3.1415927410125732, 3.1415927410125732, 3.1415927410125732, 3.1415927410125732, 3.1415927410125732, 3.1415927410125732, 3.1415927410125732, 3.1415927410125732, 3.1415927410125732, 3.1415927410125732, 3.1415927410125732, 3.1415927410125732, 3.1415927410125732, 3.1415927410125732, 3.1415927410125732, 3.1415927410125732, 3.1415927410125732, 3.1415927410125732, 3.1415927410125732, 3.1415927410125732, 3.1415927410125732, 3.1415927410125732, 3.1415927410125732, 3.1415927410125732, 3.1415927410125732, 3.1415927410125732, 3.1415927410125732, 3.1415927410125732, 3.1415927410125732, 3.1415927410125732, 3.1415927410125732, 3.1415927410125732, 3.1415927410125732, 3.1415927410125732, 3.1415927410125732, 3.1415927410125732, 3.1415927410125732, 3.1415927410125732, 3.1415927410125732, 3.1415927410125732, 3.1415927410125732, 3.1415927410125732, 3.1415927410125732, 3.1415927410125732, 3.1415927410125732, 3.1415927410125732, 3.1415927410125732, 3.1415927410125732, 3.1415927410125732, 3.1415927410125732, 3.1415927410125732, 3.1415927410125732, 3.1415927410125732, 3.1415927410125732, 3.1415927410125732, 3.1415927410125732, 3.1415927410125732, 3.1415927410125732, 3.1415927410125732, 3.1415927410125732, 3.1415927410125732, 3.1415927410125732, 3.1415927410125732, 3.1415927410125732, 3.1415927410125732, 3.1415927410125732, 3.1415927410125732, 3.1415927410125732, 3.1415927410125732, 3.1415927410125732, 3.1415927410125732, 3.1415927410125732, 3.1415927410125732, 3.1415927410125732, 3.1415927410125732, 3.1415927410125732, 3.1415927410125732, 3.1415927410125732, 3.1415927410125732, 3.1415927410125732, 3.1415927410125732, 3.1415927410125732, 3.1415927410125732, 3.1415927410125732, 3.1415927410125732, 3.1415927410125732, 3.1415927410125732, 3.1415927410125732, 3.1415927410125732, 3.1415927410125732, 3.1415927410125732, 3.1415927410125732, 3.1415927410125732, 3.1415927410125732, 3.1415927410125732, 3.1415927410125732, 3.1415927410125732, 3.1415927410125732, 3.1415927410125732, 3.1415927410125732, 3.1415927410125732, 3.1415927410125732, 3.1415927410125732, 3.1415927410125732, 3.1415927410125732, 3.1415927410125732, 3.1415927410125732, 3.1415927410125732, 3.1415927410125732, 3.1415927410125732, 3.1415927410125732, 3.1415927410125732, 3.1415927410125732, 3.1415927410125732, 3.1415927410125732, 3.1415927410125732, 3.1415927410125732, 3.1415927410125732, 3.1415927410125732, 3.1415927410125732, 3.1415927410125732, 3.1415927410125732, 3.1415927410125732, 3.1415927410125732, 3.1415927410125732, 3.1415927410125732, 3.1415927410125732, 3.1415927410125732, 3.1415927410125732, 3.1415927410125732, 3.1415927410125732, 3.1415927410125732, 3.1415927410125732, 3.1415927410125732, 3.1415927410125732, 3.1415927410125732, 3.1415927410125732, 3.1415927410125732, 3.1415927410125732, 3.1415927410125732, 3.1415927410125732, 3.1415927410125732, 3.1415927410125732, 3.1415927410125732, 3.1415927410125732, 3.1415927410125732, 3.1415927410125732, 3.1415927410125732, 3.1415927410125732, 3.1415927410125732, 3.1415927410125732, 3.1415927410125732, 0.0, 0.0, 0.0, 0.0, 0.0, 0.0, 0.0, 0.0, 0.0, 0.0, 0.0, 0.0, 0.0, 0.0, 0.0, 0.0, 3.1415927410125732, 3.1415927410125732, 3.1415927410125732, 3.1415927410125732, 3.1415927410125732, 3.1415927410125732, 3.1415927410125732, 3.1415927410125732, 3.1415927410125732, 3.1415927410125732, 3.1415927410125732, 3.1415927410125732, 3.1415927410125732, 3.1415927410125732, 3.1415927410125732, 3.1415927410125732, 0.0, 0.0, 0.0, 0.0, 0.0, 0.0, 0.0, 0.0, 0.0, 0.0, 0.0, 0.0, 0.0, 0.0, 0.0, 0.0, 3.1415927410125732, 3.1415927410125732, 3.1415927410125732, 3.1415927410125732, 3.1415927410125732, 3.1415927410125732, 3.1415927410125732, 3.1415927410125732, 3.1415927410125732, 3.1415927410125732, 3.1415927410125732, 3.1415927410125732, 3.1415927410125732, 3.1415927410125732, 3.1415927410125732, 3.1415927410125732, 0.0, 0.0, 0.0, 0.0, 0.0, 0.0, 0.0, 0.0, 0.0, 0.0, 0.0, 0.0, 0.0, 0.0, 0.0, 0.0, 3.1415927410125732, 3.1415927410125732, 3.1415927410125732, 3.1415927410125732, 3.1415927410125732, 3.1415927410125732, 3.1415927410125732, 3.1415927410125732, 3.1415927410125732, 3.1415927410125732, 3.1415927410125732, 3.1415927410125732, 3.1415927410125732, 3.1415927410125732, 3.1415927410125732, 3.1415927410125732, 0.0, 0.0, 0.0, 0.0, 0.0, 0.0, 0.0, 0.0, 0.0, 0.0, 0.0, 0.0, 0.0, 0.0, 0.0, 0.0, 3.1415927410125732, 3.1415927410125732, 3.1415927410125732, 3.1415927410125732, 3.1415927410125732, 3.1415927410125732, 3.1415927410125732, 3.1415927410125732, 3.1415927410125732, 3.1415927410125732, 3.1415927410125732, 3.1415927410125732, 3.1415927410125732, 3.1415927410125732, 3.1415927410125732, 3.1415927410125732, 0.0, 0.0, 0.0, 0.0, 0.0, 0.0, 0.0, 0.0, 0.0, 0.0, 0.0, 0.0, 0.0, 0.0, 0.0, 0.0, 3.1415927410125732, 3.1415927410125732, 3.1415927410125732, 3.1415927410125732, 3.1415927410125732, 3.1415927410125732, 3.1415927410125732, 3.1415927410125732, 3.1415927410125732, 3.1415927410125732, 3.1415927410125732, 3.1415927410125732, 3.1415927410125732, 3.1415927410125732, 3.1415927410125732, 3.1415927410125732, 0.0, 0.0, 0.0, 0.0, 0.0, 0.0, 0.0, 0.0, 0.0, 0.0, 0.0, 0.0, 0.0, 0.0, 0.0, 0.0, 3.1415927410125732, 3.1415927410125732, 3.1415927410125732, 3.1415927410125732, 3.1415927410125732, 3.1415927410125732, 3.1415927410125732, 3.1415927410125732, 3.1415927410125732, 3.1415927410125732, 3.1415927410125732, 3.1415927410125732, 3.1415927410125732, 3.1415927410125732, 3.1415927410125732, 3.1415927410125732, 0.0, 0.0, 0.0, 0.0, 0.0, 0.0, 0.0, 0.0, 0.0, 0.0, 0.0, 0.0, 0.0, 0.0, 0.0, 0.0, 3.1415927410125732, 3.1415927410125732, 3.1415927410125732, 3.1415927410125732, 3.1415927410125732, 3.1415927410125732, 3.1415927410125732, 3.1415927410125732, 3.1415927410125732, 3.1415927410125732, 3.1415927410125732, 3.1415927410125732, 3.1415927410125732, 3.1415927410125732, 3.1415927410125732, 3.1415927410125732, 0.0, 0.0, 0.0, 0.0, 0.0, 0.0, 0.0, 0.0, 0.0, 0.0, 0.0, 0.0, 0.0, 0.0, 0.0, 0.0, 3.1415927410125732, 3.1415927410125732, 3.1415927410125732, 3.1415927410125732, 3.1415927410125732, 3.1415927410125732, 3.1415927410125732, 3.1415927410125732, 3.1415927410125732, 3.1415927410125732, 3.1415927410125732, 3.1415927410125732, 3.1415927410125732, 3.1415927410125732, 3.1415927410125732, 3.1415927410125732, 0.0, 0.0, 0.0, 0.0, 0.0, 0.0, 0.0, 0.0, 0.0, 0.0, 0.0, 0.0, 0.0, 0.0, 0.0, 0.0, 0.0, 0.0, 0.0, 0.0, 0.0, 0.0, 0.0, 0.0, 0.0, 0.0, 0.0, 0.0, 0.0, 0.0, 0.0, 0.0, 0.0, 0.0, 0.0, 0.0, 0.0, 0.0, 0.0, 0.0, 0.0, 0.0, 0.0, 0.0, 0.0, 0.0, 0.0, 0.0, 0.0, 0.0, 0.0, 0.0, 0.0, 0.0, 0.0, 0.0, 0.0, 0.0, 0.0, 0.0, 0.0, 0.0, 0.0, 0.0, 0.0, 0.0, 0.0, 0.0, 0.0, 0.0, 0.0, 0.0, 0.0, 0.0, 0.0, 0.0, 0.0, 0.0, 0.0, 0.0, 0.0, 0.0, 0.0, 0.0, 0.0, 0.0, 0.0, 0.0, 0.0, 0.0, 0.0, 0.0, 0.0, 0.0, 0.0, 0.0, 0.0, 0.0, 0.0, 0.0, 0.0, 0.0, 0.0, 0.0, 0.0, 0.0, 0.0, 0.0, 0.0, 0.0, 0.0, 0.0, 0.0, 0.0, 0.0, 0.0, 0.0, 0.0, 0.0, 0.0, 0.0, 0.0, 0.0, 0.0, 0.0, 0.0, 0.0, 0.0, 0.0, 0.0, 0.0, 0.0, 0.0, 0.0, 0.0, 0.0, 0.0, 0.0, 0.0, 0.0, 0.0, 0.0, 0.0, 0.0, 0.0, 0.0, 0.0, 0.0, 0.0, 0.0, 0.0, 0.0, 0.0, 0.0, 0.0, 0.0, 0.0, 0.0, 0.0, 0.0, 0.0, 0.0, 0.0, 0.0, 0.0, 0.0, 0.0, 0.0, 0.0, 0.0, 0.0, 0.0, 0.0, 0.0, 0.0, 0.0, 0.0, 0.0, 0.0, 0.0, 0.0, 0.0, 0.0, 0.0, 0.0, 0.0, 0.0, 0.0, 0.0, 0.0, 0.0, 0.0, 0.0, 0.0, 0.0, 0.0, 0.0, 0.0, 0.0, 0.0, 0.0, 0.0, 0.0, 0.0, 0.0, 0.0, 0.0, 0.0, 0.0, 0.0, 0.0, 0.0, 0.0, 0.0, 0.0, 0.0, 0.0, 0.0, 0.0, 0.0, 0.0, 0.0, 0.0, 0.0, 0.0, 0.0, 0.0, 0.0, 0.0, 0.0, 0.0, 0.0, 0.0, 0.0, 0.0, 0.0, 0.0, 0.0, 0.0, 0.0, 0.0, 0.0, 0.0, 0.0, 0.0, 0.0, 0.0, 0.0, 0.0, 0.0, 0.0, 0.0, 0.0, 0.0, 0.0, 0.0, 0.0, 0.0, 0.0, 0.0, 0.0, 0.0, 0.0, 0.0, 3.1415927410125732, 3.1415927410125732, 3.1415927410125732, 3.1415927410125732, 3.1415927410125732, 3.1415927410125732, 3.1415927410125732, 3.1415927410125732, 0.0, 0.0, 0.0, 0.0, 0.0, 0.0, 0.0, 0.0, 0.0, 0.0, 0.0, 0.0, 0.0, 0.0, 0.0, 0.0, 0.0, 0.0, 0.0, 0.0, 0.0, 0.0, 0.0, 0.0, 3.1415927410125732, 3.1415927410125732, 3.1415927410125732, 3.1415927410125732, 3.1415927410125732, 3.1415927410125732, 3.1415927410125732, 3.1415927410125732, 0.0, 0.0, 0.0, 0.0, 0.0, 0.0, 0.0, 0.0, 0.0, 0.0, 0.0, 0.0, 0.0, 0.0, 0.0, 0.0, 0.0, 0.0, 0.0, 0.0, 0.0, 0.0, 0.0, 0.0, 3.1415927410125732, 3.1415927410125732, 3.1415927410125732, 3.1415927410125732, 3.1415927410125732, 3.1415927410125732, 3.1415927410125732, 3.1415927410125732, 0.0, 0.0, 0.0, 0.0, 0.0, 0.0, 0.0, 0.0, 0.0, 0.0, 0.0, 0.0, 0.0, 0.0, 0.0, 0.0, 0.0, 0.0, 0.0, 0.0, 0.0, 0.0, 0.0, 0.0, 3.1415927410125732, 3.1415927410125732, 3.1415927410125732, 3.1415927410125732, 3.1415927410125732, 3.1415927410125732, 3.1415927410125732, 3.1415927410125732, 0.0, 0.0, 0.0, 0.0, 0.0, 0.0, 0.0, 0.0, 0.0, 0.0, 0.0, 0.0, 0.0, 0.0, 0.0, 0.0, 0.0, 0.0, 0.0, 0.0, 0.0, 0.0, 0.0, 0.0, 3.1415927410125732, 3.1415927410125732, 3.1415927410125732, 3.1415927410125732, 3.1415927410125732, 3.1415927410125732, 3.1415927410125732, 3.1415927410125732, 0.0, 0.0, 0.0, 0.0, 0.0, 0.0, 0.0, 0.0, 0.0, 0.0, 0.0, 0.0, 0.0, 0.0, 0.0, 0.0, 0.0, 0.0, 0.0, 0.0, 0.0, 0.0, 0.0, 0.0, 3.1415927410125732, 3.1415927410125732, 3.1415927410125732, 3.1415927410125732, 3.1415927410125732, 3.1415927410125732, 3.1415927410125732, 3.1415927410125732, 0.0, 0.0, 0.0, 0.0, 0.0, 0.0, 0.0, 0.0, 0.0, 0.0, 0.0, 0.0, 0.0, 0.0, 0.0, 0.0, 0.0, 0.0, 0.0, 0.0, 0.0, 0.0, 0.0, 0.0, 3.1415927410125732, 3.1415927410125732, 3.1415927410125732, 3.1415927410125732, 3.1415927410125732, 3.1415927410125732, 3.1415927410125732, 3.1415927410125732, 0.0, 0.0, 0.0, 0.0, 0.0, 0.0, 0.0, 0.0, 0.0, 0.0, 0.0, 0.0, 0.0, 0.0, 0.0, 0.0, 0.0, 0.0, 0.0, 0.0, 0.0, 0.0, 0.0, 0.0, 3.1415927410125732, 3.1415927410125732, 3.1415927410125732, 3.1415927410125732, 3.1415927410125732, 3.1415927410125732, 3.1415927410125732, 3.1415927410125732, 0.0, 0.0, 0.0, 0.0, 0.0, 0.0, 0.0, 0.0, 0.0, 0.0, 0.0, 0.0, 0.0, 0.0, 0.0, 0.0]"
0.6088365,0.15223686,0.15219523,0.15220979,0.15219462,0.15220913,-9.53539467,-9.53664207,-9.53620815,-9.53666496,"[3.1415927410125732, 3.1415927410125732, 3.1415927410125732, 3.1415927410125732, 3.1415927410125732, 3.1415927410125732, 3.1415927410125732, 3.1415927410125732, 3.1415927410125732, 3.1415927410125732, 3.1415927410125732, 3.1415927410125732, 3.1415927410125732, 3.1415927410125732, 3.1415927410125732, 3.1415927410125732, 3.1415927410125732, 3.1415927410125732, 3.1415927410125732, 3.1415927410125732, 3.1415927410125732, 3.1415927410125732, 3.1415927410125732, 3.1415927410125732, 3.1415927410125732, 3.1415927410125732, 3.1415927410125732, 3.1415927410125732, 3.1415927410125732, 3.1415927410125732, 3.1415927410125732, 3.1415927410125732, 3.1415927410125732, 3.1415927410125732, 3.1415927410125732, 3.1415927410125732, 3.1415927410125732, 3.1415927410125732, 3.1415927410125732, 3.1415927410125732, 3.1415927410125732, 3.1415927410125732, 3.1415927410125732, 3.1415927410125732, 3.1415927410125732, 3.1415927410125732, 3.1415927410125732, 3.1415927410125732, 3.1415927410125732, 3.1415927410125732, 3.1415927410125732, 3.1415927410125732, 3.1415927410125732, 3.1415927410125732, 3.1415927410125732, 3.1415927410125732, 3.1415927410125732, 3.1415927410125732, 3.1415927410125732, 3.1415927410125732, 3.1415927410125732, 3.1415927410125732, 3.1415927410125732, 3.1415927410125732, 3.1415927410125732, 3.1415927410125732, 3.1415927410125732, 3.1415927410125732, 3.1415927410125732, 3.1415927410125732, 3.1415927410125732, 3.1415927410125732, 3.1415927410125732, 3.1415927410125732, 3.1415927410125732, 3.1415927410125732, 3.1415927410125732, 3.1415927410125732, 3.1415927410125732, 3.1415927410125732, 3.1415927410125732, 3.1415927410125732, 3.1415927410125732, 3.1415927410125732, 3.1415927410125732, 3.1415927410125732, 3.1415927410125732, 3.1415927410125732, 3.1415927410125732, 3.1415927410125732, 3.1415927410125732, 3.1415927410125732, 3.1415927410125732, 3.1415927410125732, 3.1415927410125732, 3.1415927410125732, 3.1415927410125732, 3.1415927410125732, 3.1415927410125732, 3.1415927410125732, 3.1415927410125732, 3.1415927410125732, 3.1415927410125732, 3.1415927410125732, 3.1415927410125732, 3.1415927410125732, 3.1415927410125732, 3.1415927410125732, 3.1415927410125732, 3.1415927410125732, 3.1415927410125732, 3.1415927410125732, 3.1415927410125732, 3.1415927410125732, 3.1415927410125732, 3.1415927410125732, 3.1415927410125732, 3.1415927410125732, 3.1415927410125732, 3.1415927410125732, 3.1415927410125732, 3.1415927410125732, 3.1415927410125732, 3.1415927410125732, 3.1415927410125732, 3.1415927410125732, 3.1415927410125732, 3.1415927410125732, 3.1415927410125732, 3.1415927410125732, 3.1415927410125732, 3.1415927410125732, 3.1415927410125732, 3.1415927410125732, 3.1415927410125732, 3.1415927410125732, 3.1415927410125732, 3.1415927410125732, 3.1415927410125732, 3.1415927410125732, 3.1415927410125732, 3.1415927410125732, 3.1415927410125732, 3.1415927410125732, 3.1415927410125732, 3.1415927410125732, 3.1415927410125732, 3.1415927410125732, 3.1415927410125732, 3.1415927410125732, 3.1415927410125732, 3.1415927410125732, 3.1415927410125732, 3.1415927410125732, 3.1415927410125732, 3.1415927410125732, 3.1415927410125732, 3.1415927410125732, 3.1415927410125732, 3.1415927410125732, 3.1415927410125732, 3.1415927410125732, 3.1415927410125732, 3.1415927410125732, 3.1415927410125732, 3.1415927410125732, 3.1415927410125732, 3.1415927410125732, 3.1415927410125732, 3.1415927410125732, 3.1415927410125732, 3.1415927410125732, 3.1415927410125732, 3.1415927410125732, 3.1415927410125732, 3.1415927410125732, 3.1415927410125732, 3.1415927410125732, 3.1415927410125732, 3.1415927410125732, 3.1415927410125732, 3.1415927410125732, 3.1415927410125732, 3.1415927410125732, 3.1415927410125732, 3.1415927410125732, 3.1415927410125732, 3.1415927410125732, 3.1415927410125732, 3.1415927410125732, 3.1415927410125732, 3.1415927410125732, 3.1415927410125732, 3.1415927410125732, 3.1415927410125732, 3.1415927410125732, 3.1415927410125732, 3.1415927410125732, 3.1415927410125732, 3.1415927410125732, 3.1415927410125732, 3.1415927410125732, 3.1415927410125732, 3.1415927410125732, 3.1415927410125732, 3.1415927410125732, 3.1415927410125732, 3.1415927410125732, 3.1415927410125732, 3.1415927410125732, 3.1415927410125732, 3.1415927410125732, 3.1415927410125732, 3.1415927410125732, 3.1415927410125732, 3.1415927410125732, 3.1415927410125732, 3.1415927410125732, 3.1415927410125732, 3.1415927410125732, 3.1415927410125732, 3.1415927410125732, 3.1415927410125732, 3.1415927410125732, 3.1415927410125732, 3.1415927410125732, 3.1415927410125732, 3.1415927410125732, 3.1415927410125732, 3.1415927410125732, 3.1415927410125732, 3.1415927410125732, 3.1415927410125732, 3.1415927410125732, 3.1415927410125732, 3.1415927410125732, 3.1415927410125732, 3.1415927410125732, 3.1415927410125732, 3.1415927410125732, 3.1415927410125732, 3.1415927410125732, 3.1415927410125732, 3.1415927410125732, 3.1415927410125732, 3.1415927410125732, 3.1415927410125732, 3.1415927410125732, 3.1415927410125732, 3.1415927410125732, 3.1415927410125732, 3.1415927410125732, 3.1415927410125732, 3.1415927410125732, 3.1415927410125732, 3.1415927410125732, 0.0, 0.0, 0.0, 0.0, 0.0, 0.0, 0.0, 0.0, 0.0, 0.0, 0.0, 0.0, 0.0, 0.0, 0.0, 0.0, 3.1415927410125732, 3.1415927410125732, 3.1415927410125732, 3.1415927410125732, 3.1415927410125732, 3.1415927410125732, 3.1415927410125732, 3.1415927410125732, 3.1415927410125732, 3.1415927410125732, 3.1415927410125732, 3.1415927410125732, 3.1415927410125732, 3.1415927410125732, 3.1415927410125732, 3.1415927410125732, 0.0, 0.0, 0.0, 0.0, 0.0, 0.0, 0.0, 0.0, 0.0, 0.0, 0.0, 0.0, 0.0, 0.0, 0.0, 0.0, 3.1415927410125732, 3.1415927410125732, 3.1415927410125732, 3.1415927410125732, 3.1415927410125732, 3.1415927410125732, 3.1415927410125732, 3.1415927410125732, 3.1415927410125732, 3.1415927410125732, 3.1415927410125732, 3.1415927410125732, 3.1415927410125732, 3.1415927410125732, 3.1415927410125732, 3.1415927410125732, 0.0, 0.0, 0.0, 0.0, 0.0, 0.0, 0.0, 0.0, 0.0, 0.0, 0.0, 0.0, 0.0, 0.0, 0.0, 0.0, 3.1415927410125732, 3.1415927410125732, 3.1415927410125732, 3.1415927410125732, 3.1415927410125732, 3.1415927410125732, 3.1415927410125732, 3.1415927410125732, 3.1415927410125732, 3.1415927410125732, 3.1415927410125732, 3.1415927410125732, 3.1415927410125732, 3.1415927410125732, 3.1415927410125732, 3.1415927410125732, 0.0, 0.0, 0.0, 0.0, 0.0, 0.0, 0.0, 0.0, 0.0, 0.0, 0.0, 0.0, 0.0, 0.0, 0.0, 0.0, 3.1415927410125732, 3.1415927410125732, 3.1415927410125732, 3.1415927410125732, 3.1415927410125732, 3.1415927410125732, 3.1415927410125732, 3.1415927410125732, 3.1415927410125732, 3.1415927410125732, 3.1415927410125732, 3.1415927410125732, 3.1415927410125732, 3.1415927410125732, 3.1415927410125732, 3.1415927410125732, 0.0, 0.0, 0.0, 0.0, 0.0, 0.0, 0.0, 0.0, 0.0, 0.0, 0.0, 0.0, 0.0, 0.0, 0.0, 0.0, 3.1415927410125732, 3.1415927410125732, 3.1415927410125732, 3.1415927410125732, 3.1415927410125732, 3.1415927410125732, 3.1415927410125732, 3.1415927410125732, 3.1415927410125732, 3.1415927410125732, 3.1415927410125732, 3.1415927410125732, 3.1415927410125732, 3.1415927410125732, 3.1415927410125732, 3.1415927410125732, 0.0, 0.0, 0.0, 0.0, 0.0, 0.0, 0.0, 0.0, 0.0, 0.0, 0.0, 0.0, 0.0, 0.0, 0.0, 0.0, 3.1415927410125732, 3.1415927410125732, 3.1415927410125732, 3.1415927410125732, 3.1415927410125732, 3.1415927410125732, 3.1415927410125732, 3.1415927410125732, 3.1415927410125732, 3.1415927410125732, 3.1415927410125732, 3.1415927410125732, 3.1415927410125732, 3.1415927410125732, 3.1415927410125732, 3.1415927410125732, 0.0, 0.0, 0.0, 0.0, 0.0, 0.0, 0.0, 0.0, 0.0, 0.0, 0.0, 0.0, 0.0, 0.0, 0.0, 0.0, 3.1415927410125732, 3.1415927410125732, 3.1415927410125732, 3.1415927410125732, 3.1415927410125732, 3.1415927410125732, 3.1415927410125732, 3.1415927410125732, 3.1415927410125732, 3.1415927410125732, 3.1415927410125732, 3.1415927410125732, 3.1415927410125732, 3.1415927410125732, 3.1415927410125732, 3.1415927410125732, 0.0, 0.0, 0.0, 0.0, 0.0, 0.0, 0.0, 0.0, 0.0, 0.0, 0.0, 0.0, 0.0, 0.0, 0.0, 0.0, 3.1415927410125732, 3.1415927410125732, 3.1415927410125732, 3.1415927410125732, 3.1415927410125732, 3.1415927410125732, 3.1415927410125732, 3.1415927410125732, 3.1415927410125732, 3.1415927410125732, 3.1415927410125732, 3.1415927410125732, 3.1415927410125732, 3.1415927410125732, 3.1415927410125732, 3.1415927410125732, 0.0, 0.0, 0.0, 0.0, 0.0, 0.0, 0.0, 0.0, 0.0, 0.0, 0.0, 0.0, 0.0, 0.0, 0.0, 0.0, 0.0, 0.0, 0.0, 0.0, 0.0, 0.0, 0.0, 0.0, 0.0, 0.0, 0.0, 0.0, 0.0, 0.0, 0.0, 0.0, 0.0, 0.0, 0.0, 0.0, 0.0, 0.0, 0.0, 0.0, 0.0, 0.0, 0.0, 0.0, 0.0, 0.0, 0.0, 0.0, 0.0, 0.0, 0.0, 0.0, 0.0, 0.0, 0.0, 0.0, 0.0, 0.0, 0.0, 0.0, 0.0, 0.0, 0.0, 0.0, 0.0, 0.0, 0.0, 0.0, 0.0, 0.0, 0.0, 0.0, 0.0, 0.0, 0.0, 0.0, 0.0, 0.0, 0.0, 0.0, 0.0, 0.0, 0.0, 0.0, 0.0, 0.0, 0.0, 0.0, 0.0, 0.0, 0.0, 0.0, 0.0, 0.0, 0.0, 0.0, 0.0, 0.0, 0.0, 0.0, 0.0, 0.0, 0.0, 0.0, 0.0, 0.0, 0.0, 0.0, 0.0, 0.0, 0.0, 0.0, 0.0, 0.0, 0.0, 0.0, 0.0, 0.0, 0.0, 0.0, 0.0, 0.0, 0.0, 0.0, 0.0, 0.0, 0.0, 0.0, 0.0, 0.0, 0.0, 0.0, 0.0, 0.0, 0.0, 0.0, 0.0, 0.0, 0.0, 0.0, 0.0, 0.0, 0.0, 0.0, 0.0, 0.0, 0.0, 0.0, 0.0, 0.0, 0.0, 0.0, 0.0, 0.0, 0.0, 0.0, 0.0, 0.0, 0.0, 0.0, 0.0, 0.0, 0.0, 0.0, 0.0, 0.0, 0.0, 0.0, 0.0, 0.0, 0.0, 0.0, 0.0, 0.0, 0.0, 0.0, 0.0, 0.0, 0.0, 0.0, 0.0, 0.0, 0.0, 0.0, 0.0, 0.0, 0.0, 0.0, 0.0, 0.0, 0.0, 0.0, 0.0, 0.0, 0.0, 0.0, 0.0, 0.0, 0.0, 0.0, 0.0, 0.0, 0.0, 0.0, 0.0, 0.0, 0.0, 0.0, 0.0, 0.0, 0.0, 0.0, 0.0, 0.0, 0.0, 0.0, 0.0, 0.0, 0.0, 0.0, 0.0, 0.0, 0.0, 0.0, 0.0, 0.0, 0.0, 0.0, 0.0, 0.0, 0.0, 0.0, 0.0, 0.0, 0.0, 0.0, 0.0, 0.0, 0.0, 0.0, 0.0, 0.0, 0.0, 0.0, 0.0, 0.0, 0.0, 0.0, 0.0, 0.0, 0.0, 0.0, 0.0, 0.0, 0.0, 0.0, 0.0, 0.0, 0.0, 0.0, 0.0, 0.0, 0.0, 0.0, 3.1415927410125732, 3.1415927410125732, 3.1415927410125732, 3.1415927410125732, 3.1415927410125732, 3.1415927410125732, 3.1415927410125732, 3.1415927410125732, 0.0, 0.0, 0.0, 0.0, 0.0, 0.0, 0.0, 0.0, 0.0, 0.0, 0.0, 0.0, 0.0, 0.0, 0.0, 0.0, 0.0, 0.0, 0.0, 0.0, 0.0, 0.0, 0.0, 0.0, 3.1415927410125732, 3.1415927410125732, 3.1415927410125732, 3.1415927410125732, 3.1415927410125732, 3.1415927410125732, 3.1415927410125732, 3.1415927410125732, 0.0, 0.0, 0.0, 0.0, 0.0, 0.0, 0.0, 0.0, 0.0, 0.0, 0.0, 0.0, 0.0, 0.0, 0.0, 0.0, 0.0, 0.0, 0.0, 0.0, 0.0, 0.0, 0.0, 0.0, 3.1415927410125732, 3.1415927410125732, 3.1415927410125732, 3.1415927410125732, 3.1415927410125732, 3.1415927410125732, 3.1415927410125732, 3.1415927410125732, 0.0, 0.0, 0.0, 0.0, 0.0, 0.0, 0.0, 0.0, 0.0, 0.0, 0.0, 0.0, 0.0, 0.0, 0.0, 0.0, 0.0, 0.0, 0.0, 0.0, 0.0, 0.0, 0.0, 0.0, 3.1415927410125732, 3.1415927410125732, 3.1415927410125732, 3.1415927410125732, 3.1415927410125732, 3.1415927410125732, 3.1415927410125732, 3.1415927410125732, 0.0, 0.0, 0.0, 0.0, 0.0, 0.0, 0.0, 0.0, 0.0, 0.0, 0.0, 0.0, 0.0, 0.0, 0.0, 0.0, 0.0, 0.0, 0.0, 0.0, 0.0, 0.0, 0.0, 0.0, 3.1415927410125732, 3.1415927410125732, 3.1415927410125732, 3.1415927410125732, 3.1415927410125732, 3.1415927410125732, 3.1415927410125732, 3.1415927410125732, 0.0, 0.0, 0.0, 0.0, 0.0, 0.0, 0.0, 0.0, 0.0, 0.0, 0.0, 0.0, 0.0, 0.0, 0.0, 0.0, 0.0, 0.0, 0.0, 0.0, 0.0, 0.0, 0.0, 0.0, 3.1415927410125732, 3.1415927410125732, 3.1415927410125732, 3.1415927410125732, 3.1415927410125732, 3.1415927410125732, 3.1415927410125732, 3.1415927410125732, 0.0, 0.0, 0.0, 0.0, 0.0, 0.0, 0.0, 0.0, 0.0, 0.0, 0.0, 0.0, 0.0, 0.0, 0.0, 0.0, 0.0, 0.0, 0.0, 0.0, 0.0, 0.0, 0.0, 0.0, 3.1415927410125732, 3.1415927410125732, 3.1415927410125732, 3.1415927410125732, 3.1415927410125732, 3.1415927410125732, 3.1415927410125732, 3.1415927410125732, 0.0, 0.0, 0.0, 0.0, 0.0, 0.0, 0.0, 0.0, 0.0, 0.0, 0.0, 0.0, 0.0, 0.0, 0.0, 0.0, 0.0, 0.0, 0.0, 0.0, 0.0, 0.0, 0.0, 0.0, 3.1415927410125732, 3.1415927410125732, 3.1415927410125732, 3.1415927410125732, 3.1415927410125732, 3.1415927410125732, 3.1415927410125732, 3.1415927410125732, 0.0, 0.0, 0.0, 0.0, 0.0, 0.0, 0.0, 0.0, 0.0, 0.0, 0.0, 0.0, 0.0, 0.0, 0.0, 0.0]"
0.6088365,0.15223686,0.15219523,0.15220979,0.15219462,0.15220913,-9.53539467,-9.53664207,-9.53620815,-9.53666496,"[3.1415927410125732, 3.1415927410125732, 3.1415927410125732, 3.1415927410125732, 3.1415927410125732, 3.1415927410125732, 3.1415927410125732, 3.1415927410125732, 3.1415927410125732, 3.1415927410125732, 3.1415927410125732, 3.1415927410125732, 3.1415927410125732, 3.1415927410125732, 3.1415927410125732, 3.1415927410125732, 3.1415927410125732, 3.1415927410125732, 3.1415927410125732, 3.1415927410125732, 3.1415927410125732, 3.1415927410125732, 3.1415927410125732, 3.1415927410125732, 3.1415927410125732, 3.1415927410125732, 3.1415927410125732, 3.1415927410125732, 3.1415927410125732, 3.1415927410125732, 3.1415927410125732, 3.1415927410125732, 3.1415927410125732, 3.1415927410125732, 3.1415927410125732, 3.1415927410125732, 3.1415927410125732, 3.1415927410125732, 3.1415927410125732, 3.1415927410125732, 3.1415927410125732, 3.1415927410125732, 3.1415927410125732, 3.1415927410125732, 3.1415927410125732, 3.1415927410125732, 3.1415927410125732, 3.1415927410125732, 3.1415927410125732, 3.1415927410125732, 3.1415927410125732, 3.1415927410125732, 3.1415927410125732, 3.1415927410125732, 3.1415927410125732, 3.1415927410125732, 3.1415927410125732, 3.1415927410125732, 3.1415927410125732, 3.1415927410125732, 3.1415927410125732, 3.1415927410125732, 3.1415927410125732, 3.1415927410125732, 3.1415927410125732, 3.1415927410125732, 3.1415927410125732, 3.1415927410125732, 3.1415927410125732, 3.1415927410125732, 3.1415927410125732, 3.1415927410125732, 3.1415927410125732, 3.1415927410125732, 3.1415927410125732, 3.1415927410125732, 3.1415927410125732, 3.1415927410125732, 3.1415927410125732, 3.1415927410125732, 3.1415927410125732, 3.1415927410125732, 3.1415927410125732, 3.1415927410125732, 3.1415927410125732, 3.1415927410125732, 3.1415927410125732, 3.1415927410125732, 3.1415927410125732, 3.1415927410125732, 3.1415927410125732, 3.1415927410125732, 3.1415927410125732, 3.1415927410125732, 3.1415927410125732, 3.1415927410125732, 3.1415927410125732, 3.1415927410125732, 3.1415927410125732, 3.1415927410125732, 3.1415927410125732, 3.1415927410125732, 3.1415927410125732, 3.1415927410125732, 3.1415927410125732, 3.1415927410125732, 3.1415927410125732, 3.1415927410125732, 3.1415927410125732, 3.1415927410125732, 3.1415927410125732, 3.1415927410125732, 3.1415927410125732, 3.1415927410125732, 3.1415927410125732, 3.1415927410125732, 3.1415927410125732, 3.1415927410125732, 3.1415927410125732, 3.1415927410125732, 3.1415927410125732, 3.1415927410125732, 3.1415927410125732, 3.1415927410125732, 3.1415927410125732, 3.1415927410125732, 3.1415927410125732, 3.1415927410125732, 3.1415927410125732, 3.1415927410125732, 3.1415927410125732, 3.1415927410125732, 3.1415927410125732, 3.1415927410125732, 3.1415927410125732, 3.1415927410125732, 3.1415927410125732, 3.1415927410125732, 3.1415927410125732, 3.1415927410125732, 3.1415927410125732, 3.1415927410125732, 3.1415927410125732, 3.1415927410125732, 3.1415927410125732, 3.1415927410125732, 3.1415927410125732, 3.1415927410125732, 3.1415927410125732, 3.1415927410125732, 3.1415927410125732, 3.1415927410125732, 3.1415927410125732, 3.1415927410125732, 3.1415927410125732, 3.1415927410125732, 3.1415927410125732, 3.1415927410125732, 3.1415927410125732, 3.1415927410125732, 3.1415927410125732, 3.1415927410125732, 3.1415927410125732, 3.1415927410125732, 3.1415927410125732, 3.1415927410125732, 3.1415927410125732, 3.1415927410125732, 3.1415927410125732, 3.1415927410125732, 3.1415927410125732, 3.1415927410125732, 3.1415927410125732, 3.1415927410125732, 3.1415927410125732, 3.1415927410125732, 3.1415927410125732, 3.1415927410125732, 3.1415927410125732, 3.1415927410125732, 3.1415927410125732, 3.1415927410125732, 3.1415927410125732, 3.1415927410125732, 3.1415927410125732, 3.1415927410125732, 3.1415927410125732, 3.1415927410125732, 3.1415927410125732, 3.1415927410125732, 3.1415927410125732, 3.1415927410125732, 3.1415927410125732, 3.1415927410125732, 3.1415927410125732, 3.1415927410125732, 3.1415927410125732, 3.1415927410125732, 3.1415927410125732, 3.1415927410125732, 3.1415927410125732, 3.1415927410125732, 3.1415927410125732, 3.1415927410125732, 3.1415927410125732, 3.1415927410125732, 3.1415927410125732, 3.1415927410125732, 3.1415927410125732, 3.1415927410125732, 3.1415927410125732, 3.1415927410125732, 3.1415927410125732, 3.1415927410125732, 3.1415927410125732, 3.1415927410125732, 3.1415927410125732, 3.1415927410125732, 3.1415927410125732, 3.1415927410125732, 3.1415927410125732, 3.1415927410125732, 3.1415927410125732, 3.1415927410125732, 3.1415927410125732, 3.1415927410125732, 3.1415927410125732, 3.1415927410125732, 3.1415927410125732, 3.1415927410125732, 3.1415927410125732, 3.1415927410125732, 3.1415927410125732, 3.1415927410125732, 3.1415927410125732, 3.1415927410125732, 3.1415927410125732, 3.1415927410125732, 3.1415927410125732, 3.1415927410125732, 3.1415927410125732, 3.1415927410125732, 3.1415927410125732, 3.1415927410125732, 3.1415927410125732, 3.1415927410125732, 3.1415927410125732, 3.1415927410125732, 3.1415927410125732, 3.1415927410125732, 3.1415927410125732, 3.1415927410125732, 3.1415927410125732, 3.1415927410125732, 3.1415927410125732, 3.1415927410125732, 0.0, 0.0, 0.0, 0.0, 0.0, 0.0, 0.0, 0.0, 0.0, 0.0, 0.0, 0.0, 0.0, 0.0, 0.0, 0.0, 3.1415927410125732, 3.1415927410125732, 3.1415927410125732, 3.1415927410125732, 3.1415927410125732, 3.1415927410125732, 3.1415927410125732, 3.1415927410125732, 3.1415927410125732, 3.1415927410125732, 3.1415927410125732, 3.1415927410125732, 3.1415927410125732, 3.1415927410125732, 3.1415927410125732, 3.1415927410125732, 0.0, 0.0, 0.0, 0.0, 0.0, 0.0, 0.0, 0.0, 0.0, 0.0, 0.0, 0.0, 0.0, 0.0, 0.0, 0.0, 3.1415927410125732, 3.1415927410125732, 3.1415927410125732, 3.1415927410125732, 3.1415927410125732, 3.1415927410125732, 3.1415927410125732, 3.1415927410125732, 3.1415927410125732, 3.1415927410125732, 3.1415927410125732, 3.1415927410125732, 3.1415927410125732, 3.1415927410125732, 3.1415927410125732, 3.1415927410125732, 0.0, 0.0, 0.0, 0.0, 0.0, 0.0, 0.0, 0.0, 0.0, 0.0, 0.0, 0.0, 0.0, 0.0, 0.0, 0.0, 3.1415927410125732, 3.1415927410125732, 3.1415927410125732, 3.1415927410125732, 3.1415927410125732, 3.1415927410125732, 3.1415927410125732, 3.1415927410125732, 3.1415927410125732, 3.1415927410125732, 3.1415927410125732, 3.1415927410125732, 3.1415927410125732, 3.1415927410125732, 3.1415927410125732, 3.1415927410125732, 0.0, 0.0, 0.0, 0.0, 0.0, 0.0, 0.0, 0.0, 0.0, 0.0, 0.0, 0.0, 0.0, 0.0, 0.0, 0.0, 3.1415927410125732, 3.1415927410125732, 3.1415927410125732, 3.1415927410125732, 3.1415927410125732, 3.1415927410125732, 3.1415927410125732, 3.1415927410125732, 3.1415927410125732, 3.1415927410125732, 3.1415927410125732, 3.1415927410125732, 3.1415927410125732, 3.1415927410125732, 3.1415927410125732, 3.1415927410125732, 0.0, 0.0, 0.0, 0.0, 0.0, 0.0, 0.0, 0.0, 0.0, 0.0, 0.0, 0.0, 0.0, 0.0, 0.0, 0.0, 3.1415927410125732, 3.1415927410125732, 3.1415927410125732, 3.1415927410125732, 3.1415927410125732, 3.1415927410125732, 3.1415927410125732, 3.1415927410125732, 3.1415927410125732, 3.1415927410125732, 3.1415927410125732, 3.1415927410125732, 3.1415927410125732, 3.1415927410125732, 3.1415927410125732, 3.1415927410125732, 0.0, 0.0, 0.0, 0.0, 0.0, 0.0, 0.0, 0.0, 0.0, 0.0, 0.0, 0.0, 0.0, 0.0, 0.0, 0.0, 3.1415927410125732, 3.1415927410125732, 3.1415927410125732, 3.1415927410125732, 3.1415927410125732, 3.1415927410125732, 3.1415927410125732, 3.1415927410125732, 3.1415927410125732, 3.1415927410125732, 3.1415927410125732, 3.1415927410125732, 3.1415927410125732, 3.1415927410125732, 3.1415927410125732, 3.1415927410125732, 0.0, 0.0, 0.0, 0.0, 0.0, 0.0, 0.0, 0.0, 0.0, 0.0, 0.0, 0.0, 0.0, 0.0, 0.0, 0.0, 3.1415927410125732, 3.1415927410125732, 3.1415927410125732, 3.1415927410125732, 3.1415927410125732, 3.1415927410125732, 3.1415927410125732, 3.1415927410125732, 3.1415927410125732, 3.1415927410125732, 3.1415927410125732, 3.1415927410125732, 3.1415927410125732, 3.1415927410125732, 3.1415927410125732, 3.1415927410125732, 0.0, 0.0, 0.0, 0.0, 0.0, 0.0, 0.0, 0.0, 0.0, 0.0, 0.0, 0.0, 0.0, 0.0, 0.0, 0.0, 3.1415927410125732, 3.1415927410125732, 3.1415927410125732, 3.1415927410125732, 3.1415927410125732, 3.1415927410125732, 3.1415927410125732, 3.1415927410125732, 3.1415927410125732, 3.1415927410125732, 3.1415927410125732, 3.1415927410125732, 3.1415927410125732, 3.1415927410125732, 3.1415927410125732, 3.1415927410125732, 0.0, 0.0, 0.0, 0.0, 0.0, 0.0, 0.0, 0.0, 0.0, 0.0, 0.0, 0.0, 0.0, 0.0, 0.0, 0.0, 0.0, 0.0, 0.0, 0.0, 0.0, 0.0, 0.0, 0.0, 0.0, 0.0, 0.0, 0.0, 0.0, 0.0, 0.0, 0.0, 0.0, 0.0, 0.0, 0.0, 0.0, 0.0, 0.0, 0.0, 0.0, 0.0, 0.0, 0.0, 0.0, 0.0, 0.0, 0.0, 0.0, 0.0, 0.0, 0.0, 0.0, 0.0, 0.0, 0.0, 0.0, 0.0, 0.0, 0.0, 0.0, 0.0, 0.0, 0.0, 0.0, 0.0, 0.0, 0.0, 0.0, 0.0, 0.0, 0.0, 0.0, 0.0, 0.0, 0.0, 0.0, 0.0, 0.0, 0.0, 0.0, 0.0, 0.0, 0.0, 0.0, 0.0, 0.0, 0.0, 0.0, 0.0, 0.0, 0.0, 0.0, 0.0, 0.0, 0.0, 0.0, 0.0, 0.0, 0.0, 0.0, 0.0, 0.0, 0.0, 0.0, 0.0, 0.0, 0.0, 0.0, 0.0, 0.0, 0.0, 0.0, 0.0, 0.0, 0.0, 0.0, 0.0, 0.0, 0.0, 0.0, 0.0, 0.0, 0.0, 0.0, 0.0, 0.0, 0.0, 0.0, 0.0, 0.0, 0.0, 0.0, 0.0, 0.0, 0.0, 0.0, 0.0, 0.0, 0.0, 0.0, 0.0, 0.0, 0.0, 0.0, 0.0, 0.0, 0.0, 0.0, 0.0, 0.0, 0.0, 0.0, 0.0, 0.0, 0.0, 0.0, 0.0, 0.0, 0.0, 0.0, 0.0, 0.0, 0.0, 0.0, 0.0, 0.0, 0.0, 0.0, 0.0, 0.0, 0.0, 0.0, 0.0, 0.0, 0.0, 0.0, 0.0, 0.0, 0.0, 0.0, 0.0, 0.0, 0.0, 0.0, 0.0, 0.0, 0.0, 0.0, 0.0, 0.0, 0.0, 0.0, 0.0, 0.0, 0.0, 0.0, 0.0, 0.0, 0.0, 0.0, 0.0, 0.0, 0.0, 0.0, 0.0, 0.0, 0.0, 0.0, 0.0, 0.0, 0.0, 0.0, 0.0, 0.0, 0.0, 0.0, 0.0, 0.0, 0.0, 0.0, 0.0, 0.0, 0.0, 0.0, 0.0, 0.0, 0.0, 0.0, 0.0, 0.0, 0.0, 0.0, 0.0, 0.0, 0.0, 0.0, 0.0, 0.0, 0.0, 0.0, 0.0, 0.0, 0.0, 0.0, 0.0, 0.0, 0.0, 0.0, 0.0, 0.0, 0.0, 0.0, 0.0, 0.0, 0.0, 0.0, 0.0, 0.0, 0.0, 0.0, 0.0, 0.0, 0.0, 3.1415927410125732, 3.1415927410125732, 3.1415927410125732, 3.1415927410125732, 3.1415927410125732, 3.1415927410125732, 3.1415927410125732, 3.1415927410125732, 0.0, 0.0, 0.0, 0.0, 0.0, 0.0, 0.0, 0.0, 0.0, 0.0, 0.0, 0.0, 0.0, 0.0, 0.0, 0.0, 0.0, 0.0, 0.0, 0.0, 0.0, 0.0, 0.0, 0.0, 3.1415927410125732, 3.1415927410125732, 3.1415927410125732, 3.1415927410125732, 3.1415927410125732, 3.1415927410125732, 3.1415927410125732, 3.1415927410125732, 0.0, 0.0, 0.0, 0.0, 0.0, 0.0, 0.0, 0.0, 0.0, 0.0, 0.0, 0.0, 0.0, 0.0, 0.0, 0.0, 0.0, 0.0, 0.0, 0.0, 0.0, 0.0, 0.0, 0.0, 3.1415927410125732, 3.1415927410125732, 3.1415927410125732, 3.1415927410125732, 3.1415927410125732, 3.1415927410125732, 3.1415927410125732, 3.1415927410125732, 0.0, 0.0, 0.0, 0.0, 0.0, 0.0, 0.0, 0.0, 0.0, 0.0, 0.0, 0.0, 0.0, 0.0, 0.0, 0.0, 0.0, 0.0, 0.0, 0.0, 0.0, 0.0, 0.0, 0.0, 3.1415927410125732, 3.1415927410125732, 3.1415927410125732, 3.1415927410125732, 3.1415927410125732, 3.1415927410125732, 3.1415927410125732, 3.1415927410125732, 0.0, 0.0, 0.0, 0.0, 0.0, 0.0, 0.0, 0.0, 0.0, 0.0, 0.0, 0.0, 0.0, 0.0, 0.0, 0.0, 0.0, 0.0, 0.0, 0.0, 0.0, 0.0, 0.0, 0.0, 3.1415927410125732, 3.1415927410125732, 3.1415927410125732, 3.1415927410125732, 3.1415927410125732, 3.1415927410125732, 3.1415927410125732, 3.1415927410125732, 0.0, 0.0, 0.0, 0.0, 0.0, 0.0, 0.0, 0.0, 0.0, 0.0, 0.0, 0.0, 0.0, 0.0, 0.0, 0.0, 0.0, 0.0, 0.0, 0.0, 0.0, 0.0, 0.0, 0.0, 3.1415927410125732, 3.1415927410125732, 3.1415927410125732, 3.1415927410125732, 3.1415927410125732, 3.1415927410125732, 3.1415927410125732, 3.1415927410125732, 0.0, 0.0, 0.0, 0.0, 0.0, 0.0, 0.0, 0.0, 0.0, 0.0, 0.0, 0.0, 0.0, 0.0, 0.0, 0.0, 0.0, 0.0, 0.0, 0.0, 0.0, 0.0, 0.0, 0.0, 3.1415927410125732, 3.1415927410125732, 3.1415927410125732, 3.1415927410125732, 3.1415927410125732, 3.1415927410125732, 3.1415927410125732, 3.1415927410125732, 0.0, 0.0, 0.0, 0.0, 0.0, 0.0, 0.0, 0.0, 0.0, 0.0, 0.0, 0.0, 0.0, 0.0, 0.0, 0.0, 0.0, 0.0, 0.0, 0.0, 0.0, 0.0, 0.0, 0.0, 3.1415927410125732, 3.1415927410125732, 3.1415927410125732, 3.1415927410125732, 3.1415927410125732, 3.1415927410125732, 3.1415927410125732, 3.1415927410125732, 0.0, 0.0, 0.0, 0.0, 0.0, 0.0, 0.0, 0.0, 0.0, 0.0, 0.0, 0.0, 0.0, 0.0, 0.0, 0.0]"
0.6088365,0.15223686,0.15219523,0.15220979,0.15219462,0.15220913,-9.53539467,-9.53664207,-9.53620815,-9.53666496,"[3.1415927410125732, 3.1415927410125732, 3.1415927410125732, 3.1415927410125732, 3.1415927410125732, 3.1415927410125732, 3.1415927410125732, 3.1415927410125732, 3.1415927410125732, 3.1415927410125732, 3.1415927410125732, 3.1415927410125732, 3.1415927410125732, 3.1415927410125732, 3.1415927410125732, 3.1415927410125732, 3.1415927410125732, 3.1415927410125732, 3.1415927410125732, 3.1415927410125732, 3.1415927410125732, 3.1415927410125732, 3.1415927410125732, 3.1415927410125732, 3.1415927410125732, 3.1415927410125732, 3.1415927410125732, 3.1415927410125732, 3.1415927410125732, 3.1415927410125732, 3.1415927410125732, 3.1415927410125732, 3.1415927410125732, 3.1415927410125732, 3.1415927410125732, 3.1415927410125732, 3.1415927410125732, 3.1415927410125732, 3.1415927410125732, 3.1415927410125732, 3.1415927410125732, 3.1415927410125732, 3.1415927410125732, 3.1415927410125732, 3.1415927410125732, 3.1415927410125732, 3.1415927410125732, 3.1415927410125732, 3.1415927410125732, 3.1415927410125732, 3.1415927410125732, 3.1415927410125732, 3.1415927410125732, 3.1415927410125732, 3.1415927410125732, 3.1415927410125732, 3.1415927410125732, 3.1415927410125732, 3.1415927410125732, 3.1415927410125732, 3.1415927410125732, 3.1415927410125732, 3.1415927410125732, 3.1415927410125732, 3.1415927410125732, 3.1415927410125732, 3.1415927410125732, 3.1415927410125732, 3.1415927410125732, 3.1415927410125732, 3.1415927410125732, 3.1415927410125732, 3.1415927410125732, 3.1415927410125732, 3.1415927410125732, 3.1415927410125732, 3.1415927410125732, 3.1415927410125732, 3.1415927410125732, 3.1415927410125732, 3.1415927410125732, 3.1415927410125732, 3.1415927410125732, 3.1415927410125732, 3.1415927410125732, 3.1415927410125732, 3.1415927410125732, 3.1415927410125732, 3.1415927410125732, 3.1415927410125732, 3.1415927410125732, 3.1415927410125732, 3.1415927410125732, 3.1415927410125732, 3.1415927410125732, 3.1415927410125732, 3.1415927410125732, 3.1415927410125732, 3.1415927410125732, 3.1415927410125732, 3.1415927410125732, 3.1415927410125732, 3.1415927410125732, 3.1415927410125732, 3.1415927410125732, 3.1415927410125732, 3.1415927410125732, 3.1415927410125732, 3.1415927410125732, 3.1415927410125732, 3.1415927410125732, 3.1415927410125732, 3.1415927410125732, 3.1415927410125732, 3.1415927410125732, 3.1415927410125732, 3.1415927410125732, 3.1415927410125732, 3.1415927410125732, 3.1415927410125732, 3.1415927410125732, 3.1415927410125732, 3.1415927410125732, 3.1415927410125732, 3.1415927410125732, 3.1415927410125732, 3.1415927410125732, 3.1415927410125732, 3.1415927410125732, 3.1415927410125732, 3.1415927410125732, 3.1415927410125732, 3.1415927410125732, 3.1415927410125732, 3.1415927410125732, 3.1415927410125732, 3.1415927410125732, 3.1415927410125732, 3.1415927410125732, 3.1415927410125732, 3.1415927410125732, 3.1415927410125732, 3.1415927410125732, 3.1415927410125732, 3.1415927410125732, 3.1415927410125732, 3.1415927410125732, 3.1415927410125732, 3.1415927410125732, 3.1415927410125732, 3.1415927410125732, 3.1415927410125732, 3.1415927410125732, 3.1415927410125732, 3.1415927410125732, 3.1415927410125732, 3.1415927410125732, 3.1415927410125732, 3.1415927410125732, 3.1415927410125732, 3.1415927410125732, 3.1415927410125732, 3.1415927410125732, 3.1415927410125732, 3.1415927410125732, 3.1415927410125732, 3.1415927410125732, 3.1415927410125732, 3.1415927410125732, 3.1415927410125732, 3.1415927410125732, 3.1415927410125732, 3.1415927410125732, 3.1415927410125732, 3.1415927410125732, 3.1415927410125732, 3.1415927410125732, 3.1415927410125732, 3.1415927410125732, 3.1415927410125732, 3.1415927410125732, 3.1415927410125732, 3.1415927410125732, 3.1415927410125732, 3.1415927410125732, 3.1415927410125732, 3.1415927410125732, 3.1415927410125732, 3.1415927410125732, 3.1415927410125732, 3.1415927410125732, 3.1415927410125732, 3.1415927410125732, 3.1415927410125732, 3.1415927410125732, 3.1415927410125732, 3.1415927410125732, 3.1415927410125732, 3.1415927410125732, 3.1415927410125732, 3.1415927410125732, 3.1415927410125732, 3.1415927410125732, 3.1415927410125732, 3.1415927410125732, 3.1415927410125732, 3.1415927410125732, 3.1415927410125732, 3.1415927410125732, 3.1415927410125732, 3.1415927410125732, 3.1415927410125732, 3.1415927410125732, 3.1415927410125732, 3.1415927410125732, 3.1415927410125732, 3.1415927410125732, 3.1415927410125732, 3.1415927410125732, 3.1415927410125732, 3.1415927410125732, 3.1415927410125732, 3.1415927410125732, 3.1415927410125732, 3.1415927410125732, 3.1415927410125732, 3.1415927410125732, 3.1415927410125732, 3.1415927410125732, 3.1415927410125732, 3.1415927410125732, 3.1415927410125732, 3.1415927410125732, 3.1415927410125732, 3.1415927410125732, 3.1415927410125732, 3.1415927410125732, 3.1415927410125732, 3.1415927410125732, 3.1415927410125732, 3.1415927410125732, 3.1415927410125732, 3.1415927410125732, 3.1415927410125732, 3.1415927410125732, 3.1415927410125732, 3.1415927410125732, 3.1415927410125732, 3.1415927410125732, 3.1415927410125732, 3.1415927410125732, 3.1415927410125732, 3.1415927410125732, 3.1415927410125732, 3.1415927410125732, 3.1415927410125732, 0.0, 0.0, 0.0, 0.0, 0.0, 0.0, 0.0, 0.0, 0.0, 0.0, 0.0, 0.0, 0.0, 0.0, 0.0, 0.0, 3.1415927410125732, 3.1415927410125732, 3.1415927410125732, 3.1415927410125732, 3.1415927410125732, 3.1415927410125732, 3.1415927410125732, 3.1415927410125732, 3.1415927410125732, 3.1415927410125732, 3.1415927410125732, 3.1415927410125732, 3.1415927410125732, 3.1415927410125732, 3.1415927410125732, 3.1415927410125732, 0.0, 0.0, 0.0, 0.0, 0.0, 0.0, 0.0, 0.0, 0.0, 0.0, 0.0, 0.0, 0.0, 0.0, 0.0, 0.0, 3.1415927410125732, 3.1415927410125732, 3.1415927410125732, 3.1415927410125732, 3.1415927410125732, 3.1415927410125732, 3.1415927410125732, 3.1415927410125732, 3.1415927410125732, 3.1415927410125732, 3.1415927410125732, 3.1415927410125732, 3.1415927410125732, 3.1415927410125732, 3.1415927410125732, 3.1415927410125732, 0.0, 0.0, 0.0, 0.0, 0.0, 0.0, 0.0, 0.0, 0.0, 0.0, 0.0, 0.0, 0.0, 0.0, 0.0, 0.0, 3.1415927410125732, 3.1415927410125732, 3.1415927410125732, 3.1415927410125732, 3.1415927410125732, 3.1415927410125732, 3.1415927410125732, 3.1415927410125732, 3.1415927410125732, 3.1415927410125732, 3.1415927410125732, 3.1415927410125732, 3.1415927410125732, 3.1415927410125732, 3.1415927410125732, 3.1415927410125732, 0.0, 0.0, 0.0, 0.0, 0.0, 0.0, 0.0, 0.0, 0.0, 0.0, 0.0, 0.0, 0.0, 0.0, 0.0, 0.0, 3.1415927410125732, 3.1415927410125732, 3.1415927410125732, 3.1415927410125732, 3.1415927410125732, 3.1415927410125732, 3.1415927410125732, 3.1415927410125732, 3.1415927410125732, 3.1415927410125732, 3.1415927410125732, 3.1415927410125732, 3.1415927410125732, 3.1415927410125732, 3.1415927410125732, 3.1415927410125732, 0.0, 0.0, 0.0, 0.0, 0.0, 0.0, 0.0, 0.0, 0.0, 0.0, 0.0, 0.0, 0.0, 0.0, 0.0, 0.0, 3.1415927410125732, 3.1415927410125732, 3.1415927410125732, 3.1415927410125732, 3.1415927410125732, 3.1415927410125732, 3.1415927410125732, 3.1415927410125732, 3.1415927410125732, 3.1415927410125732, 3.1415927410125732, 3.1415927410125732, 3.1415927410125732, 3.1415927410125732, 3.1415927410125732, 3.1415927410125732, 0.0, 0.0, 0.0, 0.0, 0.0, 0.0, 0.0, 0.0, 0.0, 0.0, 0.0, 0.0, 0.0, 0.0, 0.0, 0.0, 3.1415927410125732, 3.1415927410125732, 3.1415927410125732, 3.1415927410125732, 3.1415927410125732, 3.1415927410125732, 3.1415927410125732, 3.1415927410125732, 3.1415927410125732, 3.1415927410125732, 3.1415927410125732, 3.1415927410125732, 3.1415927410125732, 3.1415927410125732, 3.1415927410125732, 3.1415927410125732, 0.0, 0.0, 0.0, 0.0, 0.0, 0.0, 0.0, 0.0, 0.0, 0.0, 0.0, 0.0, 0.0, 0.0, 0.0, 0.0, 3.1415927410125732, 3.1415927410125732, 3.1415927410125732, 3.1415927410125732, 3.1415927410125732, 3.1415927410125732, 3.1415927410125732, 3.1415927410125732, 3.1415927410125732, 3.1415927410125732, 3.1415927410125732, 3.1415927410125732, 3.1415927410125732, 3.1415927410125732, 3.1415927410125732, 3.1415927410125732, 0.0, 0.0, 0.0, 0.0, 0.0, 0.0, 0.0, 0.0, 0.0, 0.0, 0.0, 0.0, 0.0, 0.0, 0.0, 0.0, 3.1415927410125732, 3.1415927410125732, 3.1415927410125732, 3.1415927410125732, 3.1415927410125732, 3.1415927410125732, 3.1415927410125732, 3.1415927410125732, 3.1415927410125732, 3.1415927410125732, 3.1415927410125732, 3.1415927410125732, 3.1415927410125732, 3.1415927410125732, 3.1415927410125732, 3.1415927410125732, 0.0, 0.0, 0.0, 0.0, 0.0, 0.0, 0.0, 0.0, 0.0, 0.0, 0.0, 0.0, 0.0, 0.0, 0.0, 0.0, 0.0, 0.0, 0.0, 0.0, 0.0, 0.0, 0.0, 0.0, 0.0, 0.0, 0.0, 0.0, 0.0, 0.0, 0.0, 0.0, 0.0, 0.0, 0.0, 0.0, 0.0, 0.0, 0.0, 0.0, 0.0, 0.0, 0.0, 0.0, 0.0, 0.0, 0.0, 0.0, 0.0, 0.0, 0.0, 0.0, 0.0, 0.0, 0.0, 0.0, 0.0, 0.0, 0.0, 0.0, 0.0, 0.0, 0.0, 0.0, 0.0, 0.0, 0.0, 0.0, 0.0, 0.0, 0.0, 0.0, 0.0, 0.0, 0.0, 0.0, 0.0, 0.0, 0.0, 0.0, 0.0, 0.0, 0.0, 0.0, 0.0, 0.0, 0.0, 0.0, 0.0, 0.0, 0.0, 0.0, 0.0, 0.0, 0.0, 0.0, 0.0, 0.0, 0.0, 0.0, 0.0, 0.0, 0.0, 0.0, 0.0, 0.0, 0.0, 0.0, 0.0, 0.0, 0.0, 0.0, 0.0, 0.0, 0.0, 0.0, 0.0, 0.0, 0.0, 0.0, 0.0, 0.0, 0.0, 0.0, 0.0, 0.0, 0.0, 0.0, 0.0, 0.0, 0.0, 0.0, 0.0, 0.0, 0.0, 0.0, 0.0, 0.0, 0.0, 0.0, 0.0, 0.0, 0.0, 0.0, 0.0, 0.0, 0.0, 0.0, 0.0, 0.0, 0.0, 0.0, 0.0, 0.0, 0.0, 0.0, 0.0, 0.0, 0.0, 0.0, 0.0, 0.0, 0.0, 0.0, 0.0, 0.0, 0.0, 0.0, 0.0, 0.0, 0.0, 0.0, 0.0, 0.0, 0.0, 0.0, 0.0, 0.0, 0.0, 0.0, 0.0, 0.0, 0.0, 0.0, 0.0, 0.0, 0.0, 0.0, 0.0, 0.0, 0.0, 0.0, 0.0, 0.0, 0.0, 0.0, 0.0, 0.0, 0.0, 0.0, 0.0, 0.0, 0.0, 0.0, 0.0, 0.0, 0.0, 0.0, 0.0, 0.0, 0.0, 0.0, 0.0, 0.0, 0.0, 0.0, 0.0, 0.0, 0.0, 0.0, 0.0, 0.0, 0.0, 0.0, 0.0, 0.0, 0.0, 0.0, 0.0, 0.0, 0.0, 0.0, 0.0, 0.0, 0.0, 0.0, 0.0, 0.0, 0.0, 0.0, 0.0, 0.0, 0.0, 0.0, 0.0, 0.0, 0.0, 0.0, 0.0, 0.0, 0.0, 0.0, 0.0, 0.0, 0.0, 0.0, 0.0, 0.0, 0.0, 0.0, 0.0, 0.0, 0.0, 0.0, 3.1415927410125732, 3.1415927410125732, 3.1415927410125732, 3.1415927410125732, 3.1415927410125732, 3.1415927410125732, 3.1415927410125732, 3.1415927410125732, 0.0, 0.0, 0.0, 0.0, 0.0, 0.0, 0.0, 0.0, 0.0, 0.0, 0.0, 0.0, 0.0, 0.0, 0.0, 0.0, 0.0, 0.0, 0.0, 0.0, 0.0, 0.0, 0.0, 0.0, 3.1415927410125732, 3.1415927410125732, 3.1415927410125732, 3.1415927410125732, 3.1415927410125732, 3.1415927410125732, 3.1415927410125732, 3.1415927410125732, 0.0, 0.0, 0.0, 0.0, 0.0, 0.0, 0.0, 0.0, 0.0, 0.0, 0.0, 0.0, 0.0, 0.0, 0.0, 0.0, 0.0, 0.0, 0.0, 0.0, 0.0, 0.0, 0.0, 0.0, 3.1415927410125732, 3.1415927410125732, 3.1415927410125732, 3.1415927410125732, 3.1415927410125732, 3.1415927410125732, 3.1415927410125732, 3.1415927410125732, 0.0, 0.0, 0.0, 0.0, 0.0, 0.0, 0.0, 0.0, 0.0, 0.0, 0.0, 0.0, 0.0, 0.0, 0.0, 0.0, 0.0, 0.0, 0.0, 0.0, 0.0, 0.0, 0.0, 0.0, 3.1415927410125732, 3.1415927410125732, 3.1415927410125732, 3.1415927410125732, 3.1415927410125732, 3.1415927410125732, 3.1415927410125732, 3.1415927410125732, 0.0, 0.0, 0.0, 0.0, 0.0, 0.0, 0.0, 0.0, 0.0, 0.0, 0.0, 0.0, 0.0, 0.0, 0.0, 0.0, 0.0, 0.0, 0.0, 0.0, 0.0, 0.0, 0.0, 0.0, 3.1415927410125732, 3.1415927410125732, 3.1415927410125732, 3.1415927410125732, 3.1415927410125732, 3.1415927410125732, 3.1415927410125732, 3.1415927410125732, 0.0, 0.0, 0.0, 0.0, 0.0, 0.0, 0.0, 0.0, 0.0, 0.0, 0.0, 0.0, 0.0, 0.0, 0.0, 0.0, 0.0, 0.0, 0.0, 0.0, 0.0, 0.0, 0.0, 0.0, 3.1415927410125732, 3.1415927410125732, 3.1415927410125732, 3.1415927410125732, 3.1415927410125732, 3.1415927410125732, 3.1415927410125732, 3.1415927410125732, 0.0, 0.0, 0.0, 0.0, 0.0, 0.0, 0.0, 0.0, 0.0, 0.0, 0.0, 0.0, 0.0, 0.0, 0.0, 0.0, 0.0, 0.0, 0.0, 0.0, 0.0, 0.0, 0.0, 0.0, 3.1415927410125732, 3.1415927410125732, 3.1415927410125732, 3.1415927410125732, 3.1415927410125732, 3.1415927410125732, 3.1415927410125732, 3.1415927410125732, 0.0, 0.0, 0.0, 0.0, 0.0, 0.0, 0.0, 0.0, 0.0, 0.0, 0.0, 0.0, 0.0, 0.0, 0.0, 0.0, 0.0, 0.0, 0.0, 0.0, 0.0, 0.0, 0.0, 0.0, 3.1415927410125732, 3.1415927410125732, 3.1415927410125732, 3.1415927410125732, 3.1415927410125732, 3.1415927410125732, 3.1415927410125732, 3.1415927410125732, 0.0, 0.0, 0.0, 0.0, 0.0, 0.0, 0.0, 0.0, 0.0, 0.0, 0.0, 0.0, 0.0, 0.0, 0.0, 0.0]"
0.6088365,0.15223686,0.15219523,0.15220979,0.15219462,0.15220913,-9.53539467,-9.53664207,-9.53620815,-9.53666496,"[3.1415927410125732, 3.1415927410125732, 3.1415927410125732, 3.1415927410125732, 3.1415927410125732, 3.1415927410125732, 3.1415927410125732, 3.1415927410125732, 3.1415927410125732, 3.1415927410125732, 3.1415927410125732, 3.1415927410125732, 3.1415927410125732, 3.1415927410125732, 3.1415927410125732, 3.1415927410125732, 3.1415927410125732, 3.1415927410125732, 3.1415927410125732, 3.1415927410125732, 3.1415927410125732, 3.1415927410125732, 3.1415927410125732, 3.1415927410125732, 3.1415927410125732, 3.1415927410125732, 3.1415927410125732, 3.1415927410125732, 3.1415927410125732, 3.1415927410125732, 3.1415927410125732, 3.1415927410125732, 3.1415927410125732, 3.1415927410125732, 3.1415927410125732, 3.1415927410125732, 3.1415927410125732, 3.1415927410125732, 3.1415927410125732, 3.1415927410125732, 3.1415927410125732, 3.1415927410125732, 3.1415927410125732, 3.1415927410125732, 3.1415927410125732, 3.1415927410125732, 3.1415927410125732, 3.1415927410125732, 3.1415927410125732, 3.1415927410125732, 3.1415927410125732, 3.1415927410125732, 3.1415927410125732, 3.1415927410125732, 3.1415927410125732, 3.1415927410125732, 3.1415927410125732, 3.1415927410125732, 3.1415927410125732, 3.1415927410125732, 3.1415927410125732, 3.1415927410125732, 3.1415927410125732, 3.1415927410125732, 3.1415927410125732, 3.1415927410125732, 3.1415927410125732, 3.1415927410125732, 3.1415927410125732, 3.1415927410125732, 3.1415927410125732, 3.1415927410125732, 3.1415927410125732, 3.1415927410125732, 3.1415927410125732, 3.1415927410125732, 3.1415927410125732, 3.1415927410125732, 3.1415927410125732, 3.1415927410125732, 3.1415927410125732, 3.1415927410125732, 3.1415927410125732, 3.1415927410125732, 3.1415927410125732, 3.1415927410125732, 3.1415927410125732, 3.1415927410125732, 3.1415927410125732, 3.1415927410125732, 3.1415927410125732, 3.1415927410125732, 3.1415927410125732, 3.1415927410125732, 3.1415927410125732, 3.1415927410125732, 3.1415927410125732, 3.1415927410125732, 3.1415927410125732, 3.1415927410125732, 3.1415927410125732, 3.1415927410125732, 3.1415927410125732, 3.1415927410125732, 3.1415927410125732, 3.1415927410125732, 3.1415927410125732, 3.1415927410125732, 3.1415927410125732, 3.1415927410125732, 3.1415927410125732, 3.1415927410125732, 3.1415927410125732, 3.1415927410125732, 3.1415927410125732, 3.1415927410125732, 3.1415927410125732, 3.1415927410125732, 3.1415927410125732, 3.1415927410125732, 3.1415927410125732, 3.1415927410125732, 3.1415927410125732, 3.1415927410125732, 3.1415927410125732, 3.1415927410125732, 3.1415927410125732, 3.1415927410125732, 3.1415927410125732, 3.1415927410125732, 3.1415927410125732, 3.1415927410125732, 3.1415927410125732, 3.1415927410125732, 3.1415927410125732, 3.1415927410125732, 3.1415927410125732, 3.1415927410125732, 3.1415927410125732, 3.1415927410125732, 3.1415927410125732, 3.1415927410125732, 3.1415927410125732, 3.1415927410125732, 3.1415927410125732, 3.1415927410125732, 3.1415927410125732, 3.1415927410125732, 3.1415927410125732, 3.1415927410125732, 3.1415927410125732, 3.1415927410125732, 3.1415927410125732, 3.1415927410125732, 3.1415927410125732, 3.1415927410125732, 3.1415927410125732, 3.1415927410125732, 3.1415927410125732, 3.1415927410125732, 3.1415927410125732, 3.1415927410125732, 3.1415927410125732, 3.1415927410125732, 3.1415927410125732, 3.1415927410125732, 3.1415927410125732, 3.1415927410125732, 3.1415927410125732, 3.1415927410125732, 3.1415927410125732, 3.1415927410125732, 3.1415927410125732, 3.1415927410125732, 3.1415927410125732, 3.1415927410125732, 3.1415927410125732, 3.1415927410125732, 3.1415927410125732, 3.1415927410125732, 3.1415927410125732, 3.1415927410125732, 3.1415927410125732, 3.1415927410125732, 3.1415927410125732, 3.1415927410125732, 3.1415927410125732, 3.1415927410125732, 3.1415927410125732, 3.1415927410125732, 3.1415927410125732, 3.1415927410125732, 3.1415927410125732, 3.1415927410125732, 3.1415927410125732, 3.1415927410125732, 3.1415927410125732, 3.1415927410125732, 3.1415927410125732, 3.1415927410125732, 3.1415927410125732, 3.1415927410125732, 3.1415927410125732, 3.1415927410125732, 3.1415927410125732, 3.1415927410125732, 3.1415927410125732, 3.1415927410125732, 3.1415927410125732, 3.1415927410125732, 3.1415927410125732, 3.1415927410125732, 3.1415927410125732, 3.1415927410125732, 3.1415927410125732, 3.1415927410125732, 3.1415927410125732, 3.1415927410125732, 3.1415927410125732, 3.1415927410125732, 3.1415927410125732, 3.1415927410125732, 3.1415927410125732, 3.1415927410125732, 3.1415927410125732, 3.1415927410125732, 3.1415927410125732, 3.1415927410125732, 3.1415927410125732, 3.1415927410125732, 3.1415927410125732, 3.1415927410125732, 3.1415927410125732, 3.1415927410125732, 3.1415927410125732, 3.1415927410125732, 3.1415927410125732, 3.1415927410125732, 3.1415927410125732, 3.1415927410125732, 3.1415927410125732, 3.1415927410125732, 3.1415927410125732, 3.1415927410125732, 3.1415927410125732, 3.1415927410125732, 3.1415927410125732, 3.1415927410125732, 3.1415927410125732, 3.1415927410125732, 3.1415927410125732, 3.1415927410125732, 3.1415927410125732, 3.1415927410125732, 3.1415927410125732, 3.1415927410125732, 0.0, 0.0, 0.0, 0.0, 0.0, 0.0, 0.0, 0.0, 0.0, 0.0, 0.0, 0.0, 0.0, 0.0, 0.0, 0.0, 3.1415927410125732, 3.1415927410125732, 3.1415927410125732, 3.1415927410125732, 3.1415927410125732, 3.1415927410125732, 3.1415927410125732, 3.1415927410125732, 3.1415927410125732, 3.1415927410125732, 3.1415927410125732, 3.1415927410125732, 3.1415927410125732, 3.1415927410125732, 3.1415927410125732, 3.1415927410125732, 0.0, 0.0, 0.0, 0.0, 0.0, 0.0, 0.0, 0.0, 0.0, 0.0, 0.0, 0.0, 0.0, 0.0, 0.0, 0.0, 3.1415927410125732, 3.1415927410125732, 3.1415927410125732, 3.1415927410125732, 3.1415927410125732, 3.1415927410125732, 3.1415927410125732, 3.1415927410125732, 3.1415927410125732, 3.1415927410125732, 3.1415927410125732, 3.1415927410125732, 3.1415927410125732, 3.1415927410125732, 3.1415927410125732, 3.1415927410125732, 0.0, 0.0, 0.0, 0.0, 0.0, 0.0, 0.0, 0.0, 0.0, 0.0, 0.0, 0.0, 0.0, 0.0, 0.0, 0.0, 3.1415927410125732, 3.1415927410125732, 3.1415927410125732, 3.1415927410125732, 3.1415927410125732, 3.1415927410125732, 3.1415927410125732, 3.1415927410125732, 3.1415927410125732, 3.1415927410125732, 3.1415927410125732, 3.1415927410125732, 3.1415927410125732, 3.1415927410125732, 3.1415927410125732, 3.1415927410125732, 0.0, 0.0, 0.0, 0.0, 0.0, 0.0, 0.0, 0.0, 0.0, 0.0, 0.0, 0.0, 0.0, 0.0, 0.0, 0.0, 3.1415927410125732, 3.1415927410125732, 3.1415927410125732, 3.1415927410125732, 3.1415927410125732, 3.1415927410125732, 3.1415927410125732, 3.1415927410125732, 3.1415927410125732, 3.1415927410125732, 3.1415927410125732, 3.1415927410125732, 3.1415927410125732, 3.1415927410125732, 3.1415927410125732, 3.1415927410125732, 0.0, 0.0, 0.0, 0.0, 0.0, 0.0, 0.0, 0.0, 0.0, 0.0, 0.0, 0.0, 0.0, 0.0, 0.0, 0.0, 3.1415927410125732, 3.1415927410125732, 3.1415927410125732, 3.1415927410125732, 3.1415927410125732, 3.1415927410125732, 3.1415927410125732, 3.1415927410125732, 3.1415927410125732, 3.1415927410125732, 3.1415927410125732, 3.1415927410125732, 3.1415927410125732, 3.1415927410125732, 3.1415927410125732, 3.1415927410125732, 0.0, 0.0, 0.0, 0.0, 0.0, 0.0, 0.0, 0.0, 0.0, 0.0, 0.0, 0.0, 0.0, 0.0, 0.0, 0.0, 3.1415927410125732, 3.1415927410125732, 3.1415927410125732, 3.1415927410125732, 3.1415927410125732, 3.1415927410125732, 3.1415927410125732, 3.1415927410125732, 3.1415927410125732, 3.1415927410125732, 3.1415927410125732, 3.1415927410125732, 3.1415927410125732, 3.1415927410125732, 3.1415927410125732, 3.1415927410125732, 0.0, 0.0, 0.0, 0.0, 0.0, 0.0, 0.0, 0.0, 0.0, 0.0, 0.0, 0.0, 0.0, 0.0, 0.0, 0.0, 3.1415927410125732, 3.1415927410125732, 3.1415927410125732, 3.1415927410125732, 3.1415927410125732, 3.1415927410125732, 3.1415927410125732, 3.1415927410125732, 3.1415927410125732, 3.1415927410125732, 3.1415927410125732, 3.1415927410125732, 3.1415927410125732, 3.1415927410125732, 3.1415927410125732, 3.1415927410125732, 0.0, 0.0, 0.0, 0.0, 0.0, 0.0, 0.0, 0.0, 0.0, 0.0, 0.0, 0.0, 0.0, 0.0, 0.0, 0.0, 3.1415927410125732, 3.1415927410125732, 3.1415927410125732, 3.1415927410125732, 3.1415927410125732, 3.1415927410125732, 3.1415927410125732, 3.1415927410125732, 3.1415927410125732, 3.1415927410125732, 3.1415927410125732, 3.1415927410125732, 3.1415927410125732, 3.1415927410125732, 3.1415927410125732, 3.1415927410125732, 0.0, 0.0, 0.0, 0.0, 0.0, 0.0, 0.0, 0.0, 0.0, 0.0, 0.0, 0.0, 0.0, 0.0, 0.0, 0.0, 0.0, 0.0, 0.0, 0.0, 0.0, 0.0, 0.0, 0.0, 0.0, 0.0, 0.0, 0.0, 0.0, 0.0, 0.0, 0.0, 0.0, 0.0, 0.0, 0.0, 0.0, 0.0, 0.0, 0.0, 0.0, 0.0, 0.0, 0.0, 0.0, 0.0, 0.0, 0.0, 0.0, 0.0, 0.0, 0.0, 0.0, 0.0, 0.0, 0.0, 0.0, 0.0, 0.0, 0.0, 0.0, 0.0, 0.0, 0.0, 0.0, 0.0, 0.0, 0.0, 0.0, 0.0, 0.0, 0.0, 0.0, 0.0, 0.0, 0.0, 0.0, 0.0, 0.0, 0.0, 0.0, 0.0, 0.0, 0.0, 0.0, 0.0, 0.0, 0.0, 0.0, 0.0, 0.0, 0.0, 0.0, 0.0, 0.0, 0.0, 0.0, 0.0, 0.0, 0.0, 0.0, 0.0, 0.0, 0.0, 0.0, 0.0, 0.0, 0.0, 0.0, 0.0, 0.0, 0.0, 0.0, 0.0, 0.0, 0.0, 0.0, 0.0, 0.0, 0.0, 0.0, 0.0, 0.0, 0.0, 0.0, 0.0, 0.0, 0.0, 0.0, 0.0, 0.0, 0.0, 0.0, 0.0, 0.0, 0.0, 0.0, 0.0, 0.0, 0.0, 0.0, 0.0, 0.0, 0.0, 0.0, 0.0, 0.0, 0.0, 0.0, 0.0, 0.0, 0.0, 0.0, 0.0, 0.0, 0.0, 0.0, 0.0, 0.0, 0.0, 0.0, 0.0, 0.0, 0.0, 0.0, 0.0, 0.0, 0.0, 0.0, 0.0, 0.0, 0.0, 0.0, 0.0, 0.0, 0.0, 0.0, 0.0, 0.0, 0.0, 0.0, 0.0, 0.0, 0.0, 0.0, 0.0, 0.0, 0.0, 0.0, 0.0, 0.0, 0.0, 0.0, 0.0, 0.0, 0.0, 0.0, 0.0, 0.0, 0.0, 0.0, 0.0, 0.0, 0.0, 0.0, 0.0, 0.0, 0.0, 0.0, 0.0, 0.0, 0.0, 0.0, 0.0, 0.0, 0.0, 0.0, 0.0, 0.0, 0.0, 0.0, 0.0, 0.0, 0.0, 0.0, 0.0, 0.0, 0.0, 0.0, 0.0, 0.0, 0.0, 0.0, 0.0, 0.0, 0.0, 0.0, 0.0, 0.0, 0.0, 0.0, 0.0, 0.0, 0.0, 0.0, 0.0, 0.0, 0.0, 0.0, 0.0, 0.0, 0.0, 0.0, 0.0, 0.0, 0.0, 0.0, 0.0, 0.0, 0.0, 0.0, 0.0, 0.0, 0.0, 3.1415927410125732, 3.1415927410125732, 3.1415927410125732, 3.1415927410125732, 3.1415927410125732, 3.1415927410125732, 3.1415927410125732, 3.1415927410125732, 0.0, 0.0, 0.0, 0.0, 0.0, 0.0, 0.0, 0.0, 0.0, 0.0, 0.0, 0.0, 0.0, 0.0, 0.0, 0.0, 0.0, 0.0, 0.0, 0.0, 0.0, 0.0, 0.0, 0.0, 3.1415927410125732, 3.1415927410125732, 3.1415927410125732, 3.1415927410125732, 3.1415927410125732, 3.1415927410125732, 3.1415927410125732, 3.1415927410125732, 0.0, 0.0, 0.0, 0.0, 0.0, 0.0, 0.0, 0.0, 0.0, 0.0, 0.0, 0.0, 0.0, 0.0, 0.0, 0.0, 0.0, 0.0, 0.0, 0.0, 0.0, 0.0, 0.0, 0.0, 3.1415927410125732, 3.1415927410125732, 3.1415927410125732, 3.1415927410125732, 3.1415927410125732, 3.1415927410125732, 3.1415927410125732, 3.1415927410125732, 0.0, 0.0, 0.0, 0.0, 0.0, 0.0, 0.0, 0.0, 0.0, 0.0, 0.0, 0.0, 0.0, 0.0, 0.0, 0.0, 0.0, 0.0, 0.0, 0.0, 0.0, 0.0, 0.0, 0.0, 3.1415927410125732, 3.1415927410125732, 3.1415927410125732, 3.1415927410125732, 3.1415927410125732, 3.1415927410125732, 3.1415927410125732, 3.1415927410125732, 0.0, 0.0, 0.0, 0.0, 0.0, 0.0, 0.0, 0.0, 0.0, 0.0, 0.0, 0.0, 0.0, 0.0, 0.0, 0.0, 0.0, 0.0, 0.0, 0.0, 0.0, 0.0, 0.0, 0.0, 3.1415927410125732, 3.1415927410125732, 3.1415927410125732, 3.1415927410125732, 3.1415927410125732, 3.1415927410125732, 3.1415927410125732, 3.1415927410125732, 0.0, 0.0, 0.0, 0.0, 0.0, 0.0, 0.0, 0.0, 0.0, 0.0, 0.0, 0.0, 0.0, 0.0, 0.0, 0.0, 0.0, 0.0, 0.0, 0.0, 0.0, 0.0, 0.0, 0.0, 3.1415927410125732, 3.1415927410125732, 3.1415927410125732, 3.1415927410125732, 3.1415927410125732, 3.1415927410125732, 3.1415927410125732, 3.1415927410125732, 0.0, 0.0, 0.0, 0.0, 0.0, 0.0, 0.0, 0.0, 0.0, 0.0, 0.0, 0.0, 0.0, 0.0, 0.0, 0.0, 0.0, 0.0, 0.0, 0.0, 0.0, 0.0, 0.0, 0.0, 3.1415927410125732, 3.1415927410125732, 3.1415927410125732, 3.1415927410125732, 3.1415927410125732, 3.1415927410125732, 3.1415927410125732, 3.1415927410125732, 0.0, 0.0, 0.0, 0.0, 0.0, 0.0, 0.0, 0.0, 0.0, 0.0, 0.0, 0.0, 0.0, 0.0, 0.0, 0.0, 0.0, 0.0, 0.0, 0.0, 0.0, 0.0, 0.0, 0.0, 3.1415927410125732, 3.1415927410125732, 3.1415927410125732, 3.1415927410125732, 3.1415927410125732, 3.1415927410125732, 3.1415927410125732, 3.1415927410125732, 0.0, 0.0, 0.0, 0.0, 0.0, 0.0, 0.0, 0.0, 0.0, 0.0, 0.0, 0.0, 0.0, 0.0, 0.0, 0.0]"
0.6088365,0.15223686,0.15219523,0.15220979,0.15219462,0.15220913,-9.53539467,-9.53664207,-9.53620815,-9.53666496,"[3.1415927410125732, 3.1415927410125732, 3.1415927410125732, 3.1415927410125732, 3.1415927410125732, 3.1415927410125732, 3.1415927410125732, 3.1415927410125732, 3.1415927410125732, 3.1415927410125732, 3.1415927410125732, 3.1415927410125732, 3.1415927410125732, 3.1415927410125732, 3.1415927410125732, 3.1415927410125732, 3.1415927410125732, 3.1415927410125732, 3.1415927410125732, 3.1415927410125732, 3.1415927410125732, 3.1415927410125732, 3.1415927410125732, 3.1415927410125732, 3.1415927410125732, 3.1415927410125732, 3.1415927410125732, 3.1415927410125732, 3.1415927410125732, 3.1415927410125732, 3.1415927410125732, 3.1415927410125732, 3.1415927410125732, 3.1415927410125732, 3.1415927410125732, 3.1415927410125732, 3.1415927410125732, 3.1415927410125732, 3.1415927410125732, 3.1415927410125732, 3.1415927410125732, 3.1415927410125732, 3.1415927410125732, 3.1415927410125732, 3.1415927410125732, 3.1415927410125732, 3.1415927410125732, 3.1415927410125732, 3.1415927410125732, 3.1415927410125732, 3.1415927410125732, 3.1415927410125732, 3.1415927410125732, 3.1415927410125732, 3.1415927410125732, 3.1415927410125732, 3.1415927410125732, 3.1415927410125732, 3.1415927410125732, 3.1415927410125732, 3.1415927410125732, 3.1415927410125732, 3.1415927410125732, 3.1415927410125732, 3.1415927410125732, 3.1415927410125732, 3.1415927410125732, 3.1415927410125732, 3.1415927410125732, 3.1415927410125732, 3.1415927410125732, 3.1415927410125732, 3.1415927410125732, 3.1415927410125732, 3.1415927410125732, 3.1415927410125732, 3.1415927410125732, 3.1415927410125732, 3.1415927410125732, 3.1415927410125732, 3.1415927410125732, 3.1415927410125732, 3.1415927410125732, 3.1415927410125732, 3.1415927410125732, 3.1415927410125732, 3.1415927410125732, 3.1415927410125732, 3.1415927410125732, 3.1415927410125732, 3.1415927410125732, 3.1415927410125732, 3.1415927410125732, 3.1415927410125732, 3.1415927410125732, 3.1415927410125732, 3.1415927410125732, 3.1415927410125732, 3.1415927410125732, 3.1415927410125732, 3.1415927410125732, 3.1415927410125732, 3.1415927410125732, 3.1415927410125732, 3.1415927410125732, 3.1415927410125732, 3.1415927410125732, 3.1415927410125732, 3.1415927410125732, 3.1415927410125732, 3.1415927410125732, 3.1415927410125732, 3.1415927410125732, 3.1415927410125732, 3.1415927410125732, 3.1415927410125732, 3.1415927410125732, 3.1415927410125732, 3.1415927410125732, 3.1415927410125732, 3.1415927410125732, 3.1415927410125732, 3.1415927410125732, 3.1415927410125732, 3.1415927410125732, 3.1415927410125732, 3.1415927410125732, 3.1415927410125732, 3.1415927410125732, 3.1415927410125732, 3.1415927410125732, 3.1415927410125732, 3.1415927410125732, 3.1415927410125732, 3.1415927410125732, 3.1415927410125732, 3.1415927410125732, 3.1415927410125732, 3.1415927410125732, 3.1415927410125732, 3.1415927410125732, 3.1415927410125732, 3.1415927410125732, 3.1415927410125732, 3.1415927410125732, 3.1415927410125732, 3.1415927410125732, 3.1415927410125732, 3.1415927410125732, 3.1415927410125732, 3.1415927410125732, 3.1415927410125732, 3.1415927410125732, 3.1415927410125732, 3.1415927410125732, 3.1415927410125732, 3.1415927410125732, 3.1415927410125732, 3.1415927410125732, 3.1415927410125732, 3.1415927410125732, 3.1415927410125732, 3.1415927410125732, 3.1415927410125732, 3.1415927410125732, 3.1415927410125732, 3.1415927410125732, 3.1415927410125732, 3.1415927410125732, 3.1415927410125732, 3.1415927410125732, 3.1415927410125732, 3.1415927410125732, 3.1415927410125732, 3.1415927410125732, 3.1415927410125732, 3.1415927410125732, 3.1415927410125732, 3.1415927410125732, 3.1415927410125732, 3.1415927410125732, 3.1415927410125732, 3.1415927410125732, 3.1415927410125732, 3.1415927410125732, 3.1415927410125732, 3.1415927410125732, 3.1415927410125732, 3.1415927410125732, 3.1415927410125732, 3.1415927410125732, 3.1415927410125732, 3.1415927410125732, 3.1415927410125732, 3.1415927410125732, 3.1415927410125732, 3.1415927410125732, 3.1415927410125732, 3.1415927410125732, 3.1415927410125732, 3.1415927410125732, 3.1415927410125732, 3.1415927410125732, 3.1415927410125732, 3.1415927410125732, 3.1415927410125732, 3.1415927410125732, 3.1415927410125732, 3.1415927410125732, 3.1415927410125732, 3.1415927410125732, 3.1415927410125732, 3.1415927410125732, 3.1415927410125732, 3.1415927410125732, 3.1415927410125732, 3.1415927410125732, 3.1415927410125732, 3.1415927410125732, 3.1415927410125732, 3.1415927410125732, 3.1415927410125732, 3.1415927410125732, 3.1415927410125732, 3.1415927410125732, 3.1415927410125732, 3.1415927410125732, 3.1415927410125732, 3.1415927410125732, 3.1415927410125732, 3.1415927410125732, 3.1415927410125732, 3.1415927410125732, 3.1415927410125732, 3.1415927410125732, 3.1415927410125732, 3.1415927410125732, 3.1415927410125732, 3.1415927410125732, 3.1415927410125732, 3.1415927410125732, 3.1415927410125732, 3.1415927410125732, 3.1415927410125732, 3.1415927410125732, 3.1415927410125732, 3.1415927410125732, 3.1415927410125732, 3.1415927410125732, 3.1415927410125732, 3.1415927410125732, 3.1415927410125732, 3.1415927410125732, 3.1415927410125732, 3.1415927410125732, 3.1415927410125732, 0.0, 0.0, 0.0, 0.0, 0.0, 0.0, 0.0, 0.0, 0.0, 0.0, 0.0, 0.0, 0.0, 0.0, 0.0, 0.0, 3.1415927410125732, 3.1415927410125732, 3.1415927410125732, 3.1415927410125732, 3.1415927410125732, 3.1415927410125732, 3.1415927410125732, 3.1415927410125732, 3.1415927410125732, 3.1415927410125732, 3.1415927410125732, 3.1415927410125732, 3.1415927410125732, 3.1415927410125732, 3.1415927410125732, 3.1415927410125732, 0.0, 0.0, 0.0, 0.0, 0.0, 0.0, 0.0, 0.0, 0.0, 0.0, 0.0, 0.0, 0.0, 0.0, 0.0, 0.0, 3.1415927410125732, 3.1415927410125732, 3.1415927410125732, 3.1415927410125732, 3.1415927410125732, 3.1415927410125732, 3.1415927410125732, 3.1415927410125732, 3.1415927410125732, 3.1415927410125732, 3.1415927410125732, 3.1415927410125732, 3.1415927410125732, 3.1415927410125732, 3.1415927410125732, 3.1415927410125732, 0.0, 0.0, 0.0, 0.0, 0.0, 0.0, 0.0, 0.0, 0.0, 0.0, 0.0, 0.0, 0.0, 0.0, 0.0, 0.0, 3.1415927410125732, 3.1415927410125732, 3.1415927410125732, 3.1415927410125732, 3.1415927410125732, 3.1415927410125732, 3.1415927410125732, 3.1415927410125732, 3.1415927410125732, 3.1415927410125732, 3.1415927410125732, 3.1415927410125732, 3.1415927410125732, 3.1415927410125732, 3.1415927410125732, 3.1415927410125732, 0.0, 0.0, 0.0, 0.0, 0.0, 0.0, 0.0, 0.0, 0.0, 0.0, 0.0, 0.0, 0.0, 0.0, 0.0, 0.0, 3.1415927410125732, 3.1415927410125732, 3.1415927410125732, 3.1415927410125732, 3.1415927410125732, 3.1415927410125732, 3.1415927410125732, 3.1415927410125732, 3.1415927410125732, 3.1415927410125732, 3.1415927410125732, 3.1415927410125732, 3.1415927410125732, 3.1415927410125732, 3.1415927410125732, 3.1415927410125732, 0.0, 0.0, 0.0, 0.0, 0.0, 0.0, 0.0, 0.0, 0.0, 0.0, 0.0, 0.0, 0.0, 0.0, 0.0, 0.0, 3.1415927410125732, 3.1415927410125732, 3.1415927410125732, 3.1415927410125732, 3.1415927410125732, 3.1415927410125732, 3.1415927410125732, 3.1415927410125732, 3.1415927410125732, 3.1415927410125732, 3.1415927410125732, 3.1415927410125732, 3.1415927410125732, 3.1415927410125732, 3.1415927410125732, 3.1415927410125732, 0.0, 0.0, 0.0, 0.0, 0.0, 0.0, 0.0, 0.0, 0.0, 0.0, 0.0, 0.0, 0.0, 0.0, 0.0, 0.0, 3.1415927410125732, 3.1415927410125732, 3.1415927410125732, 3.1415927410125732, 3.1415927410125732, 3.1415927410125732, 3.1415927410125732, 3.1415927410125732, 3.1415927410125732, 3.1415927410125732, 3.1415927410125732, 3.1415927410125732, 3.1415927410125732, 3.1415927410125732, 3.1415927410125732, 3.1415927410125732, 0.0, 0.0, 0.0, 0.0, 0.0, 0.0, 0.0, 0.0, 0.0, 0.0, 0.0, 0.0, 0.0, 0.0, 0.0, 0.0, 3.1415927410125732, 3.1415927410125732, 3.1415927410125732, 3.1415927410125732, 3.1415927410125732, 3.1415927410125732, 3.1415927410125732, 3.1415927410125732, 3.1415927410125732, 3.1415927410125732, 3.1415927410125732, 3.1415927410125732, 3.1415927410125732, 3.1415927410125732, 3.1415927410125732, 3.1415927410125732, 0.0, 0.0, 0.0, 0.0, 0.0, 0.0, 0.0, 0.0, 0.0, 0.0, 0.0, 0.0, 0.0, 0.0, 0.0, 0.0, 3.1415927410125732, 3.1415927410125732, 3.1415927410125732, 3.1415927410125732, 3.1415927410125732, 3.1415927410125732, 3.1415927410125732, 3.1415927410125732, 3.1415927410125732, 3.1415927410125732, 3.1415927410125732, 3.1415927410125732, 3.1415927410125732, 3.1415927410125732, 3.1415927410125732, 3.1415927410125732, 0.0, 0.0, 0.0, 0.0, 0.0, 0.0, 0.0, 0.0, 0.0, 0.0, 0.0, 0.0, 0.0, 0.0, 0.0, 0.0, 0.0, 0.0, 0.0, 0.0, 0.0, 0.0, 0.0, 0.0, 0.0, 0.0, 0.0, 0.0, 0.0, 0.0, 0.0, 0.0, 0.0, 0.0, 0.0, 0.0, 0.0, 0.0, 0.0, 0.0, 0.0, 0.0, 0.0, 0.0, 0.0, 0.0, 0.0, 0.0, 0.0, 0.0, 0.0, 0.0, 0.0, 0.0, 0.0, 0.0, 0.0, 0.0, 0.0, 0.0, 0.0, 0.0, 0.0, 0.0, 0.0, 0.0, 0.0, 0.0, 0.0, 0.0, 0.0, 0.0, 0.0, 0.0, 0.0, 0.0, 0.0, 0.0, 0.0, 0.0, 0.0, 0.0, 0.0, 0.0, 0.0, 0.0, 0.0, 0.0, 0.0, 0.0, 0.0, 0.0, 0.0, 0.0, 0.0, 0.0, 0.0, 0.0, 0.0, 0.0, 0.0, 0.0, 0.0, 0.0, 0.0, 0.0, 0.0, 0.0, 0.0, 0.0, 0.0, 0.0, 0.0, 0.0, 0.0, 0.0, 0.0, 0.0, 0.0, 0.0, 0.0, 0.0, 0.0, 0.0, 0.0, 0.0, 0.0, 0.0, 0.0, 0.0, 0.0, 0.0, 0.0, 0.0, 0.0, 0.0, 0.0, 0.0, 0.0, 0.0, 0.0, 0.0, 0.0, 0.0, 0.0, 0.0, 0.0, 0.0, 0.0, 0.0, 0.0, 0.0, 0.0, 0.0, 0.0, 0.0, 0.0, 0.0, 0.0, 0.0, 0.0, 0.0, 0.0, 0.0, 0.0, 0.0, 0.0, 0.0, 0.0, 0.0, 0.0, 0.0, 0.0, 0.0, 0.0, 0.0, 0.0, 0.0, 0.0, 0.0, 0.0, 0.0, 0.0, 0.0, 0.0, 0.0, 0.0, 0.0, 0.0, 0.0, 0.0, 0.0, 0.0, 0.0, 0.0, 0.0, 0.0, 0.0, 0.0, 0.0, 0.0, 0.0, 0.0, 0.0, 0.0, 0.0, 0.0, 0.0, 0.0, 0.0, 0.0, 0.0, 0.0, 0.0, 0.0, 0.0, 0.0, 0.0, 0.0, 0.0, 0.0, 0.0, 0.0, 0.0, 0.0, 0.0, 0.0, 0.0, 0.0, 0.0, 0.0, 0.0, 0.0, 0.0, 0.0, 0.0, 0.0, 0.0, 0.0, 0.0, 0.0, 0.0, 0.0, 0.0, 0.0, 0.0, 0.0, 0.0, 0.0, 0.0, 0.0, 0.0, 0.0, 0.0, 0.0, 0.0, 0.0, 0.0, 0.0, 0.0, 0.0, 0.0, 0.0, 0.0, 3.1415927410125732, 3.1415927410125732, 3.1415927410125732, 3.1415927410125732, 3.1415927410125732, 3.1415927410125732, 3.1415927410125732, 3.1415927410125732, 0.0, 0.0, 0.0, 0.0, 0.0, 0.0, 0.0, 0.0, 0.0, 0.0, 0.0, 0.0, 0.0, 0.0, 0.0, 0.0, 0.0, 0.0, 0.0, 0.0, 0.0, 0.0, 0.0, 0.0, 3.1415927410125732, 3.1415927410125732, 3.1415927410125732, 3.1415927410125732, 3.1415927410125732, 3.1415927410125732, 3.1415927410125732, 3.1415927410125732, 0.0, 0.0, 0.0, 0.0, 0.0, 0.0, 0.0, 0.0, 0.0, 0.0, 0.0, 0.0, 0.0, 0.0, 0.0, 0.0, 0.0, 0.0, 0.0, 0.0, 0.0, 0.0, 0.0, 0.0, 3.1415927410125732, 3.1415927410125732, 3.1415927410125732, 3.1415927410125732, 3.1415927410125732, 3.1415927410125732, 3.1415927410125732, 3.1415927410125732, 0.0, 0.0, 0.0, 0.0, 0.0, 0.0, 0.0, 0.0, 0.0, 0.0, 0.0, 0.0, 0.0, 0.0, 0.0, 0.0, 0.0, 0.0, 0.0, 0.0, 0.0, 0.0, 0.0, 0.0, 3.1415927410125732, 3.1415927410125732, 3.1415927410125732, 3.1415927410125732, 3.1415927410125732, 3.1415927410125732, 3.1415927410125732, 3.1415927410125732, 0.0, 0.0, 0.0, 0.0, 0.0, 0.0, 0.0, 0.0, 0.0, 0.0, 0.0, 0.0, 0.0, 0.0, 0.0, 0.0, 0.0, 0.0, 0.0, 0.0, 0.0, 0.0, 0.0, 0.0, 3.1415927410125732, 3.1415927410125732, 3.1415927410125732, 3.1415927410125732, 3.1415927410125732, 3.1415927410125732, 3.1415927410125732, 3.1415927410125732, 0.0, 0.0, 0.0, 0.0, 0.0, 0.0, 0.0, 0.0, 0.0, 0.0, 0.0, 0.0, 0.0, 0.0, 0.0, 0.0, 0.0, 0.0, 0.0, 0.0, 0.0, 0.0, 0.0, 0.0, 3.1415927410125732, 3.1415927410125732, 3.1415927410125732, 3.1415927410125732, 3.1415927410125732, 3.1415927410125732, 3.1415927410125732, 3.1415927410125732, 0.0, 0.0, 0.0, 0.0, 0.0, 0.0, 0.0, 0.0, 0.0, 0.0, 0.0, 0.0, 0.0, 0.0, 0.0, 0.0, 0.0, 0.0, 0.0, 0.0, 0.0, 0.0, 0.0, 0.0, 3.1415927410125732, 3.1415927410125732, 3.1415927410125732, 3.1415927410125732, 3.1415927410125732, 3.1415927410125732, 3.1415927410125732, 3.1415927410125732, 0.0, 0.0, 0.0, 0.0, 0.0, 0.0, 0.0, 0.0, 0.0, 0.0, 0.0, 0.0, 0.0, 0.0, 0.0, 0.0, 0.0, 0.0, 0.0, 0.0, 0.0, 0.0, 0.0, 0.0, 3.1415927410125732, 3.1415927410125732, 3.1415927410125732, 3.1415927410125732, 3.1415927410125732, 3.1415927410125732, 3.1415927410125732, 3.1415927410125732, 0.0, 0.0, 0.0, 0.0, 0.0, 0.0, 0.0, 0.0, 0.0, 0.0, 0.0, 0.0, 0.0, 0.0, 0.0, 0.0]"
0.6088365,0.15223686,0.15219523,0.15220979,0.15219462,0.15220913,-9.53539467,-9.53664207,-9.53620815,-9.53666496,"[3.1415927410125732, 3.1415927410125732, 3.1415927410125732, 3.1415927410125732, 3.1415927410125732, 3.1415927410125732, 3.1415927410125732, 3.1415927410125732, 3.1415927410125732, 3.1415927410125732, 3.1415927410125732, 3.1415927410125732, 3.1415927410125732, 3.1415927410125732, 3.1415927410125732, 3.1415927410125732, 3.1415927410125732, 3.1415927410125732, 3.1415927410125732, 3.1415927410125732, 3.1415927410125732, 3.1415927410125732, 3.1415927410125732, 3.1415927410125732, 3.1415927410125732, 3.1415927410125732, 3.1415927410125732, 3.1415927410125732, 3.1415927410125732, 3.1415927410125732, 3.1415927410125732, 3.1415927410125732, 3.1415927410125732, 3.1415927410125732, 3.1415927410125732, 3.1415927410125732, 3.1415927410125732, 3.1415927410125732, 3.1415927410125732, 3.1415927410125732, 3.1415927410125732, 3.1415927410125732, 3.1415927410125732, 3.1415927410125732, 3.1415927410125732, 3.1415927410125732, 3.1415927410125732, 3.1415927410125732, 3.1415927410125732, 3.1415927410125732, 3.1415927410125732, 3.1415927410125732, 3.1415927410125732, 3.1415927410125732, 3.1415927410125732, 3.1415927410125732, 3.1415927410125732, 3.1415927410125732, 3.1415927410125732, 3.1415927410125732, 3.1415927410125732, 3.1415927410125732, 3.1415927410125732, 3.1415927410125732, 3.1415927410125732, 3.1415927410125732, 3.1415927410125732, 3.1415927410125732, 3.1415927410125732, 3.1415927410125732, 3.1415927410125732, 3.1415927410125732, 3.1415927410125732, 3.1415927410125732, 3.1415927410125732, 3.1415927410125732, 3.1415927410125732, 3.1415927410125732, 3.1415927410125732, 3.1415927410125732, 3.1415927410125732, 3.1415927410125732, 3.1415927410125732, 3.1415927410125732, 3.1415927410125732, 3.1415927410125732, 3.1415927410125732, 3.1415927410125732, 3.1415927410125732, 3.1415927410125732, 3.1415927410125732, 3.1415927410125732, 3.1415927410125732, 3.1415927410125732, 3.1415927410125732, 3.1415927410125732, 3.1415927410125732, 3.1415927410125732, 3.1415927410125732, 3.1415927410125732, 3.1415927410125732, 3.1415927410125732, 3.1415927410125732, 3.1415927410125732, 3.1415927410125732, 3.1415927410125732, 3.1415927410125732, 3.1415927410125732, 3.1415927410125732, 3.1415927410125732, 3.1415927410125732, 3.1415927410125732, 3.1415927410125732, 3.1415927410125732, 3.1415927410125732, 3.1415927410125732, 3.1415927410125732, 3.1415927410125732, 3.1415927410125732, 3.1415927410125732, 3.1415927410125732, 3.1415927410125732, 3.1415927410125732, 3.1415927410125732, 3.1415927410125732, 3.1415927410125732, 3.1415927410125732, 3.1415927410125732, 3.1415927410125732, 3.1415927410125732, 3.1415927410125732, 3.1415927410125732, 3.1415927410125732, 3.1415927410125732, 3.1415927410125732, 3.1415927410125732, 3.1415927410125732, 3.1415927410125732, 3.1415927410125732, 3.1415927410125732, 3.1415927410125732, 3.1415927410125732, 3.1415927410125732, 3.1415927410125732, 3.1415927410125732, 3.1415927410125732, 3.1415927410125732, 3.1415927410125732, 3.1415927410125732, 3.1415927410125732, 3.1415927410125732, 3.1415927410125732, 3.1415927410125732, 3.1415927410125732, 3.1415927410125732, 3.1415927410125732, 3.1415927410125732, 3.1415927410125732, 3.1415927410125732, 3.1415927410125732, 3.1415927410125732, 3.1415927410125732, 3.1415927410125732, 3.1415927410125732, 3.1415927410125732, 3.1415927410125732, 3.1415927410125732, 3.1415927410125732, 3.1415927410125732, 3.1415927410125732, 3.1415927410125732, 3.1415927410125732, 3.1415927410125732, 3.1415927410125732, 3.1415927410125732, 3.1415927410125732, 3.1415927410125732, 3.1415927410125732, 3.1415927410125732, 3.1415927410125732, 3.1415927410125732, 3.1415927410125732, 3.1415927410125732, 3.1415927410125732, 3.1415927410125732, 3.1415927410125732, 3.1415927410125732, 3.1415927410125732, 3.1415927410125732, 3.1415927410125732, 3.1415927410125732, 3.1415927410125732, 3.1415927410125732, 3.1415927410125732, 3.1415927410125732, 3.1415927410125732, 3.1415927410125732, 3.1415927410125732, 3.1415927410125732, 3.1415927410125732, 3.1415927410125732, 3.1415927410125732, 3.1415927410125732, 3.1415927410125732, 3.1415927410125732, 3.1415927410125732, 3.1415927410125732, 3.1415927410125732, 3.1415927410125732, 3.1415927410125732, 3.1415927410125732, 3.1415927410125732, 3.1415927410125732, 3.1415927410125732, 3.1415927410125732, 3.1415927410125732, 3.1415927410125732, 3.1415927410125732, 3.1415927410125732, 3.1415927410125732, 3.1415927410125732, 3.1415927410125732, 3.1415927410125732, 3.1415927410125732, 3.1415927410125732, 3.1415927410125732, 3.1415927410125732, 3.1415927410125732, 3.1415927410125732, 3.1415927410125732, 3.1415927410125732, 3.1415927410125732, 3.1415927410125732, 3.1415927410125732, 3.1415927410125732, 3.1415927410125732, 3.1415927410125732, 3.1415927410125732, 3.1415927410125732, 3.1415927410125732, 3.1415927410125732, 3.1415927410125732, 3.1415927410125732, 3.1415927410125732, 3.1415927410125732, 3.1415927410125732, 3.1415927410125732, 3.1415927410125732, 3.1415927410125732, 3.1415927410125732, 3.1415927410125732, 3.1415927410125732, 3.1415927410125732, 3.1415927410125732, 3.1415927410125732, 3.1415927410125732, 0.0, 0.0, 0.0, 0.0, 0.0, 0.0, 0.0, 0.0, 0.0, 0.0, 0.0, 0.0, 0.0, 0.0, 0.0, 0.0, 3.1415927410125732, 3.1415927410125732, 3.1415927410125732, 3.1415927410125732, 3.1415927410125732, 3.1415927410125732, 3.1415927410125732, 3.1415927410125732, 3.1415927410125732, 3.1415927410125732, 3.1415927410125732, 3.1415927410125732, 3.1415927410125732, 3.1415927410125732, 3.1415927410125732, 3.1415927410125732, 0.0, 0.0, 0.0, 0.0, 0.0, 0.0, 0.0, 0.0, 0.0, 0.0, 0.0, 0.0, 0.0, 0.0, 0.0, 0.0, 3.1415927410125732, 3.1415927410125732, 3.1415927410125732, 3.1415927410125732, 3.1415927410125732, 3.1415927410125732, 3.1415927410125732, 3.1415927410125732, 3.1415927410125732, 3.1415927410125732, 3.1415927410125732, 3.1415927410125732, 3.1415927410125732, 3.1415927410125732, 3.1415927410125732, 3.1415927410125732, 0.0, 0.0, 0.0, 0.0, 0.0, 0.0, 0.0, 0.0, 0.0, 0.0, 0.0, 0.0, 0.0, 0.0, 0.0, 0.0, 3.1415927410125732, 3.1415927410125732, 3.1415927410125732, 3.1415927410125732, 3.1415927410125732, 3.1415927410125732, 3.1415927410125732, 3.1415927410125732, 3.1415927410125732, 3.1415927410125732, 3.1415927410125732, 3.1415927410125732, 3.1415927410125732, 3.1415927410125732, 3.1415927410125732, 3.1415927410125732, 0.0, 0.0, 0.0, 0.0, 0.0, 0.0, 0.0, 0.0, 0.0, 0.0, 0.0, 0.0, 0.0, 0.0, 0.0, 0.0, 3.1415927410125732, 3.1415927410125732, 3.1415927410125732, 3.1415927410125732, 3.1415927410125732, 3.1415927410125732, 3.1415927410125732, 3.1415927410125732, 3.1415927410125732, 3.1415927410125732, 3.1415927410125732, 3.1415927410125732, 3.1415927410125732, 3.1415927410125732, 3.1415927410125732, 3.1415927410125732, 0.0, 0.0, 0.0, 0.0, 0.0, 0.0, 0.0, 0.0, 0.0, 0.0, 0.0, 0.0, 0.0, 0.0, 0.0, 0.0, 3.1415927410125732, 3.1415927410125732, 3.1415927410125732, 3.1415927410125732, 3.1415927410125732, 3.1415927410125732, 3.1415927410125732, 3.1415927410125732, 3.1415927410125732, 3.1415927410125732, 3.1415927410125732, 3.1415927410125732, 3.1415927410125732, 3.1415927410125732, 3.1415927410125732, 3.1415927410125732, 0.0, 0.0, 0.0, 0.0, 0.0, 0.0, 0.0, 0.0, 0.0, 0.0, 0.0, 0.0, 0.0, 0.0, 0.0, 0.0, 3.1415927410125732, 3.1415927410125732, 3.1415927410125732, 3.1415927410125732, 3.1415927410125732, 3.1415927410125732, 3.1415927410125732, 3.1415927410125732, 3.1415927410125732, 3.1415927410125732, 3.1415927410125732, 3.1415927410125732, 3.1415927410125732, 3.1415927410125732, 3.1415927410125732, 3.1415927410125732, 0.0, 0.0, 0.0, 0.0, 0.0, 0.0, 0.0, 0.0, 0.0, 0.0, 0.0, 0.0, 0.0, 0.0, 0.0, 0.0, 3.1415927410125732, 3.1415927410125732, 3.1415927410125732, 3.1415927410125732, 3.1415927410125732, 3.1415927410125732, 3.1415927410125732, 3.1415927410125732, 3.1415927410125732, 3.1415927410125732, 3.1415927410125732, 3.1415927410125732, 3.1415927410125732, 3.1415927410125732, 3.1415927410125732, 3.1415927410125732, 0.0, 0.0, 0.0, 0.0, 0.0, 0.0, 0.0, 0.0, 0.0, 0.0, 0.0, 0.0, 0.0, 0.0, 0.0, 0.0, 3.1415927410125732, 3.1415927410125732, 3.1415927410125732, 3.1415927410125732, 3.1415927410125732, 3.1415927410125732, 3.1415927410125732, 3.1415927410125732, 3.1415927410125732, 3.1415927410125732, 3.1415927410125732, 3.1415927410125732, 3.1415927410125732, 3.1415927410125732, 3.1415927410125732, 3.1415927410125732, 0.0, 0.0, 0.0, 0.0, 0.0, 0.0, 0.0, 0.0, 0.0, 0.0, 0.0, 0.0, 0.0, 0.0, 0.0, 0.0, 0.0, 0.0, 0.0, 0.0, 0.0, 0.0, 0.0, 0.0, 0.0, 0.0, 0.0, 0.0, 0.0, 0.0, 0.0, 0.0, 0.0, 0.0, 0.0, 0.0, 0.0, 0.0, 0.0, 0.0, 0.0, 0.0, 0.0, 0.0, 0.0, 0.0, 0.0, 0.0, 0.0, 0.0, 0.0, 0.0, 0.0, 0.0, 0.0, 0.0, 0.0, 0.0, 0.0, 0.0, 0.0, 0.0, 0.0, 0.0, 0.0, 0.0, 0.0, 0.0, 0.0, 0.0, 0.0, 0.0, 0.0, 0.0, 0.0, 0.0, 0.0, 0.0, 0.0, 0.0, 0.0, 0.0, 0.0, 0.0, 0.0, 0.0, 0.0, 0.0, 0.0, 0.0, 0.0, 0.0, 0.0, 0.0, 0.0, 0.0, 0.0, 0.0, 0.0, 0.0, 0.0, 0.0, 0.0, 0.0, 0.0, 0.0, 0.0, 0.0, 0.0, 0.0, 0.0, 0.0, 0.0, 0.0, 0.0, 0.0, 0.0, 0.0, 0.0, 0.0, 0.0, 0.0, 0.0, 0.0, 0.0, 0.0, 0.0, 0.0, 0.0, 0.0, 0.0, 0.0, 0.0, 0.0, 0.0, 0.0, 0.0, 0.0, 0.0, 0.0, 0.0, 0.0, 0.0, 0.0, 0.0, 0.0, 0.0, 0.0, 0.0, 0.0, 0.0, 0.0, 0.0, 0.0, 0.0, 0.0, 0.0, 0.0, 0.0, 0.0, 0.0, 0.0, 0.0, 0.0, 0.0, 0.0, 0.0, 0.0, 0.0, 0.0, 0.0, 0.0, 0.0, 0.0, 0.0, 0.0, 0.0, 0.0, 0.0, 0.0, 0.0, 0.0, 0.0, 0.0, 0.0, 0.0, 0.0, 0.0, 0.0, 0.0, 0.0, 0.0, 0.0, 0.0, 0.0, 0.0, 0.0, 0.0, 0.0, 0.0, 0.0, 0.0, 0.0, 0.0, 0.0, 0.0, 0.0, 0.0, 0.0, 0.0, 0.0, 0.0, 0.0, 0.0, 0.0, 0.0, 0.0, 0.0, 0.0, 0.0, 0.0, 0.0, 0.0, 0.0, 0.0, 0.0, 0.0, 0.0, 0.0, 0.0, 0.0, 0.0, 0.0, 0.0, 0.0, 0.0, 0.0, 0.0, 0.0, 0.0, 0.0, 0.0, 0.0, 0.0, 0.0, 0.0, 0.0, 0.0, 0.0, 0.0, 0.0, 0.0, 0.0, 0.0, 0.0, 0.0, 0.0, 0.0, 0.0, 0.0, 0.0, 0.0, 0.0, 0.0, 3.1415927410125732, 3.1415927410125732, 3.1415927410125732, 3.1415927410125732, 3.1415927410125732, 3.1415927410125732, 3.1415927410125732, 3.1415927410125732, 0.0, 0.0, 0.0, 0.0, 0.0, 0.0, 0.0, 0.0, 0.0, 0.0, 0.0, 0.0, 0.0, 0.0, 0.0, 0.0, 0.0, 0.0, 0.0, 0.0, 0.0, 0.0, 0.0, 0.0, 3.1415927410125732, 3.1415927410125732, 3.1415927410125732, 3.1415927410125732, 3.1415927410125732, 3.1415927410125732, 3.1415927410125732, 3.1415927410125732, 0.0, 0.0, 0.0, 0.0, 0.0, 0.0, 0.0, 0.0, 0.0, 0.0, 0.0, 0.0, 0.0, 0.0, 0.0, 0.0, 0.0, 0.0, 0.0, 0.0, 0.0, 0.0, 0.0, 0.0, 3.1415927410125732, 3.1415927410125732, 3.1415927410125732, 3.1415927410125732, 3.1415927410125732, 3.1415927410125732, 3.1415927410125732, 3.1415927410125732, 0.0, 0.0, 0.0, 0.0, 0.0, 0.0, 0.0, 0.0, 0.0, 0.0, 0.0, 0.0, 0.0, 0.0, 0.0, 0.0, 0.0, 0.0, 0.0, 0.0, 0.0, 0.0, 0.0, 0.0, 3.1415927410125732, 3.1415927410125732, 3.1415927410125732, 3.1415927410125732, 3.1415927410125732, 3.1415927410125732, 3.1415927410125732, 3.1415927410125732, 0.0, 0.0, 0.0, 0.0, 0.0, 0.0, 0.0, 0.0, 0.0, 0.0, 0.0, 0.0, 0.0, 0.0, 0.0, 0.0, 0.0, 0.0, 0.0, 0.0, 0.0, 0.0, 0.0, 0.0, 3.1415927410125732, 3.1415927410125732, 3.1415927410125732, 3.1415927410125732, 3.1415927410125732, 3.1415927410125732, 3.1415927410125732, 3.1415927410125732, 0.0, 0.0, 0.0, 0.0, 0.0, 0.0, 0.0, 0.0, 0.0, 0.0, 0.0, 0.0, 0.0, 0.0, 0.0, 0.0, 0.0, 0.0, 0.0, 0.0, 0.0, 0.0, 0.0, 0.0, 3.1415927410125732, 3.1415927410125732, 3.1415927410125732, 3.1415927410125732, 3.1415927410125732, 3.1415927410125732, 3.1415927410125732, 3.1415927410125732, 0.0, 0.0, 0.0, 0.0, 0.0, 0.0, 0.0, 0.0, 0.0, 0.0, 0.0, 0.0, 0.0, 0.0, 0.0, 0.0, 0.0, 0.0, 0.0, 0.0, 0.0, 0.0, 0.0, 0.0, 3.1415927410125732, 3.1415927410125732, 3.1415927410125732, 3.1415927410125732, 3.1415927410125732, 3.1415927410125732, 3.1415927410125732, 3.1415927410125732, 0.0, 0.0, 0.0, 0.0, 0.0, 0.0, 0.0, 0.0, 0.0, 0.0, 0.0, 0.0, 0.0, 0.0, 0.0, 0.0, 0.0, 0.0, 0.0, 0.0, 0.0, 0.0, 0.0, 0.0, 3.1415927410125732, 3.1415927410125732, 3.1415927410125732, 3.1415927410125732, 3.1415927410125732, 3.1415927410125732, 3.1415927410125732, 3.1415927410125732, 0.0, 0.0, 0.0, 0.0, 0.0, 0.0, 0.0, 0.0, 0.0, 0.0, 0.0, 0.0, 0.0, 0.0, 0.0, 0.0]"
0.6088365,0.15223686,0.15219523,0.15220979,0.15219462,0.15220913,-9.53539467,-9.53664207,-9.53620815,-9.53666496,"[3.1415927410125732, 3.1415927410125732, 3.1415927410125732, 3.1415927410125732, 3.1415927410125732, 3.1415927410125732, 3.1415927410125732, 3.1415927410125732, 3.1415927410125732, 3.1415927410125732, 3.1415927410125732, 3.1415927410125732, 3.1415927410125732, 3.1415927410125732, 3.1415927410125732, 3.1415927410125732, 3.1415927410125732, 3.1415927410125732, 3.1415927410125732, 3.1415927410125732, 3.1415927410125732, 3.1415927410125732, 3.1415927410125732, 3.1415927410125732, 3.1415927410125732, 3.1415927410125732, 3.1415927410125732, 3.1415927410125732, 3.1415927410125732, 3.1415927410125732, 3.1415927410125732, 3.1415927410125732, 3.1415927410125732, 3.1415927410125732, 3.1415927410125732, 3.1415927410125732, 3.1415927410125732, 3.1415927410125732, 3.1415927410125732, 3.1415927410125732, 3.1415927410125732, 3.1415927410125732, 3.1415927410125732, 3.1415927410125732, 3.1415927410125732, 3.1415927410125732, 3.1415927410125732, 3.1415927410125732, 3.1415927410125732, 3.1415927410125732, 3.1415927410125732, 3.1415927410125732, 3.1415927410125732, 3.1415927410125732, 3.1415927410125732, 3.1415927410125732, 3.1415927410125732, 3.1415927410125732, 3.1415927410125732, 3.1415927410125732, 3.1415927410125732, 3.1415927410125732, 3.1415927410125732, 3.1415927410125732, 3.1415927410125732, 3.1415927410125732, 3.1415927410125732, 3.1415927410125732, 3.1415927410125732, 3.1415927410125732, 3.1415927410125732, 3.1415927410125732, 3.1415927410125732, 3.1415927410125732, 3.1415927410125732, 3.1415927410125732, 3.1415927410125732, 3.1415927410125732, 3.1415927410125732, 3.1415927410125732, 3.1415927410125732, 3.1415927410125732, 3.1415927410125732, 3.1415927410125732, 3.1415927410125732, 3.1415927410125732, 3.1415927410125732, 3.1415927410125732, 3.1415927410125732, 3.1415927410125732, 3.1415927410125732, 3.1415927410125732, 3.1415927410125732, 3.1415927410125732, 3.1415927410125732, 3.1415927410125732, 3.1415927410125732, 3.1415927410125732, 3.1415927410125732, 3.1415927410125732, 3.1415927410125732, 3.1415927410125732, 3.1415927410125732, 3.1415927410125732, 3.1415927410125732, 3.1415927410125732, 3.1415927410125732, 3.1415927410125732, 3.1415927410125732, 3.1415927410125732, 3.1415927410125732, 3.1415927410125732, 3.1415927410125732, 3.1415927410125732, 3.1415927410125732, 3.1415927410125732, 3.1415927410125732, 3.1415927410125732, 3.1415927410125732, 3.1415927410125732, 3.1415927410125732, 3.1415927410125732, 3.1415927410125732, 3.1415927410125732, 3.1415927410125732, 3.1415927410125732, 3.1415927410125732, 3.1415927410125732, 3.1415927410125732, 3.1415927410125732, 3.1415927410125732, 3.1415927410125732, 3.1415927410125732, 3.1415927410125732, 3.1415927410125732, 3.1415927410125732, 3.1415927410125732, 3.1415927410125732, 3.1415927410125732, 3.1415927410125732, 3.1415927410125732, 3.1415927410125732, 3.1415927410125732, 3.1415927410125732, 3.1415927410125732, 3.1415927410125732, 3.1415927410125732, 3.1415927410125732, 3.1415927410125732, 3.1415927410125732, 3.1415927410125732, 3.1415927410125732, 3.1415927410125732, 3.1415927410125732, 3.1415927410125732, 3.1415927410125732, 3.1415927410125732, 3.1415927410125732, 3.1415927410125732, 3.1415927410125732, 3.1415927410125732, 3.1415927410125732, 3.1415927410125732, 3.1415927410125732, 3.1415927410125732, 3.1415927410125732, 3.1415927410125732, 3.1415927410125732, 3.1415927410125732, 3.1415927410125732, 3.1415927410125732, 3.1415927410125732, 3.1415927410125732, 3.1415927410125732, 3.1415927410125732, 3.1415927410125732, 3.1415927410125732, 3.1415927410125732, 3.1415927410125732, 3.1415927410125732, 3.1415927410125732, 3.1415927410125732, 3.1415927410125732, 3.1415927410125732, 3.1415927410125732, 3.1415927410125732, 3.1415927410125732, 3.1415927410125732, 3.1415927410125732, 3.1415927410125732, 3.1415927410125732, 3.1415927410125732, 3.1415927410125732, 3.1415927410125732, 3.1415927410125732, 3.1415927410125732, 3.1415927410125732, 3.1415927410125732, 3.1415927410125732, 3.1415927410125732, 3.1415927410125732, 3.1415927410125732, 3.1415927410125732, 3.1415927410125732, 3.1415927410125732, 3.1415927410125732, 3.1415927410125732, 3.1415927410125732, 3.1415927410125732, 3.1415927410125732, 3.1415927410125732, 3.1415927410125732, 3.1415927410125732, 3.1415927410125732, 3.1415927410125732, 3.1415927410125732, 3.1415927410125732, 3.1415927410125732, 3.1415927410125732, 3.1415927410125732, 3.1415927410125732, 3.1415927410125732, 3.1415927410125732, 3.1415927410125732, 3.1415927410125732, 3.1415927410125732, 3.1415927410125732, 3.1415927410125732, 3.1415927410125732, 3.1415927410125732, 3.1415927410125732, 3.1415927410125732, 3.1415927410125732, 3.1415927410125732, 3.1415927410125732, 3.1415927410125732, 3.1415927410125732, 3.1415927410125732, 3.1415927410125732, 3.1415927410125732, 3.1415927410125732, 3.1415927410125732, 3.1415927410125732, 3.1415927410125732, 3.1415927410125732, 3.1415927410125732, 3.1415927410125732, 3.1415927410125732, 3.1415927410125732, 3.1415927410125732, 3.1415927410125732, 3.1415927410125732, 3.1415927410125732, 3.1415927410125732, 3.1415927410125732, 3.1415927410125732, 0.0, 0.0, 0.0, 0.0, 0.0, 0.0, 0.0, 0.0, 0.0, 0.0, 0.0, 0.0, 0.0, 0.0, 0.0, 0.0, 3.1415927410125732, 3.1415927410125732, 3.1415927410125732, 3.1415927410125732, 3.1415927410125732, 3.1415927410125732, 3.1415927410125732, 3.1415927410125732, 3.1415927410125732, 3.1415927410125732, 3.1415927410125732, 3.1415927410125732, 3.1415927410125732, 3.1415927410125732, 3.1415927410125732, 3.1415927410125732, 0.0, 0.0, 0.0, 0.0, 0.0, 0.0, 0.0, 0.0, 0.0, 0.0, 0.0, 0.0, 0.0, 0.0, 0.0, 0.0, 3.1415927410125732, 3.1415927410125732, 3.1415927410125732, 3.1415927410125732, 3.1415927410125732, 3.1415927410125732, 3.1415927410125732, 3.1415927410125732, 3.1415927410125732, 3.1415927410125732, 3.1415927410125732, 3.1415927410125732, 3.1415927410125732, 3.1415927410125732, 3.1415927410125732, 3.1415927410125732, 0.0, 0.0, 0.0, 0.0, 0.0, 0.0, 0.0, 0.0, 0.0, 0.0, 0.0, 0.0, 0.0, 0.0, 0.0, 0.0, 3.1415927410125732, 3.1415927410125732, 3.1415927410125732, 3.1415927410125732, 3.1415927410125732, 3.1415927410125732, 3.1415927410125732, 3.1415927410125732, 3.1415927410125732, 3.1415927410125732, 3.1415927410125732, 3.1415927410125732, 3.1415927410125732, 3.1415927410125732, 3.1415927410125732, 3.1415927410125732, 0.0, 0.0, 0.0, 0.0, 0.0, 0.0, 0.0, 0.0, 0.0, 0.0, 0.0, 0.0, 0.0, 0.0, 0.0, 0.0, 3.1415927410125732, 3.1415927410125732, 3.1415927410125732, 3.1415927410125732, 3.1415927410125732, 3.1415927410125732, 3.1415927410125732, 3.1415927410125732, 3.1415927410125732, 3.1415927410125732, 3.1415927410125732, 3.1415927410125732, 3.1415927410125732, 3.1415927410125732, 3.1415927410125732, 3.1415927410125732, 0.0, 0.0, 0.0, 0.0, 0.0, 0.0, 0.0, 0.0, 0.0, 0.0, 0.0, 0.0, 0.0, 0.0, 0.0, 0.0, 3.1415927410125732, 3.1415927410125732, 3.1415927410125732, 3.1415927410125732, 3.1415927410125732, 3.1415927410125732, 3.1415927410125732, 3.1415927410125732, 3.1415927410125732, 3.1415927410125732, 3.1415927410125732, 3.1415927410125732, 3.1415927410125732, 3.1415927410125732, 3.1415927410125732, 3.1415927410125732, 0.0, 0.0, 0.0, 0.0, 0.0, 0.0, 0.0, 0.0, 0.0, 0.0, 0.0, 0.0, 0.0, 0.0, 0.0, 0.0, 3.1415927410125732, 3.1415927410125732, 3.1415927410125732, 3.1415927410125732, 3.1415927410125732, 3.1415927410125732, 3.1415927410125732, 3.1415927410125732, 3.1415927410125732, 3.1415927410125732, 3.1415927410125732, 3.1415927410125732, 3.1415927410125732, 3.1415927410125732, 3.1415927410125732, 3.1415927410125732, 0.0, 0.0, 0.0, 0.0, 0.0, 0.0, 0.0, 0.0, 0.0, 0.0, 0.0, 0.0, 0.0, 0.0, 0.0, 0.0, 3.1415927410125732, 3.1415927410125732, 3.1415927410125732, 3.1415927410125732, 3.1415927410125732, 3.1415927410125732, 3.1415927410125732, 3.1415927410125732, 3.1415927410125732, 3.1415927410125732, 3.1415927410125732, 3.1415927410125732, 3.1415927410125732, 3.1415927410125732, 3.1415927410125732, 3.1415927410125732, 0.0, 0.0, 0.0, 0.0, 0.0, 0.0, 0.0, 0.0, 0.0, 0.0, 0.0, 0.0, 0.0, 0.0, 0.0, 0.0, 3.1415927410125732, 3.1415927410125732, 3.1415927410125732, 3.1415927410125732, 3.1415927410125732, 3.1415927410125732, 3.1415927410125732, 3.1415927410125732, 3.1415927410125732, 3.1415927410125732, 3.1415927410125732, 3.1415927410125732, 3.1415927410125732, 3.1415927410125732, 3.1415927410125732, 3.1415927410125732, 0.0, 0.0, 0.0, 0.0, 0.0, 0.0, 0.0, 0.0, 0.0, 0.0, 0.0, 0.0, 0.0, 0.0, 0.0, 0.0, 0.0, 0.0, 0.0, 0.0, 0.0, 0.0, 0.0, 0.0, 0.0, 0.0, 0.0, 0.0, 0.0, 0.0, 0.0, 0.0, 0.0, 0.0, 0.0, 0.0, 0.0, 0.0, 0.0, 0.0, 0.0, 0.0, 0.0, 0.0, 0.0, 0.0, 0.0, 0.0, 0.0, 0.0, 0.0, 0.0, 0.0, 0.0, 0.0, 0.0, 0.0, 0.0, 0.0, 0.0, 0.0, 0.0, 0.0, 0.0, 0.0, 0.0, 0.0, 0.0, 0.0, 0.0, 0.0, 0.0, 0.0, 0.0, 0.0, 0.0, 0.0, 0.0, 0.0, 0.0, 0.0, 0.0, 0.0, 0.0, 0.0, 0.0, 0.0, 0.0, 0.0, 0.0, 0.0, 0.0, 0.0, 0.0, 0.0, 0.0, 0.0, 0.0, 0.0, 0.0, 0.0, 0.0, 0.0, 0.0, 0.0, 0.0, 0.0, 0.0, 0.0, 0.0, 0.0, 0.0, 0.0, 0.0, 0.0, 0.0, 0.0, 0.0, 0.0, 0.0, 0.0, 0.0, 0.0, 0.0, 0.0, 0.0, 0.0, 0.0, 0.0, 0.0, 0.0, 0.0, 0.0, 0.0, 0.0, 0.0, 0.0, 0.0, 0.0, 0.0, 0.0, 0.0, 0.0, 0.0, 0.0, 0.0, 0.0, 0.0, 0.0, 0.0, 0.0, 0.0, 0.0, 0.0, 0.0, 0.0, 0.0, 0.0, 0.0, 0.0, 0.0, 0.0, 0.0, 0.0, 0.0, 0.0, 0.0, 0.0, 0.0, 0.0, 0.0, 0.0, 0.0, 0.0, 0.0, 0.0, 0.0, 0.0, 0.0, 0.0, 0.0, 0.0, 0.0, 0.0, 0.0, 0.0, 0.0, 0.0, 0.0, 0.0, 0.0, 0.0, 0.0, 0.0, 0.0, 0.0, 0.0, 0.0, 0.0, 0.0, 0.0, 0.0, 0.0, 0.0, 0.0, 0.0, 0.0, 0.0, 0.0, 0.0, 0.0, 0.0, 0.0, 0.0, 0.0, 0.0, 0.0, 0.0, 0.0, 0.0, 0.0, 0.0, 0.0, 0.0, 0.0, 0.0, 0.0, 0.0, 0.0, 0.0, 0.0, 0.0, 0.0, 0.0, 0.0, 0.0, 0.0, 0.0, 0.0, 0.0, 0.0, 0.0, 0.0, 0.0, 0.0, 0.0, 0.0, 0.0, 0.0, 0.0, 0.0, 0.0, 0.0, 0.0, 0.0, 0.0, 0.0, 0.0, 0.0, 0.0, 0.0, 0.0, 0.0, 0.0, 3.1415927410125732, 3.1415927410125732, 3.1415927410125732, 3.1415927410125732, 3.1415927410125732, 3.1415927410125732, 3.1415927410125732, 3.1415927410125732, 0.0, 0.0, 0.0, 0.0, 0.0, 0.0, 0.0, 0.0, 0.0, 0.0, 0.0, 0.0, 0.0, 0.0, 0.0, 0.0, 0.0, 0.0, 0.0, 0.0, 0.0, 0.0, 0.0, 0.0, 3.1415927410125732, 3.1415927410125732, 3.1415927410125732, 3.1415927410125732, 3.1415927410125732, 3.1415927410125732, 3.1415927410125732, 3.1415927410125732, 0.0, 0.0, 0.0, 0.0, 0.0, 0.0, 0.0, 0.0, 0.0, 0.0, 0.0, 0.0, 0.0, 0.0, 0.0, 0.0, 0.0, 0.0, 0.0, 0.0, 0.0, 0.0, 0.0, 0.0, 3.1415927410125732, 3.1415927410125732, 3.1415927410125732, 3.1415927410125732, 3.1415927410125732, 3.1415927410125732, 3.1415927410125732, 3.1415927410125732, 0.0, 0.0, 0.0, 0.0, 0.0, 0.0, 0.0, 0.0, 0.0, 0.0, 0.0, 0.0, 0.0, 0.0, 0.0, 0.0, 0.0, 0.0, 0.0, 0.0, 0.0, 0.0, 0.0, 0.0, 3.1415927410125732, 3.1415927410125732, 3.1415927410125732, 3.1415927410125732, 3.1415927410125732, 3.1415927410125732, 3.1415927410125732, 3.1415927410125732, 0.0, 0.0, 0.0, 0.0, 0.0, 0.0, 0.0, 0.0, 0.0, 0.0, 0.0, 0.0, 0.0, 0.0, 0.0, 0.0, 0.0, 0.0, 0.0, 0.0, 0.0, 0.0, 0.0, 0.0, 3.1415927410125732, 3.1415927410125732, 3.1415927410125732, 3.1415927410125732, 3.1415927410125732, 3.1415927410125732, 3.1415927410125732, 3.1415927410125732, 0.0, 0.0, 0.0, 0.0, 0.0, 0.0, 0.0, 0.0, 0.0, 0.0, 0.0, 0.0, 0.0, 0.0, 0.0, 0.0, 0.0, 0.0, 0.0, 0.0, 0.0, 0.0, 0.0, 0.0, 3.1415927410125732, 3.1415927410125732, 3.1415927410125732, 3.1415927410125732, 3.1415927410125732, 3.1415927410125732, 3.1415927410125732, 3.1415927410125732, 0.0, 0.0, 0.0, 0.0, 0.0, 0.0, 0.0, 0.0, 0.0, 0.0, 0.0, 0.0, 0.0, 0.0, 0.0, 0.0, 0.0, 0.0, 0.0, 0.0, 0.0, 0.0, 0.0, 0.0, 3.1415927410125732, 3.1415927410125732, 3.1415927410125732, 3.1415927410125732, 3.1415927410125732, 3.1415927410125732, 3.1415927410125732, 3.1415927410125732, 0.0, 0.0, 0.0, 0.0, 0.0, 0.0, 0.0, 0.0, 0.0, 0.0, 0.0, 0.0, 0.0, 0.0, 0.0, 0.0, 0.0, 0.0, 0.0, 0.0, 0.0, 0.0, 0.0, 0.0, 3.1415927410125732, 3.1415927410125732, 3.1415927410125732, 3.1415927410125732, 3.1415927410125732, 3.1415927410125732, 3.1415927410125732, 3.1415927410125732, 0.0, 0.0, 0.0, 0.0, 0.0, 0.0, 0.0, 0.0, 0.0, 0.0, 0.0, 0.0, 0.0, 0.0, 0.0, 0.0]"
0.6088365,0.15223686,0.15219523,0.15220979,0.15219462,0.15220913,-9.53539467,-9.53664207,-9.53620815,-9.53666496,"[3.1415927410125732, 3.1415927410125732, 3.1415927410125732, 3.1415927410125732, 3.1415927410125732, 3.1415927410125732, 3.1415927410125732, 3.1415927410125732, 3.1415927410125732, 3.1415927410125732, 3.1415927410125732, 3.1415927410125732, 3.1415927410125732, 3.1415927410125732, 3.1415927410125732, 3.1415927410125732, 3.1415927410125732, 3.1415927410125732, 3.1415927410125732, 3.1415927410125732, 3.1415927410125732, 3.1415927410125732, 3.1415927410125732, 3.1415927410125732, 3.1415927410125732, 3.1415927410125732, 3.1415927410125732, 3.1415927410125732, 3.1415927410125732, 3.1415927410125732, 3.1415927410125732, 3.1415927410125732, 3.1415927410125732, 3.1415927410125732, 3.1415927410125732, 3.1415927410125732, 3.1415927410125732, 3.1415927410125732, 3.1415927410125732, 3.1415927410125732, 3.1415927410125732, 3.1415927410125732, 3.1415927410125732, 3.1415927410125732, 3.1415927410125732, 3.1415927410125732, 3.1415927410125732, 3.1415927410125732, 3.1415927410125732, 3.1415927410125732, 3.1415927410125732, 3.1415927410125732, 3.1415927410125732, 3.1415927410125732, 3.1415927410125732, 3.1415927410125732, 3.1415927410125732, 3.1415927410125732, 3.1415927410125732, 3.1415927410125732, 3.1415927410125732, 3.1415927410125732, 3.1415927410125732, 3.1415927410125732, 3.1415927410125732, 3.1415927410125732, 3.1415927410125732, 3.1415927410125732, 3.1415927410125732, 3.1415927410125732, 3.1415927410125732, 3.1415927410125732, 3.1415927410125732, 3.1415927410125732, 3.1415927410125732, 3.1415927410125732, 3.1415927410125732, 3.1415927410125732, 3.1415927410125732, 3.1415927410125732, 3.1415927410125732, 3.1415927410125732, 3.1415927410125732, 3.1415927410125732, 3.1415927410125732, 3.1415927410125732, 3.1415927410125732, 3.1415927410125732, 3.1415927410125732, 3.1415927410125732, 3.1415927410125732, 3.1415927410125732, 3.1415927410125732, 3.1415927410125732, 3.1415927410125732, 3.1415927410125732, 3.1415927410125732, 3.1415927410125732, 3.1415927410125732, 3.1415927410125732, 3.1415927410125732, 3.1415927410125732, 3.1415927410125732, 3.1415927410125732, 3.1415927410125732, 3.1415927410125732, 3.1415927410125732, 3.1415927410125732, 3.1415927410125732, 3.1415927410125732, 3.1415927410125732, 3.1415927410125732, 3.1415927410125732, 3.1415927410125732, 3.1415927410125732, 3.1415927410125732, 3.1415927410125732, 3.1415927410125732, 3.1415927410125732, 3.1415927410125732, 3.1415927410125732, 3.1415927410125732, 3.1415927410125732, 3.1415927410125732, 3.1415927410125732, 3.1415927410125732, 3.1415927410125732, 3.1415927410125732, 3.1415927410125732, 3.1415927410125732, 3.1415927410125732, 3.1415927410125732, 3.1415927410125732, 3.1415927410125732, 3.1415927410125732, 3.1415927410125732, 3.1415927410125732, 3.1415927410125732, 3.1415927410125732, 3.1415927410125732, 3.1415927410125732, 3.1415927410125732, 3.1415927410125732, 3.1415927410125732, 3.1415927410125732, 3.1415927410125732, 3.1415927410125732, 3.1415927410125732, 3.1415927410125732, 3.1415927410125732, 3.1415927410125732, 3.1415927410125732, 3.1415927410125732, 3.1415927410125732, 3.1415927410125732, 3.1415927410125732, 3.1415927410125732, 3.1415927410125732, 3.1415927410125732, 3.1415927410125732, 3.1415927410125732, 3.1415927410125732, 3.1415927410125732, 3.1415927410125732, 3.1415927410125732, 3.1415927410125732, 3.1415927410125732, 3.1415927410125732, 3.1415927410125732, 3.1415927410125732, 3.1415927410125732, 3.1415927410125732, 3.1415927410125732, 3.1415927410125732, 3.1415927410125732, 3.1415927410125732, 3.1415927410125732, 3.1415927410125732, 3.1415927410125732, 3.1415927410125732, 3.1415927410125732, 3.1415927410125732, 3.1415927410125732, 3.1415927410125732, 3.1415927410125732, 3.1415927410125732, 3.1415927410125732, 3.1415927410125732, 3.1415927410125732, 3.1415927410125732, 3.1415927410125732, 3.1415927410125732, 3.1415927410125732, 3.1415927410125732, 3.1415927410125732, 3.1415927410125732, 3.1415927410125732, 3.1415927410125732, 3.1415927410125732, 3.1415927410125732, 3.1415927410125732, 3.1415927410125732, 3.1415927410125732, 3.1415927410125732, 3.1415927410125732, 3.1415927410125732, 3.1415927410125732, 3.1415927410125732, 3.1415927410125732, 3.1415927410125732, 3.1415927410125732, 3.1415927410125732, 3.1415927410125732, 3.1415927410125732, 3.1415927410125732, 3.1415927410125732, 3.1415927410125732, 3.1415927410125732, 3.1415927410125732, 3.1415927410125732, 3.1415927410125732, 3.1415927410125732, 3.1415927410125732, 3.1415927410125732, 3.1415927410125732, 3.1415927410125732, 3.1415927410125732, 3.1415927410125732, 3.1415927410125732, 3.1415927410125732, 3.1415927410125732, 3.1415927410125732, 3.1415927410125732, 3.1415927410125732, 3.1415927410125732, 3.1415927410125732, 3.1415927410125732, 3.1415927410125732, 3.1415927410125732, 3.1415927410125732, 3.1415927410125732, 3.1415927410125732, 3.1415927410125732, 3.1415927410125732, 3.1415927410125732, 3.1415927410125732, 3.1415927410125732, 3.1415927410125732, 3.1415927410125732, 3.1415927410125732, 3.1415927410125732, 3.1415927410125732, 3.1415927410125732, 3.1415927410125732, 3.1415927410125732, 3.1415927410125732, 0.0, 0.0, 0.0, 0.0, 0.0, 0.0, 0.0, 0.0, 0.0, 0.0, 0.0, 0.0, 0.0, 0.0, 0.0, 0.0, 3.1415927410125732, 3.1415927410125732, 3.1415927410125732, 3.1415927410125732, 3.1415927410125732, 3.1415927410125732, 3.1415927410125732, 3.1415927410125732, 3.1415927410125732, 3.1415927410125732, 3.1415927410125732, 3.1415927410125732, 3.1415927410125732, 3.1415927410125732, 3.1415927410125732, 3.1415927410125732, 0.0, 0.0, 0.0, 0.0, 0.0, 0.0, 0.0, 0.0, 0.0, 0.0, 0.0, 0.0, 0.0, 0.0, 0.0, 0.0, 3.1415927410125732, 3.1415927410125732, 3.1415927410125732, 3.1415927410125732, 3.1415927410125732, 3.1415927410125732, 3.1415927410125732, 3.1415927410125732, 3.1415927410125732, 3.1415927410125732, 3.1415927410125732, 3.1415927410125732, 3.1415927410125732, 3.1415927410125732, 3.1415927410125732, 3.1415927410125732, 0.0, 0.0, 0.0, 0.0, 0.0, 0.0, 0.0, 0.0, 0.0, 0.0, 0.0, 0.0, 0.0, 0.0, 0.0, 0.0, 3.1415927410125732, 3.1415927410125732, 3.1415927410125732, 3.1415927410125732, 3.1415927410125732, 3.1415927410125732, 3.1415927410125732, 3.1415927410125732, 3.1415927410125732, 3.1415927410125732, 3.1415927410125732, 3.1415927410125732, 3.1415927410125732, 3.1415927410125732, 3.1415927410125732, 3.1415927410125732, 0.0, 0.0, 0.0, 0.0, 0.0, 0.0, 0.0, 0.0, 0.0, 0.0, 0.0, 0.0, 0.0, 0.0, 0.0, 0.0, 3.1415927410125732, 3.1415927410125732, 3.1415927410125732, 3.1415927410125732, 3.1415927410125732, 3.1415927410125732, 3.1415927410125732, 3.1415927410125732, 3.1415927410125732, 3.1415927410125732, 3.1415927410125732, 3.1415927410125732, 3.1415927410125732, 3.1415927410125732, 3.1415927410125732, 3.1415927410125732, 0.0, 0.0, 0.0, 0.0, 0.0, 0.0, 0.0, 0.0, 0.0, 0.0, 0.0, 0.0, 0.0, 0.0, 0.0, 0.0, 3.1415927410125732, 3.1415927410125732, 3.1415927410125732, 3.1415927410125732, 3.1415927410125732, 3.1415927410125732, 3.1415927410125732, 3.1415927410125732, 3.1415927410125732, 3.1415927410125732, 3.1415927410125732, 3.1415927410125732, 3.1415927410125732, 3.1415927410125732, 3.1415927410125732, 3.1415927410125732, 0.0, 0.0, 0.0, 0.0, 0.0, 0.0, 0.0, 0.0, 0.0, 0.0, 0.0, 0.0, 0.0, 0.0, 0.0, 0.0, 3.1415927410125732, 3.1415927410125732, 3.1415927410125732, 3.1415927410125732, 3.1415927410125732, 3.1415927410125732, 3.1415927410125732, 3.1415927410125732, 3.1415927410125732, 3.1415927410125732, 3.1415927410125732, 3.1415927410125732, 3.1415927410125732, 3.1415927410125732, 3.1415927410125732, 3.1415927410125732, 0.0, 0.0, 0.0, 0.0, 0.0, 0.0, 0.0, 0.0, 0.0, 0.0, 0.0, 0.0, 0.0, 0.0, 0.0, 0.0, 3.1415927410125732, 3.1415927410125732, 3.1415927410125732, 3.1415927410125732, 3.1415927410125732, 3.1415927410125732, 3.1415927410125732, 3.1415927410125732, 3.1415927410125732, 3.1415927410125732, 3.1415927410125732, 3.1415927410125732, 3.1415927410125732, 3.1415927410125732, 3.1415927410125732, 3.1415927410125732, 0.0, 0.0, 0.0, 0.0, 0.0, 0.0, 0.0, 0.0, 0.0, 0.0, 0.0, 0.0, 0.0, 0.0, 0.0, 0.0, 3.1415927410125732, 3.1415927410125732, 3.1415927410125732, 3.1415927410125732, 3.1415927410125732, 3.1415927410125732, 3.1415927410125732, 3.1415927410125732, 3.1415927410125732, 3.1415927410125732, 3.1415927410125732, 3.1415927410125732, 3.1415927410125732, 3.1415927410125732, 3.1415927410125732, 3.1415927410125732, 0.0, 0.0, 0.0, 0.0, 0.0, 0.0, 0.0, 0.0, 0.0, 0.0, 0.0, 0.0, 0.0, 0.0, 0.0, 0.0, 0.0, 0.0, 0.0, 0.0, 0.0, 0.0, 0.0, 0.0, 0.0, 0.0, 0.0, 0.0, 0.0, 0.0, 0.0, 0.0, 0.0, 0.0, 0.0, 0.0, 0.0, 0.0, 0.0, 0.0, 0.0, 0.0, 0.0, 0.0, 0.0, 0.0, 0.0, 0.0, 0.0, 0.0, 0.0, 0.0, 0.0, 0.0, 0.0, 0.0, 0.0, 0.0, 0.0, 0.0, 0.0, 0.0, 0.0, 0.0, 0.0, 0.0, 0.0, 0.0, 0.0, 0.0, 0.0, 0.0, 0.0, 0.0, 0.0, 0.0, 0.0, 0.0, 0.0, 0.0, 0.0, 0.0, 0.0, 0.0, 0.0, 0.0, 0.0, 0.0, 0.0, 0.0, 0.0, 0.0, 0.0, 0.0, 0.0, 0.0, 0.0, 0.0, 0.0, 0.0, 0.0, 0.0, 0.0, 0.0, 0.0, 0.0, 0.0, 0.0, 0.0, 0.0, 0.0, 0.0, 0.0, 0.0, 0.0, 0.0, 0.0, 0.0, 0.0, 0.0, 0.0, 0.0, 0.0, 0.0, 0.0, 0.0, 0.0, 0.0, 0.0, 0.0, 0.0, 0.0, 0.0, 0.0, 0.0, 0.0, 0.0, 0.0, 0.0, 0.0, 0.0, 0.0, 0.0, 0.0, 0.0, 0.0, 0.0, 0.0, 0.0, 0.0, 0.0, 0.0, 0.0, 0.0, 0.0, 0.0, 0.0, 0.0, 0.0, 0.0, 0.0, 0.0, 0.0, 0.0, 0.0, 0.0, 0.0, 0.0, 0.0, 0.0, 0.0, 0.0, 0.0, 0.0, 0.0, 0.0, 0.0, 0.0, 0.0, 0.0, 0.0, 0.0, 0.0, 0.0, 0.0, 0.0, 0.0, 0.0, 0.0, 0.0, 0.0, 0.0, 0.0, 0.0, 0.0, 0.0, 0.0, 0.0, 0.0, 0.0, 0.0, 0.0, 0.0, 0.0, 0.0, 0.0, 0.0, 0.0, 0.0, 0.0, 0.0, 0.0, 0.0, 0.0, 0.0, 0.0, 0.0, 0.0, 0.0, 0.0, 0.0, 0.0, 0.0, 0.0, 0.0, 0.0, 0.0, 0.0, 0.0, 0.0, 0.0, 0.0, 0.0, 0.0, 0.0, 0.0, 0.0, 0.0, 0.0, 0.0, 0.0, 0.0, 0.0, 0.0, 0.0, 0.0, 0.0, 0.0, 0.0, 0.0, 0.0, 0.0, 0.0, 0.0, 0.0, 0.0, 0.0, 0.0, 0.0, 0.0, 0.0, 0.0, 0.0, 0.0, 3.1415927410125732, 3.1415927410125732, 3.1415927410125732, 3.1415927410125732, 3.1415927410125732, 3.1415927410125732, 3.1415927410125732, 3.1415927410125732, 0.0, 0.0, 0.0, 0.0, 0.0, 0.0, 0.0, 0.0, 0.0, 0.0, 0.0, 0.0, 0.0, 0.0, 0.0, 0.0, 0.0, 0.0, 0.0, 0.0, 0.0, 0.0, 0.0, 0.0, 3.1415927410125732, 3.1415927410125732, 3.1415927410125732, 3.1415927410125732, 3.1415927410125732, 3.1415927410125732, 3.1415927410125732, 3.1415927410125732, 0.0, 0.0, 0.0, 0.0, 0.0, 0.0, 0.0, 0.0, 0.0, 0.0, 0.0, 0.0, 0.0, 0.0, 0.0, 0.0, 0.0, 0.0, 0.0, 0.0, 0.0, 0.0, 0.0, 0.0, 3.1415927410125732, 3.1415927410125732, 3.1415927410125732, 3.1415927410125732, 3.1415927410125732, 3.1415927410125732, 3.1415927410125732, 3.1415927410125732, 0.0, 0.0, 0.0, 0.0, 0.0, 0.0, 0.0, 0.0, 0.0, 0.0, 0.0, 0.0, 0.0, 0.0, 0.0, 0.0, 0.0, 0.0, 0.0, 0.0, 0.0, 0.0, 0.0, 0.0, 3.1415927410125732, 3.1415927410125732, 3.1415927410125732, 3.1415927410125732, 3.1415927410125732, 3.1415927410125732, 3.1415927410125732, 3.1415927410125732, 0.0, 0.0, 0.0, 0.0, 0.0, 0.0, 0.0, 0.0, 0.0, 0.0, 0.0, 0.0, 0.0, 0.0, 0.0, 0.0, 0.0, 0.0, 0.0, 0.0, 0.0, 0.0, 0.0, 0.0, 3.1415927410125732, 3.1415927410125732, 3.1415927410125732, 3.1415927410125732, 3.1415927410125732, 3.1415927410125732, 3.1415927410125732, 3.1415927410125732, 0.0, 0.0, 0.0, 0.0, 0.0, 0.0, 0.0, 0.0, 0.0, 0.0, 0.0, 0.0, 0.0, 0.0, 0.0, 0.0, 0.0, 0.0, 0.0, 0.0, 0.0, 0.0, 0.0, 0.0, 3.1415927410125732, 3.1415927410125732, 3.1415927410125732, 3.1415927410125732, 3.1415927410125732, 3.1415927410125732, 3.1415927410125732, 3.1415927410125732, 0.0, 0.0, 0.0, 0.0, 0.0, 0.0, 0.0, 0.0, 0.0, 0.0, 0.0, 0.0, 0.0, 0.0, 0.0, 0.0, 0.0, 0.0, 0.0, 0.0, 0.0, 0.0, 0.0, 0.0, 3.1415927410125732, 3.1415927410125732, 3.1415927410125732, 3.1415927410125732, 3.1415927410125732, 3.1415927410125732, 3.1415927410125732, 3.1415927410125732, 0.0, 0.0, 0.0, 0.0, 0.0, 0.0, 0.0, 0.0, 0.0, 0.0, 0.0, 0.0, 0.0, 0.0, 0.0, 0.0, 0.0, 0.0, 0.0, 0.0, 0.0, 0.0, 0.0, 0.0, 3.1415927410125732, 3.1415927410125732, 3.1415927410125732, 3.1415927410125732, 3.1415927410125732, 3.1415927410125732, 3.1415927410125732, 3.1415927410125732, 0.0, 0.0, 0.0, 0.0, 0.0, 0.0, 0.0, 0.0, 0.0, 0.0, 0.0, 0.0, 0.0, 0.0, 0.0, 0.0]"
0.6088365,0.15223686,0.15219523,0.15220979,0.15219462,0.15220913,-9.53539467,-9.53664207,-9.53620815,-9.53666496,"[3.1415927410125732, 3.1415927410125732, 3.1415927410125732, 3.1415927410125732, 3.1415927410125732, 3.1415927410125732, 3.1415927410125732, 3.1415927410125732, 3.1415927410125732, 3.1415927410125732, 3.1415927410125732, 3.1415927410125732, 3.1415927410125732, 3.1415927410125732, 3.1415927410125732, 3.1415927410125732, 3.1415927410125732, 3.1415927410125732, 3.1415927410125732, 3.1415927410125732, 3.1415927410125732, 3.1415927410125732, 3.1415927410125732, 3.1415927410125732, 3.1415927410125732, 3.1415927410125732, 3.1415927410125732, 3.1415927410125732, 3.1415927410125732, 3.1415927410125732, 3.1415927410125732, 3.1415927410125732, 3.1415927410125732, 3.1415927410125732, 3.1415927410125732, 3.1415927410125732, 3.1415927410125732, 3.1415927410125732, 3.1415927410125732, 3.1415927410125732, 3.1415927410125732, 3.1415927410125732, 3.1415927410125732, 3.1415927410125732, 3.1415927410125732, 3.1415927410125732, 3.1415927410125732, 3.1415927410125732, 3.1415927410125732, 3.1415927410125732, 3.1415927410125732, 3.1415927410125732, 3.1415927410125732, 3.1415927410125732, 3.1415927410125732, 3.1415927410125732, 3.1415927410125732, 3.1415927410125732, 3.1415927410125732, 3.1415927410125732, 3.1415927410125732, 3.1415927410125732, 3.1415927410125732, 3.1415927410125732, 3.1415927410125732, 3.1415927410125732, 3.1415927410125732, 3.1415927410125732, 3.1415927410125732, 3.1415927410125732, 3.1415927410125732, 3.1415927410125732, 3.1415927410125732, 3.1415927410125732, 3.1415927410125732, 3.1415927410125732, 3.1415927410125732, 3.1415927410125732, 3.1415927410125732, 3.1415927410125732, 3.1415927410125732, 3.1415927410125732, 3.1415927410125732, 3.1415927410125732, 3.1415927410125732, 3.1415927410125732, 3.1415927410125732, 3.1415927410125732, 3.1415927410125732, 3.1415927410125732, 3.1415927410125732, 3.1415927410125732, 3.1415927410125732, 3.1415927410125732, 3.1415927410125732, 3.1415927410125732, 3.1415927410125732, 3.1415927410125732, 3.1415927410125732, 3.1415927410125732, 3.1415927410125732, 3.1415927410125732, 3.1415927410125732, 3.1415927410125732, 3.1415927410125732, 3.1415927410125732, 3.1415927410125732, 3.1415927410125732, 3.1415927410125732, 3.1415927410125732, 3.1415927410125732, 3.1415927410125732, 3.1415927410125732, 3.1415927410125732, 3.1415927410125732, 3.1415927410125732, 3.1415927410125732, 3.1415927410125732, 3.1415927410125732, 3.1415927410125732, 3.1415927410125732, 3.1415927410125732, 3.1415927410125732, 3.1415927410125732, 3.1415927410125732, 3.1415927410125732, 3.1415927410125732, 3.1415927410125732, 3.1415927410125732, 3.1415927410125732, 3.1415927410125732, 3.1415927410125732, 3.1415927410125732, 3.1415927410125732, 3.1415927410125732, 3.1415927410125732, 3.1415927410125732, 3.1415927410125732, 3.1415927410125732, 3.1415927410125732, 3.1415927410125732, 3.1415927410125732, 3.1415927410125732, 3.1415927410125732, 3.1415927410125732, 3.1415927410125732, 3.1415927410125732, 3.1415927410125732, 3.1415927410125732, 3.1415927410125732, 3.1415927410125732, 3.1415927410125732, 3.1415927410125732, 3.1415927410125732, 3.1415927410125732, 3.1415927410125732, 3.1415927410125732, 3.1415927410125732, 3.1415927410125732, 3.1415927410125732, 3.1415927410125732, 3.1415927410125732, 3.1415927410125732, 3.1415927410125732, 3.1415927410125732, 3.1415927410125732, 3.1415927410125732, 3.1415927410125732, 3.1415927410125732, 3.1415927410125732, 3.1415927410125732, 3.1415927410125732, 3.1415927410125732, 3.1415927410125732, 3.1415927410125732, 3.1415927410125732, 3.1415927410125732, 3.1415927410125732, 3.1415927410125732, 3.1415927410125732, 3.1415927410125732, 3.1415927410125732, 3.1415927410125732, 3.1415927410125732, 3.1415927410125732, 3.1415927410125732, 3.1415927410125732, 3.1415927410125732, 3.1415927410125732, 3.1415927410125732, 3.1415927410125732, 3.1415927410125732, 3.1415927410125732, 3.1415927410125732, 3.1415927410125732, 3.1415927410125732, 3.1415927410125732, 3.1415927410125732, 3.1415927410125732, 3.1415927410125732, 3.1415927410125732, 3.1415927410125732, 3.1415927410125732, 3.1415927410125732, 3.1415927410125732, 3.1415927410125732, 3.1415927410125732, 3.1415927410125732, 3.1415927410125732, 3.1415927410125732, 3.1415927410125732, 3.1415927410125732, 3.1415927410125732, 3.1415927410125732, 3.1415927410125732, 3.1415927410125732, 3.1415927410125732, 3.1415927410125732, 3.1415927410125732, 3.1415927410125732, 3.1415927410125732, 3.1415927410125732, 3.1415927410125732, 3.1415927410125732, 3.1415927410125732, 3.1415927410125732, 3.1415927410125732, 3.1415927410125732, 3.1415927410125732, 3.1415927410125732, 3.1415927410125732, 3.1415927410125732, 3.1415927410125732, 3.1415927410125732, 3.1415927410125732, 3.1415927410125732, 3.1415927410125732, 3.1415927410125732, 3.1415927410125732, 3.1415927410125732, 3.1415927410125732, 3.1415927410125732, 3.1415927410125732, 3.1415927410125732, 3.1415927410125732, 3.1415927410125732, 3.1415927410125732, 3.1415927410125732, 3.1415927410125732, 3.1415927410125732, 3.1415927410125732, 3.1415927410125732, 3.1415927410125732, 3.1415927410125732, 3.1415927410125732, 3.1415927410125732, 0.0, 0.0, 0.0, 0.0, 0.0, 0.0, 0.0, 0.0, 0.0, 0.0, 0.0, 0.0, 0.0, 0.0, 0.0, 0.0, 3.1415927410125732, 3.1415927410125732, 3.1415927410125732, 3.1415927410125732, 3.1415927410125732, 3.1415927410125732, 3.1415927410125732, 3.1415927410125732, 3.1415927410125732, 3.1415927410125732, 3.1415927410125732, 3.1415927410125732, 3.1415927410125732, 3.1415927410125732, 3.1415927410125732, 3.1415927410125732, 0.0, 0.0, 0.0, 0.0, 0.0, 0.0, 0.0, 0.0, 0.0, 0.0, 0.0, 0.0, 0.0, 0.0, 0.0, 0.0, 3.1415927410125732, 3.1415927410125732, 3.1415927410125732, 3.1415927410125732, 3.1415927410125732, 3.1415927410125732, 3.1415927410125732, 3.1415927410125732, 3.1415927410125732, 3.1415927410125732, 3.1415927410125732, 3.1415927410125732, 3.1415927410125732, 3.1415927410125732, 3.1415927410125732, 3.1415927410125732, 0.0, 0.0, 0.0, 0.0, 0.0, 0.0, 0.0, 0.0, 0.0, 0.0, 0.0, 0.0, 0.0, 0.0, 0.0, 0.0, 3.1415927410125732, 3.1415927410125732, 3.1415927410125732, 3.1415927410125732, 3.1415927410125732, 3.1415927410125732, 3.1415927410125732, 3.1415927410125732, 3.1415927410125732, 3.1415927410125732, 3.1415927410125732, 3.1415927410125732, 3.1415927410125732, 3.1415927410125732, 3.1415927410125732, 3.1415927410125732, 0.0, 0.0, 0.0, 0.0, 0.0, 0.0, 0.0, 0.0, 0.0, 0.0, 0.0, 0.0, 0.0, 0.0, 0.0, 0.0, 3.1415927410125732, 3.1415927410125732, 3.1415927410125732, 3.1415927410125732, 3.1415927410125732, 3.1415927410125732, 3.1415927410125732, 3.1415927410125732, 3.1415927410125732, 3.1415927410125732, 3.1415927410125732, 3.1415927410125732, 3.1415927410125732, 3.1415927410125732, 3.1415927410125732, 3.1415927410125732, 0.0, 0.0, 0.0, 0.0, 0.0, 0.0, 0.0, 0.0, 0.0, 0.0, 0.0, 0.0, 0.0, 0.0, 0.0, 0.0, 3.1415927410125732, 3.1415927410125732, 3.1415927410125732, 3.1415927410125732, 3.1415927410125732, 3.1415927410125732, 3.1415927410125732, 3.1415927410125732, 3.1415927410125732, 3.1415927410125732, 3.1415927410125732, 3.1415927410125732, 3.1415927410125732, 3.1415927410125732, 3.1415927410125732, 3.1415927410125732, 0.0, 0.0, 0.0, 0.0, 0.0, 0.0, 0.0, 0.0, 0.0, 0.0, 0.0, 0.0, 0.0, 0.0, 0.0, 0.0, 3.1415927410125732, 3.1415927410125732, 3.1415927410125732, 3.1415927410125732, 3.1415927410125732, 3.1415927410125732, 3.1415927410125732, 3.1415927410125732, 3.1415927410125732, 3.1415927410125732, 3.1415927410125732, 3.1415927410125732, 3.1415927410125732, 3.1415927410125732, 3.1415927410125732, 3.1415927410125732, 0.0, 0.0, 0.0, 0.0, 0.0, 0.0, 0.0, 0.0, 0.0, 0.0, 0.0, 0.0, 0.0, 0.0, 0.0, 0.0, 3.1415927410125732, 3.1415927410125732, 3.1415927410125732, 3.1415927410125732, 3.1415927410125732, 3.1415927410125732, 3.1415927410125732, 3.1415927410125732, 3.1415927410125732, 3.1415927410125732, 3.1415927410125732, 3.1415927410125732, 3.1415927410125732, 3.1415927410125732, 3.1415927410125732, 3.1415927410125732, 0.0, 0.0, 0.0, 0.0, 0.0, 0.0, 0.0, 0.0, 0.0, 0.0, 0.0, 0.0, 0.0, 0.0, 0.0, 0.0, 3.1415927410125732, 3.1415927410125732, 3.1415927410125732, 3.1415927410125732, 3.1415927410125732, 3.1415927410125732, 3.1415927410125732, 3.1415927410125732, 3.1415927410125732, 3.1415927410125732, 3.1415927410125732, 3.1415927410125732, 3.1415927410125732, 3.1415927410125732, 3.1415927410125732, 3.1415927410125732, 0.0, 0.0, 0.0, 0.0, 0.0, 0.0, 0.0, 0.0, 0.0, 0.0, 0.0, 0.0, 0.0, 0.0, 0.0, 0.0, 0.0, 0.0, 0.0, 0.0, 0.0, 0.0, 0.0, 0.0, 0.0, 0.0, 0.0, 0.0, 0.0, 0.0, 0.0, 0.0, 0.0, 0.0, 0.0, 0.0, 0.0, 0.0, 0.0, 0.0, 0.0, 0.0, 0.0, 0.0, 0.0, 0.0, 0.0, 0.0, 0.0, 0.0, 0.0, 0.0, 0.0, 0.0, 0.0, 0.0, 0.0, 0.0, 0.0, 0.0, 0.0, 0.0, 0.0, 0.0, 0.0, 0.0, 0.0, 0.0, 0.0, 0.0, 0.0, 0.0, 0.0, 0.0, 0.0, 0.0, 0.0, 0.0, 0.0, 0.0, 0.0, 0.0, 0.0, 0.0, 0.0, 0.0, 0.0, 0.0, 0.0, 0.0, 0.0, 0.0, 0.0, 0.0, 0.0, 0.0, 0.0, 0.0, 0.0, 0.0, 0.0, 0.0, 0.0, 0.0, 0.0, 0.0, 0.0, 0.0, 0.0, 0.0, 0.0, 0.0, 0.0, 0.0, 0.0, 0.0, 0.0, 0.0, 0.0, 0.0, 0.0, 0.0, 0.0, 0.0, 0.0, 0.0, 0.0, 0.0, 0.0, 0.0, 0.0, 0.0, 0.0, 0.0, 0.0, 0.0, 0.0, 0.0, 0.0, 0.0, 0.0, 0.0, 0.0, 0.0, 0.0, 0.0, 0.0, 0.0, 0.0, 0.0, 0.0, 0.0, 0.0, 0.0, 0.0, 0.0, 0.0, 0.0, 0.0, 0.0, 0.0, 0.0, 0.0, 0.0, 0.0, 0.0, 0.0, 0.0, 0.0, 0.0, 0.0, 0.0, 0.0, 0.0, 0.0, 0.0, 0.0, 0.0, 0.0, 0.0, 0.0, 0.0, 0.0, 0.0, 0.0, 0.0, 0.0, 0.0, 0.0, 0.0, 0.0, 0.0, 0.0, 0.0, 0.0, 0.0, 0.0, 0.0, 0.0, 0.0, 0.0, 0.0, 0.0, 0.0, 0.0, 0.0, 0.0, 0.0, 0.0, 0.0, 0.0, 0.0, 0.0, 0.0, 0.0, 0.0, 0.0, 0.0, 0.0, 0.0, 0.0, 0.0, 0.0, 0.0, 0.0, 0.0, 0.0, 0.0, 0.0, 0.0, 0.0, 0.0, 0.0, 0.0, 0.0, 0.0, 0.0, 0.0, 0.0, 0.0, 0.0, 0.0, 0.0, 0.0, 0.0, 0.0, 0.0, 0.0, 0.0, 0.0, 0.0, 0.0, 0.0, 0.0, 0.0, 0.0, 0.0, 0.0, 0.0, 0.0, 0.0, 0.0, 0.0, 0.0, 3.1415927410125732, 3.1415927410125732, 3.1415927410125732, 3.1415927410125732, 3.1415927410125732, 3.1415927410125732, 3.1415927410125732, 3.1415927410125732, 0.0, 0.0, 0.0, 0.0, 0.0, 0.0, 0.0, 0.0, 0.0, 0.0, 0.0, 0.0, 0.0, 0.0, 0.0, 0.0, 0.0, 0.0, 0.0, 0.0, 0.0, 0.0, 0.0, 0.0, 3.1415927410125732, 3.1415927410125732, 3.1415927410125732, 3.1415927410125732, 3.1415927410125732, 3.1415927410125732, 3.1415927410125732, 3.1415927410125732, 0.0, 0.0, 0.0, 0.0, 0.0, 0.0, 0.0, 0.0, 0.0, 0.0, 0.0, 0.0, 0.0, 0.0, 0.0, 0.0, 0.0, 0.0, 0.0, 0.0, 0.0, 0.0, 0.0, 0.0, 3.1415927410125732, 3.1415927410125732, 3.1415927410125732, 3.1415927410125732, 3.1415927410125732, 3.1415927410125732, 3.1415927410125732, 3.1415927410125732, 0.0, 0.0, 0.0, 0.0, 0.0, 0.0, 0.0, 0.0, 0.0, 0.0, 0.0, 0.0, 0.0, 0.0, 0.0, 0.0, 0.0, 0.0, 0.0, 0.0, 0.0, 0.0, 0.0, 0.0, 3.1415927410125732, 3.1415927410125732, 3.1415927410125732, 3.1415927410125732, 3.1415927410125732, 3.1415927410125732, 3.1415927410125732, 3.1415927410125732, 0.0, 0.0, 0.0, 0.0, 0.0, 0.0, 0.0, 0.0, 0.0, 0.0, 0.0, 0.0, 0.0, 0.0, 0.0, 0.0, 0.0, 0.0, 0.0, 0.0, 0.0, 0.0, 0.0, 0.0, 3.1415927410125732, 3.1415927410125732, 3.1415927410125732, 3.1415927410125732, 3.1415927410125732, 3.1415927410125732, 3.1415927410125732, 3.1415927410125732, 0.0, 0.0, 0.0, 0.0, 0.0, 0.0, 0.0, 0.0, 0.0, 0.0, 0.0, 0.0, 0.0, 0.0, 0.0, 0.0, 0.0, 0.0, 0.0, 0.0, 0.0, 0.0, 0.0, 0.0, 3.1415927410125732, 3.1415927410125732, 3.1415927410125732, 3.1415927410125732, 3.1415927410125732, 3.1415927410125732, 3.1415927410125732, 3.1415927410125732, 0.0, 0.0, 0.0, 0.0, 0.0, 0.0, 0.0, 0.0, 0.0, 0.0, 0.0, 0.0, 0.0, 0.0, 0.0, 0.0, 0.0, 0.0, 0.0, 0.0, 0.0, 0.0, 0.0, 0.0, 3.1415927410125732, 3.1415927410125732, 3.1415927410125732, 3.1415927410125732, 3.1415927410125732, 3.1415927410125732, 3.1415927410125732, 3.1415927410125732, 0.0, 0.0, 0.0, 0.0, 0.0, 0.0, 0.0, 0.0, 0.0, 0.0, 0.0, 0.0, 0.0, 0.0, 0.0, 0.0, 0.0, 0.0, 0.0, 0.0, 0.0, 0.0, 0.0, 0.0, 3.1415927410125732, 3.1415927410125732, 3.1415927410125732, 3.1415927410125732, 3.1415927410125732, 3.1415927410125732, 3.1415927410125732, 3.1415927410125732, 0.0, 0.0, 0.0, 0.0, 0.0, 0.0, 0.0, 0.0, 0.0, 0.0, 0.0, 0.0, 0.0, 0.0, 0.0, 0.0]"
0.6088365,0.15223686,0.15219523,0.15220979,0.15219462,0.15220913,-9.53539467,-9.53664207,-9.53620815,-9.53666496,"[3.1415927410125732, 3.1415927410125732, 3.1415927410125732, 3.1415927410125732, 3.1415927410125732, 3.1415927410125732, 3.1415927410125732, 3.1415927410125732, 3.1415927410125732, 3.1415927410125732, 3.1415927410125732, 3.1415927410125732, 3.1415927410125732, 3.1415927410125732, 3.1415927410125732, 3.1415927410125732, 3.1415927410125732, 3.1415927410125732, 3.1415927410125732, 3.1415927410125732, 3.1415927410125732, 3.1415927410125732, 3.1415927410125732, 3.1415927410125732, 3.1415927410125732, 3.1415927410125732, 3.1415927410125732, 3.1415927410125732, 3.1415927410125732, 3.1415927410125732, 3.1415927410125732, 3.1415927410125732, 3.1415927410125732, 3.1415927410125732, 3.1415927410125732, 3.1415927410125732, 3.1415927410125732, 3.1415927410125732, 3.1415927410125732, 3.1415927410125732, 3.1415927410125732, 3.1415927410125732, 3.1415927410125732, 3.1415927410125732, 3.1415927410125732, 3.1415927410125732, 3.1415927410125732, 3.1415927410125732, 3.1415927410125732, 3.1415927410125732, 3.1415927410125732, 3.1415927410125732, 3.1415927410125732, 3.1415927410125732, 3.1415927410125732, 3.1415927410125732, 3.1415927410125732, 3.1415927410125732, 3.1415927410125732, 3.1415927410125732, 3.1415927410125732, 3.1415927410125732, 3.1415927410125732, 3.1415927410125732, 3.1415927410125732, 3.1415927410125732, 3.1415927410125732, 3.1415927410125732, 3.1415927410125732, 3.1415927410125732, 3.1415927410125732, 3.1415927410125732, 3.1415927410125732, 3.1415927410125732, 3.1415927410125732, 3.1415927410125732, 3.1415927410125732, 3.1415927410125732, 3.1415927410125732, 3.1415927410125732, 3.1415927410125732, 3.1415927410125732, 3.1415927410125732, 3.1415927410125732, 3.1415927410125732, 3.1415927410125732, 3.1415927410125732, 3.1415927410125732, 3.1415927410125732, 3.1415927410125732, 3.1415927410125732, 3.1415927410125732, 3.1415927410125732, 3.1415927410125732, 3.1415927410125732, 3.1415927410125732, 3.1415927410125732, 3.1415927410125732, 3.1415927410125732, 3.1415927410125732, 3.1415927410125732, 3.1415927410125732, 3.1415927410125732, 3.1415927410125732, 3.1415927410125732, 3.1415927410125732, 3.1415927410125732, 3.1415927410125732, 3.1415927410125732, 3.1415927410125732, 3.1415927410125732, 3.1415927410125732, 3.1415927410125732, 3.1415927410125732, 3.1415927410125732, 3.1415927410125732, 3.1415927410125732, 3.1415927410125732, 3.1415927410125732, 3.1415927410125732, 3.1415927410125732, 3.1415927410125732, 3.1415927410125732, 3.1415927410125732, 3.1415927410125732, 3.1415927410125732, 3.1415927410125732, 3.1415927410125732, 3.1415927410125732, 3.1415927410125732, 3.1415927410125732, 3.1415927410125732, 3.1415927410125732, 3.1415927410125732, 3.1415927410125732, 3.1415927410125732, 3.1415927410125732, 3.1415927410125732, 3.1415927410125732, 3.1415927410125732, 3.1415927410125732, 3.1415927410125732, 3.1415927410125732, 3.1415927410125732, 3.1415927410125732, 3.1415927410125732, 3.1415927410125732, 3.1415927410125732, 3.1415927410125732, 3.1415927410125732, 3.1415927410125732, 3.1415927410125732, 3.1415927410125732, 3.1415927410125732, 3.1415927410125732, 3.1415927410125732, 3.1415927410125732, 3.1415927410125732, 3.1415927410125732, 3.1415927410125732, 3.1415927410125732, 3.1415927410125732, 3.1415927410125732, 3.1415927410125732, 3.1415927410125732, 3.1415927410125732, 3.1415927410125732, 3.1415927410125732, 3.1415927410125732, 3.1415927410125732, 3.1415927410125732, 3.1415927410125732, 3.1415927410125732, 3.1415927410125732, 3.1415927410125732, 3.1415927410125732, 3.1415927410125732, 3.1415927410125732, 3.1415927410125732, 3.1415927410125732, 3.1415927410125732, 3.1415927410125732, 3.1415927410125732, 3.1415927410125732, 3.1415927410125732, 3.1415927410125732, 3.1415927410125732, 3.1415927410125732, 3.1415927410125732, 3.1415927410125732, 3.1415927410125732, 3.1415927410125732, 3.1415927410125732, 3.1415927410125732, 3.1415927410125732, 3.1415927410125732, 3.1415927410125732, 3.1415927410125732, 3.1415927410125732, 3.1415927410125732, 3.1415927410125732, 3.1415927410125732, 3.1415927410125732, 3.1415927410125732, 3.1415927410125732, 3.1415927410125732, 3.1415927410125732, 3.1415927410125732, 3.1415927410125732, 3.1415927410125732, 3.1415927410125732, 3.1415927410125732, 3.1415927410125732, 3.1415927410125732, 3.1415927410125732, 3.1415927410125732, 3.1415927410125732, 3.1415927410125732, 3.1415927410125732, 3.1415927410125732, 3.1415927410125732, 3.1415927410125732, 3.1415927410125732, 3.1415927410125732, 3.1415927410125732, 3.1415927410125732, 3.1415927410125732, 3.1415927410125732, 3.1415927410125732, 3.1415927410125732, 3.1415927410125732, 3.1415927410125732, 3.1415927410125732, 3.1415927410125732, 3.1415927410125732, 3.1415927410125732, 3.1415927410125732, 3.1415927410125732, 3.1415927410125732, 3.1415927410125732, 3.1415927410125732, 3.1415927410125732, 3.1415927410125732, 3.1415927410125732, 3.1415927410125732, 3.1415927410125732, 3.1415927410125732, 3.1415927410125732, 3.1415927410125732, 3.1415927410125732, 3.1415927410125732, 3.1415927410125732, 3.1415927410125732, 3.1415927410125732, 3.1415927410125732, 3.1415927410125732, 0.0, 0.0, 0.0, 0.0, 0.0, 0.0, 0.0, 0.0, 0.0, 0.0, 0.0, 0.0, 0.0, 0.0, 0.0, 0.0, 3.1415927410125732, 3.1415927410125732, 3.1415927410125732, 3.1415927410125732, 3.1415927410125732, 3.1415927410125732, 3.1415927410125732, 3.1415927410125732, 3.1415927410125732, 3.1415927410125732, 3.1415927410125732, 3.1415927410125732, 3.1415927410125732, 3.1415927410125732, 3.1415927410125732, 3.1415927410125732, 0.0, 0.0, 0.0, 0.0, 0.0, 0.0, 0.0, 0.0, 0.0, 0.0, 0.0, 0.0, 0.0, 0.0, 0.0, 0.0, 3.1415927410125732, 3.1415927410125732, 3.1415927410125732, 3.1415927410125732, 3.1415927410125732, 3.1415927410125732, 3.1415927410125732, 3.1415927410125732, 3.1415927410125732, 3.1415927410125732, 3.1415927410125732, 3.1415927410125732, 3.1415927410125732, 3.1415927410125732, 3.1415927410125732, 3.1415927410125732, 0.0, 0.0, 0.0, 0.0, 0.0, 0.0, 0.0, 0.0, 0.0, 0.0, 0.0, 0.0, 0.0, 0.0, 0.0, 0.0, 3.1415927410125732, 3.1415927410125732, 3.1415927410125732, 3.1415927410125732, 3.1415927410125732, 3.1415927410125732, 3.1415927410125732, 3.1415927410125732, 3.1415927410125732, 3.1415927410125732, 3.1415927410125732, 3.1415927410125732, 3.1415927410125732, 3.1415927410125732, 3.1415927410125732, 3.1415927410125732, 0.0, 0.0, 0.0, 0.0, 0.0, 0.0, 0.0, 0.0, 0.0, 0.0, 0.0, 0.0, 0.0, 0.0, 0.0, 0.0, 3.1415927410125732, 3.1415927410125732, 3.1415927410125732, 3.1415927410125732, 3.1415927410125732, 3.1415927410125732, 3.1415927410125732, 3.1415927410125732, 3.1415927410125732, 3.1415927410125732, 3.1415927410125732, 3.1415927410125732, 3.1415927410125732, 3.1415927410125732, 3.1415927410125732, 3.1415927410125732, 0.0, 0.0, 0.0, 0.0, 0.0, 0.0, 0.0, 0.0, 0.0, 0.0, 0.0, 0.0, 0.0, 0.0, 0.0, 0.0, 3.1415927410125732, 3.1415927410125732, 3.1415927410125732, 3.1415927410125732, 3.1415927410125732, 3.1415927410125732, 3.1415927410125732, 3.1415927410125732, 3.1415927410125732, 3.1415927410125732, 3.1415927410125732, 3.1415927410125732, 3.1415927410125732, 3.1415927410125732, 3.1415927410125732, 3.1415927410125732, 0.0, 0.0, 0.0, 0.0, 0.0, 0.0, 0.0, 0.0, 0.0, 0.0, 0.0, 0.0, 0.0, 0.0, 0.0, 0.0, 3.1415927410125732, 3.1415927410125732, 3.1415927410125732, 3.1415927410125732, 3.1415927410125732, 3.1415927410125732, 3.1415927410125732, 3.1415927410125732, 3.1415927410125732, 3.1415927410125732, 3.1415927410125732, 3.1415927410125732, 3.1415927410125732, 3.1415927410125732, 3.1415927410125732, 3.1415927410125732, 0.0, 0.0, 0.0, 0.0, 0.0, 0.0, 0.0, 0.0, 0.0, 0.0, 0.0, 0.0, 0.0, 0.0, 0.0, 0.0, 3.1415927410125732, 3.1415927410125732, 3.1415927410125732, 3.1415927410125732, 3.1415927410125732, 3.1415927410125732, 3.1415927410125732, 3.1415927410125732, 3.1415927410125732, 3.1415927410125732, 3.1415927410125732, 3.1415927410125732, 3.1415927410125732, 3.1415927410125732, 3.1415927410125732, 3.1415927410125732, 0.0, 0.0, 0.0, 0.0, 0.0, 0.0, 0.0, 0.0, 0.0, 0.0, 0.0, 0.0, 0.0, 0.0, 0.0, 0.0, 3.1415927410125732, 3.1415927410125732, 3.1415927410125732, 3.1415927410125732, 3.1415927410125732, 3.1415927410125732, 3.1415927410125732, 3.1415927410125732, 3.1415927410125732, 3.1415927410125732, 3.1415927410125732, 3.1415927410125732, 3.1415927410125732, 3.1415927410125732, 3.1415927410125732, 3.1415927410125732, 0.0, 0.0, 0.0, 0.0, 0.0, 0.0, 0.0, 0.0, 0.0, 0.0, 0.0, 0.0, 0.0, 0.0, 0.0, 0.0, 0.0, 0.0, 0.0, 0.0, 0.0, 0.0, 0.0, 0.0, 0.0, 0.0, 0.0, 0.0, 0.0, 0.0, 0.0, 0.0, 0.0, 0.0, 0.0, 0.0, 0.0, 0.0, 0.0, 0.0, 0.0, 0.0, 0.0, 0.0, 0.0, 0.0, 0.0, 0.0, 0.0, 0.0, 0.0, 0.0, 0.0, 0.0, 0.0, 0.0, 0.0, 0.0, 0.0, 0.0, 0.0, 0.0, 0.0, 0.0, 0.0, 0.0, 0.0, 0.0, 0.0, 0.0, 0.0, 0.0, 0.0, 0.0, 0.0, 0.0, 0.0, 0.0, 0.0, 0.0, 0.0, 0.0, 0.0, 0.0, 0.0, 0.0, 0.0, 0.0, 0.0, 0.0, 0.0, 0.0, 0.0, 0.0, 0.0, 0.0, 0.0, 0.0, 0.0, 0.0, 0.0, 0.0, 0.0, 0.0, 0.0, 0.0, 0.0, 0.0, 0.0, 0.0, 0.0, 0.0, 0.0, 0.0, 0.0, 0.0, 0.0, 0.0, 0.0, 0.0, 0.0, 0.0, 0.0, 0.0, 0.0, 0.0, 0.0, 0.0, 0.0, 0.0, 0.0, 0.0, 0.0, 0.0, 0.0, 0.0, 0.0, 0.0, 0.0, 0.0, 0.0, 0.0, 0.0, 0.0, 0.0, 0.0, 0.0, 0.0, 0.0, 0.0, 0.0, 0.0, 0.0, 0.0, 0.0, 0.0, 0.0, 0.0, 0.0, 0.0, 0.0, 0.0, 0.0, 0.0, 0.0, 0.0, 0.0, 0.0, 0.0, 0.0, 0.0, 0.0, 0.0, 0.0, 0.0, 0.0, 0.0, 0.0, 0.0, 0.0, 0.0, 0.0, 0.0, 0.0, 0.0, 0.0, 0.0, 0.0, 0.0, 0.0, 0.0, 0.0, 0.0, 0.0, 0.0, 0.0, 0.0, 0.0, 0.0, 0.0, 0.0, 0.0, 0.0, 0.0, 0.0, 0.0, 0.0, 0.0, 0.0, 0.0, 0.0, 0.0, 0.0, 0.0, 0.0, 0.0, 0.0, 0.0, 0.0, 0.0, 0.0, 0.0, 0.0, 0.0, 0.0, 0.0, 0.0, 0.0, 0.0, 0.0, 0.0, 0.0, 0.0, 0.0, 0.0, 0.0, 0.0, 0.0, 0.0, 0.0, 0.0, 0.0, 0.0, 0.0, 0.0, 0.0, 0.0, 0.0, 0.0, 0.0, 0.0, 0.0, 0.0, 0.0, 0.0, 0.0, 0.0, 0.0, 0.0, 0.0, 0.0, 0.0, 0.0, 0.0, 3.1415927410125732, 3.1415927410125732, 3.1415927410125732, 3.1415927410125732, 3.1415927410125732, 3.1415927410125732, 3.1415927410125732, 3.1415927410125732, 0.0, 0.0, 0.0, 0.0, 0.0, 0.0, 0.0, 0.0, 0.0, 0.0, 0.0, 0.0, 0.0, 0.0, 0.0, 0.0, 0.0, 0.0, 0.0, 0.0, 0.0, 0.0, 0.0, 0.0, 3.1415927410125732, 3.1415927410125732, 3.1415927410125732, 3.1415927410125732, 3.1415927410125732, 3.1415927410125732, 3.1415927410125732, 3.1415927410125732, 0.0, 0.0, 0.0, 0.0, 0.0, 0.0, 0.0, 0.0, 0.0, 0.0, 0.0, 0.0, 0.0, 0.0, 0.0, 0.0, 0.0, 0.0, 0.0, 0.0, 0.0, 0.0, 0.0, 0.0, 3.1415927410125732, 3.1415927410125732, 3.1415927410125732, 3.1415927410125732, 3.1415927410125732, 3.1415927410125732, 3.1415927410125732, 3.1415927410125732, 0.0, 0.0, 0.0, 0.0, 0.0, 0.0, 0.0, 0.0, 0.0, 0.0, 0.0, 0.0, 0.0, 0.0, 0.0, 0.0, 0.0, 0.0, 0.0, 0.0, 0.0, 0.0, 0.0, 0.0, 3.1415927410125732, 3.1415927410125732, 3.1415927410125732, 3.1415927410125732, 3.1415927410125732, 3.1415927410125732, 3.1415927410125732, 3.1415927410125732, 0.0, 0.0, 0.0, 0.0, 0.0, 0.0, 0.0, 0.0, 0.0, 0.0, 0.0, 0.0, 0.0, 0.0, 0.0, 0.0, 0.0, 0.0, 0.0, 0.0, 0.0, 0.0, 0.0, 0.0, 3.1415927410125732, 3.1415927410125732, 3.1415927410125732, 3.1415927410125732, 3.1415927410125732, 3.1415927410125732, 3.1415927410125732, 3.1415927410125732, 0.0, 0.0, 0.0, 0.0, 0.0, 0.0, 0.0, 0.0, 0.0, 0.0, 0.0, 0.0, 0.0, 0.0, 0.0, 0.0, 0.0, 0.0, 0.0, 0.0, 0.0, 0.0, 0.0, 0.0, 3.1415927410125732, 3.1415927410125732, 3.1415927410125732, 3.1415927410125732, 3.1415927410125732, 3.1415927410125732, 3.1415927410125732, 3.1415927410125732, 0.0, 0.0, 0.0, 0.0, 0.0, 0.0, 0.0, 0.0, 0.0, 0.0, 0.0, 0.0, 0.0, 0.0, 0.0, 0.0, 0.0, 0.0, 0.0, 0.0, 0.0, 0.0, 0.0, 0.0, 3.1415927410125732, 3.1415927410125732, 3.1415927410125732, 3.1415927410125732, 3.1415927410125732, 3.1415927410125732, 3.1415927410125732, 3.1415927410125732, 0.0, 0.0, 0.0, 0.0, 0.0, 0.0, 0.0, 0.0, 0.0, 0.0, 0.0, 0.0, 0.0, 0.0, 0.0, 0.0, 0.0, 0.0, 0.0, 0.0, 0.0, 0.0, 0.0, 0.0, 3.1415927410125732, 3.1415927410125732, 3.1415927410125732, 3.1415927410125732, 3.1415927410125732, 3.1415927410125732, 3.1415927410125732, 3.1415927410125732, 0.0, 0.0, 0.0, 0.0, 0.0, 0.0, 0.0, 0.0, 0.0, 0.0, 0.0, 0.0, 0.0, 0.0, 0.0, 0.0]"
0.6088365,0.15223686,0.15219523,0.15220979,0.15219462,0.15220913,-9.53539467,-9.53664207,-9.53620815,-9.53666496,"[3.1415927410125732, 3.1415927410125732, 3.1415927410125732, 3.1415927410125732, 3.1415927410125732, 3.1415927410125732, 3.1415927410125732, 3.1415927410125732, 3.1415927410125732, 3.1415927410125732, 3.1415927410125732, 3.1415927410125732, 3.1415927410125732, 3.1415927410125732, 3.1415927410125732, 3.1415927410125732, 3.1415927410125732, 3.1415927410125732, 3.1415927410125732, 3.1415927410125732, 3.1415927410125732, 3.1415927410125732, 3.1415927410125732, 3.1415927410125732, 3.1415927410125732, 3.1415927410125732, 3.1415927410125732, 3.1415927410125732, 3.1415927410125732, 3.1415927410125732, 3.1415927410125732, 3.1415927410125732, 3.1415927410125732, 3.1415927410125732, 3.1415927410125732, 3.1415927410125732, 3.1415927410125732, 3.1415927410125732, 3.1415927410125732, 3.1415927410125732, 3.1415927410125732, 3.1415927410125732, 3.1415927410125732, 3.1415927410125732, 3.1415927410125732, 3.1415927410125732, 3.1415927410125732, 3.1415927410125732, 3.1415927410125732, 3.1415927410125732, 3.1415927410125732, 3.1415927410125732, 3.1415927410125732, 3.1415927410125732, 3.1415927410125732, 3.1415927410125732, 3.1415927410125732, 3.1415927410125732, 3.1415927410125732, 3.1415927410125732, 3.1415927410125732, 3.1415927410125732, 3.1415927410125732, 3.1415927410125732, 3.1415927410125732, 3.1415927410125732, 3.1415927410125732, 3.1415927410125732, 3.1415927410125732, 3.1415927410125732, 3.1415927410125732, 3.1415927410125732, 3.1415927410125732, 3.1415927410125732, 3.1415927410125732, 3.1415927410125732, 3.1415927410125732, 3.1415927410125732, 3.1415927410125732, 3.1415927410125732, 3.1415927410125732, 3.1415927410125732, 3.1415927410125732, 3.1415927410125732, 3.1415927410125732, 3.1415927410125732, 3.1415927410125732, 3.1415927410125732, 3.1415927410125732, 3.1415927410125732, 3.1415927410125732, 3.1415927410125732, 3.1415927410125732, 3.1415927410125732, 3.1415927410125732, 3.1415927410125732, 3.1415927410125732, 3.1415927410125732, 3.1415927410125732, 3.1415927410125732, 3.1415927410125732, 3.1415927410125732, 3.1415927410125732, 3.1415927410125732, 3.1415927410125732, 3.1415927410125732, 3.1415927410125732, 3.1415927410125732, 3.1415927410125732, 3.1415927410125732, 3.1415927410125732, 3.1415927410125732, 3.1415927410125732, 3.1415927410125732, 3.1415927410125732, 3.1415927410125732, 3.1415927410125732, 3.1415927410125732, 3.1415927410125732, 3.1415927410125732, 3.1415927410125732, 3.1415927410125732, 3.1415927410125732, 3.1415927410125732, 3.1415927410125732, 3.1415927410125732, 3.1415927410125732, 3.1415927410125732, 3.1415927410125732, 3.1415927410125732, 3.1415927410125732, 3.1415927410125732, 3.1415927410125732, 3.1415927410125732, 3.1415927410125732, 3.1415927410125732, 3.1415927410125732, 3.1415927410125732, 3.1415927410125732, 3.1415927410125732, 3.1415927410125732, 3.1415927410125732, 3.1415927410125732, 3.1415927410125732, 3.1415927410125732, 3.1415927410125732, 3.1415927410125732, 3.1415927410125732, 3.1415927410125732, 3.1415927410125732, 3.1415927410125732, 3.1415927410125732, 3.1415927410125732, 3.1415927410125732, 3.1415927410125732, 3.1415927410125732, 3.1415927410125732, 3.1415927410125732, 3.1415927410125732, 3.1415927410125732, 3.1415927410125732, 3.1415927410125732, 3.1415927410125732, 3.1415927410125732, 3.1415927410125732, 3.1415927410125732, 3.1415927410125732, 3.1415927410125732, 3.1415927410125732, 3.1415927410125732, 3.1415927410125732, 3.1415927410125732, 3.1415927410125732, 3.1415927410125732, 3.1415927410125732, 3.1415927410125732, 3.1415927410125732, 3.1415927410125732, 3.1415927410125732, 3.1415927410125732, 3.1415927410125732, 3.1415927410125732, 3.1415927410125732, 3.1415927410125732, 3.1415927410125732, 3.1415927410125732, 3.1415927410125732, 3.1415927410125732, 3.1415927410125732, 3.1415927410125732, 3.1415927410125732, 3.1415927410125732, 3.1415927410125732, 3.1415927410125732, 3.1415927410125732, 3.1415927410125732, 3.1415927410125732, 3.1415927410125732, 3.1415927410125732, 3.1415927410125732, 3.1415927410125732, 3.1415927410125732, 3.1415927410125732, 3.1415927410125732, 3.1415927410125732, 3.1415927410125732, 3.1415927410125732, 3.1415927410125732, 3.1415927410125732, 3.1415927410125732, 3.1415927410125732, 3.1415927410125732, 3.1415927410125732, 3.1415927410125732, 3.1415927410125732, 3.1415927410125732, 3.1415927410125732, 3.1415927410125732, 3.1415927410125732, 3.1415927410125732, 3.1415927410125732, 3.1415927410125732, 3.1415927410125732, 3.1415927410125732, 3.1415927410125732, 3.1415927410125732, 3.1415927410125732, 3.1415927410125732, 3.1415927410125732, 3.1415927410125732, 3.1415927410125732, 3.1415927410125732, 3.1415927410125732, 3.1415927410125732, 3.1415927410125732, 3.1415927410125732, 3.1415927410125732, 3.1415927410125732, 3.1415927410125732, 3.1415927410125732, 3.1415927410125732, 3.1415927410125732, 3.1415927410125732, 3.1415927410125732, 3.1415927410125732, 3.1415927410125732, 3.1415927410125732, 3.1415927410125732, 3.1415927410125732, 3.1415927410125732, 3.1415927410125732, 3.1415927410125732, 3.1415927410125732, 3.1415927410125732, 3.1415927410125732, 3.1415927410125732, 0.0, 0.0, 0.0, 0.0, 0.0, 0.0, 0.0, 0.0, 0.0, 0.0, 0.0, 0.0, 0.0, 0.0, 0.0, 0.0, 3.1415927410125732, 3.1415927410125732, 3.1415927410125732, 3.1415927410125732, 3.1415927410125732, 3.1415927410125732, 3.1415927410125732, 3.1415927410125732, 3.1415927410125732, 3.1415927410125732, 3.1415927410125732, 3.1415927410125732, 3.1415927410125732, 3.1415927410125732, 3.1415927410125732, 3.1415927410125732, 0.0, 0.0, 0.0, 0.0, 0.0, 0.0, 0.0, 0.0, 0.0, 0.0, 0.0, 0.0, 0.0, 0.0, 0.0, 0.0, 3.1415927410125732, 3.1415927410125732, 3.1415927410125732, 3.1415927410125732, 3.1415927410125732, 3.1415927410125732, 3.1415927410125732, 3.1415927410125732, 3.1415927410125732, 3.1415927410125732, 3.1415927410125732, 3.1415927410125732, 3.1415927410125732, 3.1415927410125732, 3.1415927410125732, 3.1415927410125732, 0.0, 0.0, 0.0, 0.0, 0.0, 0.0, 0.0, 0.0, 0.0, 0.0, 0.0, 0.0, 0.0, 0.0, 0.0, 0.0, 3.1415927410125732, 3.1415927410125732, 3.1415927410125732, 3.1415927410125732, 3.1415927410125732, 3.1415927410125732, 3.1415927410125732, 3.1415927410125732, 3.1415927410125732, 3.1415927410125732, 3.1415927410125732, 3.1415927410125732, 3.1415927410125732, 3.1415927410125732, 3.1415927410125732, 3.1415927410125732, 0.0, 0.0, 0.0, 0.0, 0.0, 0.0, 0.0, 0.0, 0.0, 0.0, 0.0, 0.0, 0.0, 0.0, 0.0, 0.0, 3.1415927410125732, 3.1415927410125732, 3.1415927410125732, 3.1415927410125732, 3.1415927410125732, 3.1415927410125732, 3.1415927410125732, 3.1415927410125732, 3.1415927410125732, 3.1415927410125732, 3.1415927410125732, 3.1415927410125732, 3.1415927410125732, 3.1415927410125732, 3.1415927410125732, 3.1415927410125732, 0.0, 0.0, 0.0, 0.0, 0.0, 0.0, 0.0, 0.0, 0.0, 0.0, 0.0, 0.0, 0.0, 0.0, 0.0, 0.0, 3.1415927410125732, 3.1415927410125732, 3.1415927410125732, 3.1415927410125732, 3.1415927410125732, 3.1415927410125732, 3.1415927410125732, 3.1415927410125732, 3.1415927410125732, 3.1415927410125732, 3.1415927410125732, 3.1415927410125732, 3.1415927410125732, 3.1415927410125732, 3.1415927410125732, 3.1415927410125732, 0.0, 0.0, 0.0, 0.0, 0.0, 0.0, 0.0, 0.0, 0.0, 0.0, 0.0, 0.0, 0.0, 0.0, 0.0, 0.0, 3.1415927410125732, 3.1415927410125732, 3.1415927410125732, 3.1415927410125732, 3.1415927410125732, 3.1415927410125732, 3.1415927410125732, 3.1415927410125732, 3.1415927410125732, 3.1415927410125732, 3.1415927410125732, 3.1415927410125732, 3.1415927410125732, 3.1415927410125732, 3.1415927410125732, 3.1415927410125732, 0.0, 0.0, 0.0, 0.0, 0.0, 0.0, 0.0, 0.0, 0.0, 0.0, 0.0, 0.0, 0.0, 0.0, 0.0, 0.0, 3.1415927410125732, 3.1415927410125732, 3.1415927410125732, 3.1415927410125732, 3.1415927410125732, 3.1415927410125732, 3.1415927410125732, 3.1415927410125732, 3.1415927410125732, 3.1415927410125732, 3.1415927410125732, 3.1415927410125732, 3.1415927410125732, 3.1415927410125732, 3.1415927410125732, 3.1415927410125732, 0.0, 0.0, 0.0, 0.0, 0.0, 0.0, 0.0, 0.0, 0.0, 0.0, 0.0, 0.0, 0.0, 0.0, 0.0, 0.0, 3.1415927410125732, 3.1415927410125732, 3.1415927410125732, 3.1415927410125732, 3.1415927410125732, 3.1415927410125732, 3.1415927410125732, 3.1415927410125732, 3.1415927410125732, 3.1415927410125732, 3.1415927410125732, 3.1415927410125732, 3.1415927410125732, 3.1415927410125732, 3.1415927410125732, 3.1415927410125732, 0.0, 0.0, 0.0, 0.0, 0.0, 0.0, 0.0, 0.0, 0.0, 0.0, 0.0, 0.0, 0.0, 0.0, 0.0, 0.0, 0.0, 0.0, 0.0, 0.0, 0.0, 0.0, 0.0, 0.0, 0.0, 0.0, 0.0, 0.0, 0.0, 0.0, 0.0, 0.0, 0.0, 0.0, 0.0, 0.0, 0.0, 0.0, 0.0, 0.0, 0.0, 0.0, 0.0, 0.0, 0.0, 0.0, 0.0, 0.0, 0.0, 0.0, 0.0, 0.0, 0.0, 0.0, 0.0, 0.0, 0.0, 0.0, 0.0, 0.0, 0.0, 0.0, 0.0, 0.0, 0.0, 0.0, 0.0, 0.0, 0.0, 0.0, 0.0, 0.0, 0.0, 0.0, 0.0, 0.0, 0.0, 0.0, 0.0, 0.0, 0.0, 0.0, 0.0, 0.0, 0.0, 0.0, 0.0, 0.0, 0.0, 0.0, 0.0, 0.0, 0.0, 0.0, 0.0, 0.0, 0.0, 0.0, 0.0, 0.0, 0.0, 0.0, 0.0, 0.0, 0.0, 0.0, 0.0, 0.0, 0.0, 0.0, 0.0, 0.0, 0.0, 0.0, 0.0, 0.0, 0.0, 0.0, 0.0, 0.0, 0.0, 0.0, 0.0, 0.0, 0.0, 0.0, 0.0, 0.0, 0.0, 0.0, 0.0, 0.0, 0.0, 0.0, 0.0, 0.0, 0.0, 0.0, 0.0, 0.0, 0.0, 0.0, 0.0, 0.0, 0.0, 0.0, 0.0, 0.0, 0.0, 0.0, 0.0, 0.0, 0.0, 0.0, 0.0, 0.0, 0.0, 0.0, 0.0, 0.0, 0.0, 0.0, 0.0, 0.0, 0.0, 0.0, 0.0, 0.0, 0.0, 0.0, 0.0, 0.0, 0.0, 0.0, 0.0, 0.0, 0.0, 0.0, 0.0, 0.0, 0.0, 0.0, 0.0, 0.0, 0.0, 0.0, 0.0, 0.0, 0.0, 0.0, 0.0, 0.0, 0.0, 0.0, 0.0, 0.0, 0.0, 0.0, 0.0, 0.0, 0.0, 0.0, 0.0, 0.0, 0.0, 0.0, 0.0, 0.0, 0.0, 0.0, 0.0, 0.0, 0.0, 0.0, 0.0, 0.0, 0.0, 0.0, 0.0, 0.0, 0.0, 0.0, 0.0, 0.0, 0.0, 0.0, 0.0, 0.0, 0.0, 0.0, 0.0, 0.0, 0.0, 0.0, 0.0, 0.0, 0.0, 0.0, 0.0, 0.0, 0.0, 0.0, 0.0, 0.0, 0.0, 0.0, 0.0, 0.0, 0.0, 0.0, 0.0, 0.0, 0.0, 0.0, 0.0, 0.0, 0.0, 0.0, 0.0, 0.0, 0.0, 0.0, 0.0, 0.0, 3.1415927410125732, 3.1415927410125732, 3.1415927410125732, 3.1415927410125732, 3.1415927410125732, 3.1415927410125732, 3.1415927410125732, 3.1415927410125732, 0.0, 0.0, 0.0, 0.0, 0.0, 0.0, 0.0, 0.0, 0.0, 0.0, 0.0, 0.0, 0.0, 0.0, 0.0, 0.0, 0.0, 0.0, 0.0, 0.0, 0.0, 0.0, 0.0, 0.0, 3.1415927410125732, 3.1415927410125732, 3.1415927410125732, 3.1415927410125732, 3.1415927410125732, 3.1415927410125732, 3.1415927410125732, 3.1415927410125732, 0.0, 0.0, 0.0, 0.0, 0.0, 0.0, 0.0, 0.0, 0.0, 0.0, 0.0, 0.0, 0.0, 0.0, 0.0, 0.0, 0.0, 0.0, 0.0, 0.0, 0.0, 0.0, 0.0, 0.0, 3.1415927410125732, 3.1415927410125732, 3.1415927410125732, 3.1415927410125732, 3.1415927410125732, 3.1415927410125732, 3.1415927410125732, 3.1415927410125732, 0.0, 0.0, 0.0, 0.0, 0.0, 0.0, 0.0, 0.0, 0.0, 0.0, 0.0, 0.0, 0.0, 0.0, 0.0, 0.0, 0.0, 0.0, 0.0, 0.0, 0.0, 0.0, 0.0, 0.0, 3.1415927410125732, 3.1415927410125732, 3.1415927410125732, 3.1415927410125732, 3.1415927410125732, 3.1415927410125732, 3.1415927410125732, 3.1415927410125732, 0.0, 0.0, 0.0, 0.0, 0.0, 0.0, 0.0, 0.0, 0.0, 0.0, 0.0, 0.0, 0.0, 0.0, 0.0, 0.0, 0.0, 0.0, 0.0, 0.0, 0.0, 0.0, 0.0, 0.0, 3.1415927410125732, 3.1415927410125732, 3.1415927410125732, 3.1415927410125732, 3.1415927410125732, 3.1415927410125732, 3.1415927410125732, 3.1415927410125732, 0.0, 0.0, 0.0, 0.0, 0.0, 0.0, 0.0, 0.0, 0.0, 0.0, 0.0, 0.0, 0.0, 0.0, 0.0, 0.0, 0.0, 0.0, 0.0, 0.0, 0.0, 0.0, 0.0, 0.0, 3.1415927410125732, 3.1415927410125732, 3.1415927410125732, 3.1415927410125732, 3.1415927410125732, 3.1415927410125732, 3.1415927410125732, 3.1415927410125732, 0.0, 0.0, 0.0, 0.0, 0.0, 0.0, 0.0, 0.0, 0.0, 0.0, 0.0, 0.0, 0.0, 0.0, 0.0, 0.0, 0.0, 0.0, 0.0, 0.0, 0.0, 0.0, 0.0, 0.0, 3.1415927410125732, 3.1415927410125732, 3.1415927410125732, 3.1415927410125732, 3.1415927410125732, 3.1415927410125732, 3.1415927410125732, 3.1415927410125732, 0.0, 0.0, 0.0, 0.0, 0.0, 0.0, 0.0, 0.0, 0.0, 0.0, 0.0, 0.0, 0.0, 0.0, 0.0, 0.0, 0.0, 0.0, 0.0, 0.0, 0.0, 0.0, 0.0, 0.0, 3.1415927410125732, 3.1415927410125732, 3.1415927410125732, 3.1415927410125732, 3.1415927410125732, 3.1415927410125732, 3.1415927410125732, 3.1415927410125732, 0.0, 0.0, 0.0, 0.0, 0.0, 0.0, 0.0, 0.0, 0.0, 0.0, 0.0, 0.0, 0.0, 0.0, 0.0, 0.0]"
0.6088365,0.15223686,0.15219523,0.15220979,0.15219462,0.15220913,-9.53539467,-9.53664207,-9.53620815,-9.53666496,"[3.1415927410125732, 3.1415927410125732, 3.1415927410125732, 3.1415927410125732, 3.1415927410125732, 3.1415927410125732, 3.1415927410125732, 3.1415927410125732, 3.1415927410125732, 3.1415927410125732, 3.1415927410125732, 3.1415927410125732, 3.1415927410125732, 3.1415927410125732, 3.1415927410125732, 3.1415927410125732, 3.1415927410125732, 3.1415927410125732, 3.1415927410125732, 3.1415927410125732, 3.1415927410125732, 3.1415927410125732, 3.1415927410125732, 3.1415927410125732, 3.1415927410125732, 3.1415927410125732, 3.1415927410125732, 3.1415927410125732, 3.1415927410125732, 3.1415927410125732, 3.1415927410125732, 3.1415927410125732, 3.1415927410125732, 3.1415927410125732, 3.1415927410125732, 3.1415927410125732, 3.1415927410125732, 3.1415927410125732, 3.1415927410125732, 3.1415927410125732, 3.1415927410125732, 3.1415927410125732, 3.1415927410125732, 3.1415927410125732, 3.1415927410125732, 3.1415927410125732, 3.1415927410125732, 3.1415927410125732, 3.1415927410125732, 3.1415927410125732, 3.1415927410125732, 3.1415927410125732, 3.1415927410125732, 3.1415927410125732, 3.1415927410125732, 3.1415927410125732, 3.1415927410125732, 3.1415927410125732, 3.1415927410125732, 3.1415927410125732, 3.1415927410125732, 3.1415927410125732, 3.1415927410125732, 3.1415927410125732, 3.1415927410125732, 3.1415927410125732, 3.1415927410125732, 3.1415927410125732, 3.1415927410125732, 3.1415927410125732, 3.1415927410125732, 3.1415927410125732, 3.1415927410125732, 3.1415927410125732, 3.1415927410125732, 3.1415927410125732, 3.1415927410125732, 3.1415927410125732, 3.1415927410125732, 3.1415927410125732, 3.1415927410125732, 3.1415927410125732, 3.1415927410125732, 3.1415927410125732, 3.1415927410125732, 3.1415927410125732, 3.1415927410125732, 3.1415927410125732, 3.1415927410125732, 3.1415927410125732, 3.1415927410125732, 3.1415927410125732, 3.1415927410125732, 3.1415927410125732, 3.1415927410125732, 3.1415927410125732, 3.1415927410125732, 3.1415927410125732, 3.1415927410125732, 3.1415927410125732, 3.1415927410125732, 3.1415927410125732, 3.1415927410125732, 3.1415927410125732, 3.1415927410125732, 3.1415927410125732, 3.1415927410125732, 3.1415927410125732, 3.1415927410125732, 3.1415927410125732, 3.1415927410125732, 3.1415927410125732, 3.1415927410125732, 3.1415927410125732, 3.1415927410125732, 3.1415927410125732, 3.1415927410125732, 3.1415927410125732, 3.1415927410125732, 3.1415927410125732, 3.1415927410125732, 3.1415927410125732, 3.1415927410125732, 3.1415927410125732, 3.1415927410125732, 3.1415927410125732, 3.1415927410125732, 3.1415927410125732, 3.1415927410125732, 3.1415927410125732, 3.1415927410125732, 3.1415927410125732, 3.1415927410125732, 3.1415927410125732, 3.1415927410125732, 3.1415927410125732, 3.1415927410125732, 3.1415927410125732, 3.1415927410125732, 3.1415927410125732, 3.1415927410125732, 3.1415927410125732, 3.1415927410125732, 3.1415927410125732, 3.1415927410125732, 3.1415927410125732, 3.1415927410125732, 3.1415927410125732, 3.1415927410125732, 3.1415927410125732, 3.1415927410125732, 3.1415927410125732, 3.1415927410125732, 3.1415927410125732, 3.1415927410125732, 3.1415927410125732, 3.1415927410125732, 3.1415927410125732, 3.1415927410125732, 3.1415927410125732, 3.1415927410125732, 3.1415927410125732, 3.1415927410125732, 3.1415927410125732, 3.1415927410125732, 3.1415927410125732, 3.1415927410125732, 3.1415927410125732, 3.1415927410125732, 3.1415927410125732, 3.1415927410125732, 3.1415927410125732, 3.1415927410125732, 3.1415927410125732, 3.1415927410125732, 3.1415927410125732, 3.1415927410125732, 3.1415927410125732, 3.1415927410125732, 3.1415927410125732, 3.1415927410125732, 3.1415927410125732, 3.1415927410125732, 3.1415927410125732, 3.1415927410125732, 3.1415927410125732, 3.1415927410125732, 3.1415927410125732, 3.1415927410125732, 3.1415927410125732, 3.1415927410125732, 3.1415927410125732, 3.1415927410125732, 3.1415927410125732, 3.1415927410125732, 3.1415927410125732, 3.1415927410125732, 3.1415927410125732, 3.1415927410125732, 3.1415927410125732, 3.1415927410125732, 3.1415927410125732, 3.1415927410125732, 3.1415927410125732, 3.1415927410125732, 3.1415927410125732, 3.1415927410125732, 3.1415927410125732, 3.1415927410125732, 3.1415927410125732, 3.1415927410125732, 3.1415927410125732, 3.1415927410125732, 3.1415927410125732, 3.1415927410125732, 3.1415927410125732, 3.1415927410125732, 3.1415927410125732, 3.1415927410125732, 3.1415927410125732, 3.1415927410125732, 3.1415927410125732, 3.1415927410125732, 3.1415927410125732, 3.1415927410125732, 3.1415927410125732, 3.1415927410125732, 3.1415927410125732, 3.1415927410125732, 3.1415927410125732, 3.1415927410125732, 3.1415927410125732, 3.1415927410125732, 3.1415927410125732, 3.1415927410125732, 3.1415927410125732, 3.1415927410125732, 3.1415927410125732, 3.1415927410125732, 3.1415927410125732, 3.1415927410125732, 3.1415927410125732, 3.1415927410125732, 3.1415927410125732, 3.1415927410125732, 3.1415927410125732, 3.1415927410125732, 3.1415927410125732, 3.1415927410125732, 3.1415927410125732, 3.1415927410125732, 3.1415927410125732, 3.1415927410125732, 3.1415927410125732, 3.1415927410125732, 3.1415927410125732, 0.0, 0.0, 0.0, 0.0, 0.0, 0.0, 0.0, 0.0, 0.0, 0.0, 0.0, 0.0, 0.0, 0.0, 0.0, 0.0, 3.1415927410125732, 3.1415927410125732, 3.1415927410125732, 3.1415927410125732, 3.1415927410125732, 3.1415927410125732, 3.1415927410125732, 3.1415927410125732, 3.1415927410125732, 3.1415927410125732, 3.1415927410125732, 3.1415927410125732, 3.1415927410125732, 3.1415927410125732, 3.1415927410125732, 3.1415927410125732, 0.0, 0.0, 0.0, 0.0, 0.0, 0.0, 0.0, 0.0, 0.0, 0.0, 0.0, 0.0, 0.0, 0.0, 0.0, 0.0, 3.1415927410125732, 3.1415927410125732, 3.1415927410125732, 3.1415927410125732, 3.1415927410125732, 3.1415927410125732, 3.1415927410125732, 3.1415927410125732, 3.1415927410125732, 3.1415927410125732, 3.1415927410125732, 3.1415927410125732, 3.1415927410125732, 3.1415927410125732, 3.1415927410125732, 3.1415927410125732, 0.0, 0.0, 0.0, 0.0, 0.0, 0.0, 0.0, 0.0, 0.0, 0.0, 0.0, 0.0, 0.0, 0.0, 0.0, 0.0, 3.1415927410125732, 3.1415927410125732, 3.1415927410125732, 3.1415927410125732, 3.1415927410125732, 3.1415927410125732, 3.1415927410125732, 3.1415927410125732, 3.1415927410125732, 3.1415927410125732, 3.1415927410125732, 3.1415927410125732, 3.1415927410125732, 3.1415927410125732, 3.1415927410125732, 3.1415927410125732, 0.0, 0.0, 0.0, 0.0, 0.0, 0.0, 0.0, 0.0, 0.0, 0.0, 0.0, 0.0, 0.0, 0.0, 0.0, 0.0, 3.1415927410125732, 3.1415927410125732, 3.1415927410125732, 3.1415927410125732, 3.1415927410125732, 3.1415927410125732, 3.1415927410125732, 3.1415927410125732, 3.1415927410125732, 3.1415927410125732, 3.1415927410125732, 3.1415927410125732, 3.1415927410125732, 3.1415927410125732, 3.1415927410125732, 3.1415927410125732, 0.0, 0.0, 0.0, 0.0, 0.0, 0.0, 0.0, 0.0, 0.0, 0.0, 0.0, 0.0, 0.0, 0.0, 0.0, 0.0, 3.1415927410125732, 3.1415927410125732, 3.1415927410125732, 3.1415927410125732, 3.1415927410125732, 3.1415927410125732, 3.1415927410125732, 3.1415927410125732, 3.1415927410125732, 3.1415927410125732, 3.1415927410125732, 3.1415927410125732, 3.1415927410125732, 3.1415927410125732, 3.1415927410125732, 3.1415927410125732, 0.0, 0.0, 0.0, 0.0, 0.0, 0.0, 0.0, 0.0, 0.0, 0.0, 0.0, 0.0, 0.0, 0.0, 0.0, 0.0, 3.1415927410125732, 3.1415927410125732, 3.1415927410125732, 3.1415927410125732, 3.1415927410125732, 3.1415927410125732, 3.1415927410125732, 3.1415927410125732, 3.1415927410125732, 3.1415927410125732, 3.1415927410125732, 3.1415927410125732, 3.1415927410125732, 3.1415927410125732, 3.1415927410125732, 3.1415927410125732, 0.0, 0.0, 0.0, 0.0, 0.0, 0.0, 0.0, 0.0, 0.0, 0.0, 0.0, 0.0, 0.0, 0.0, 0.0, 0.0, 3.1415927410125732, 3.1415927410125732, 3.1415927410125732, 3.1415927410125732, 3.1415927410125732, 3.1415927410125732, 3.1415927410125732, 3.1415927410125732, 3.1415927410125732, 3.1415927410125732, 3.1415927410125732, 3.1415927410125732, 3.1415927410125732, 3.1415927410125732, 3.1415927410125732, 3.1415927410125732, 0.0, 0.0, 0.0, 0.0, 0.0, 0.0, 0.0, 0.0, 0.0, 0.0, 0.0, 0.0, 0.0, 0.0, 0.0, 0.0, 3.1415927410125732, 3.1415927410125732, 3.1415927410125732, 3.1415927410125732, 3.1415927410125732, 3.1415927410125732, 3.1415927410125732, 3.1415927410125732, 3.1415927410125732, 3.1415927410125732, 3.1415927410125732, 3.1415927410125732, 3.1415927410125732, 3.1415927410125732, 3.1415927410125732, 3.1415927410125732, 0.0, 0.0, 0.0, 0.0, 0.0, 0.0, 0.0, 0.0, 0.0, 0.0, 0.0, 0.0, 0.0, 0.0, 0.0, 0.0, 0.0, 0.0, 0.0, 0.0, 0.0, 0.0, 0.0, 0.0, 0.0, 0.0, 0.0, 0.0, 0.0, 0.0, 0.0, 0.0, 0.0, 0.0, 0.0, 0.0, 0.0, 0.0, 0.0, 0.0, 0.0, 0.0, 0.0, 0.0, 0.0, 0.0, 0.0, 0.0, 0.0, 0.0, 0.0, 0.0, 0.0, 0.0, 0.0, 0.0, 0.0, 0.0, 0.0, 0.0, 0.0, 0.0, 0.0, 0.0, 0.0, 0.0, 0.0, 0.0, 0.0, 0.0, 0.0, 0.0, 0.0, 0.0, 0.0, 0.0, 0.0, 0.0, 0.0, 0.0, 0.0, 0.0, 0.0, 0.0, 0.0, 0.0, 0.0, 0.0, 0.0, 0.0, 0.0, 0.0, 0.0, 0.0, 0.0, 0.0, 0.0, 0.0, 0.0, 0.0, 0.0, 0.0, 0.0, 0.0, 0.0, 0.0, 0.0, 0.0, 0.0, 0.0, 0.0, 0.0, 0.0, 0.0, 0.0, 0.0, 0.0, 0.0, 0.0, 0.0, 0.0, 0.0, 0.0, 0.0, 0.0, 0.0, 0.0, 0.0, 0.0, 0.0, 0.0, 0.0, 0.0, 0.0, 0.0, 0.0, 0.0, 0.0, 0.0, 0.0, 0.0, 0.0, 0.0, 0.0, 0.0, 0.0, 0.0, 0.0, 0.0, 0.0, 0.0, 0.0, 0.0, 0.0, 0.0, 0.0, 0.0, 0.0, 0.0, 0.0, 0.0, 0.0, 0.0, 0.0, 0.0, 0.0, 0.0, 0.0, 0.0, 0.0, 0.0, 0.0, 0.0, 0.0, 0.0, 0.0, 0.0, 0.0, 0.0, 0.0, 0.0, 0.0, 0.0, 0.0, 0.0, 0.0, 0.0, 0.0, 0.0, 0.0, 0.0, 0.0, 0.0, 0.0, 0.0, 0.0, 0.0, 0.0, 0.0, 0.0, 0.0, 0.0, 0.0, 0.0, 0.0, 0.0, 0.0, 0.0, 0.0, 0.0, 0.0, 0.0, 0.0, 0.0, 0.0, 0.0, 0.0, 0.0, 0.0, 0.0, 0.0, 0.0, 0.0, 0.0, 0.0, 0.0, 0.0, 0.0, 0.0, 0.0, 0.0, 0.0, 0.0, 0.0, 0.0, 0.0, 0.0, 0.0, 0.0, 0.0, 0.0, 0.0, 0.0, 0.0, 0.0, 0.0, 0.0, 0.0, 0.0, 0.0, 0.0, 0.0, 0.0, 0.0, 0.0, 0.0, 0.0, 0.0, 0.0, 0.0, 0.0, 0.0, 0.0, 0.0, 3.1415927410125732, 3.1415927410125732, 3.1415927410125732, 3.1415927410125732, 3.1415927410125732, 3.1415927410125732, 3.1415927410125732, 3.1415927410125732, 0.0, 0.0, 0.0, 0.0, 0.0, 0.0, 0.0, 0.0, 0.0, 0.0, 0.0, 0.0, 0.0, 0.0, 0.0, 0.0, 0.0, 0.0, 0.0, 0.0, 0.0, 0.0, 0.0, 0.0, 3.1415927410125732, 3.1415927410125732, 3.1415927410125732, 3.1415927410125732, 3.1415927410125732, 3.1415927410125732, 3.1415927410125732, 3.1415927410125732, 0.0, 0.0, 0.0, 0.0, 0.0, 0.0, 0.0, 0.0, 0.0, 0.0, 0.0, 0.0, 0.0, 0.0, 0.0, 0.0, 0.0, 0.0, 0.0, 0.0, 0.0, 0.0, 0.0, 0.0, 3.1415927410125732, 3.1415927410125732, 3.1415927410125732, 3.1415927410125732, 3.1415927410125732, 3.1415927410125732, 3.1415927410125732, 3.1415927410125732, 0.0, 0.0, 0.0, 0.0, 0.0, 0.0, 0.0, 0.0, 0.0, 0.0, 0.0, 0.0, 0.0, 0.0, 0.0, 0.0, 0.0, 0.0, 0.0, 0.0, 0.0, 0.0, 0.0, 0.0, 3.1415927410125732, 3.1415927410125732, 3.1415927410125732, 3.1415927410125732, 3.1415927410125732, 3.1415927410125732, 3.1415927410125732, 3.1415927410125732, 0.0, 0.0, 0.0, 0.0, 0.0, 0.0, 0.0, 0.0, 0.0, 0.0, 0.0, 0.0, 0.0, 0.0, 0.0, 0.0, 0.0, 0.0, 0.0, 0.0, 0.0, 0.0, 0.0, 0.0, 3.1415927410125732, 3.1415927410125732, 3.1415927410125732, 3.1415927410125732, 3.1415927410125732, 3.1415927410125732, 3.1415927410125732, 3.1415927410125732, 0.0, 0.0, 0.0, 0.0, 0.0, 0.0, 0.0, 0.0, 0.0, 0.0, 0.0, 0.0, 0.0, 0.0, 0.0, 0.0, 0.0, 0.0, 0.0, 0.0, 0.0, 0.0, 0.0, 0.0, 3.1415927410125732, 3.1415927410125732, 3.1415927410125732, 3.1415927410125732, 3.1415927410125732, 3.1415927410125732, 3.1415927410125732, 3.1415927410125732, 0.0, 0.0, 0.0, 0.0, 0.0, 0.0, 0.0, 0.0, 0.0, 0.0, 0.0, 0.0, 0.0, 0.0, 0.0, 0.0, 0.0, 0.0, 0.0, 0.0, 0.0, 0.0, 0.0, 0.0, 3.1415927410125732, 3.1415927410125732, 3.1415927410125732, 3.1415927410125732, 3.1415927410125732, 3.1415927410125732, 3.1415927410125732, 3.1415927410125732, 0.0, 0.0, 0.0, 0.0, 0.0, 0.0, 0.0, 0.0, 0.0, 0.0, 0.0, 0.0, 0.0, 0.0, 0.0, 0.0, 0.0, 0.0, 0.0, 0.0, 0.0, 0.0, 0.0, 0.0, 3.1415927410125732, 3.1415927410125732, 3.1415927410125732, 3.1415927410125732, 3.1415927410125732, 3.1415927410125732, 3.1415927410125732, 3.1415927410125732, 0.0, 0.0, 0.0, 0.0, 0.0, 0.0, 0.0, 0.0, 0.0, 0.0, 0.0, 0.0, 0.0, 0.0, 0.0, 0.0]"
0.6088365,0.15223686,0.15219523,0.15220979,0.15219462,0.15220913,-9.53539467,-9.53664207,-9.53620815,-9.53666496,"[3.1415927410125732, 3.1415927410125732, 3.1415927410125732, 3.1415927410125732, 3.1415927410125732, 3.1415927410125732, 3.1415927410125732, 3.1415927410125732, 3.1415927410125732, 3.1415927410125732, 3.1415927410125732, 3.1415927410125732, 3.1415927410125732, 3.1415927410125732, 3.1415927410125732, 3.1415927410125732, 3.1415927410125732, 3.1415927410125732, 3.1415927410125732, 3.1415927410125732, 3.1415927410125732, 3.1415927410125732, 3.1415927410125732, 3.1415927410125732, 3.1415927410125732, 3.1415927410125732, 3.1415927410125732, 3.1415927410125732, 3.1415927410125732, 3.1415927410125732, 3.1415927410125732, 3.1415927410125732, 3.1415927410125732, 3.1415927410125732, 3.1415927410125732, 3.1415927410125732, 3.1415927410125732, 3.1415927410125732, 3.1415927410125732, 3.1415927410125732, 3.1415927410125732, 3.1415927410125732, 3.1415927410125732, 3.1415927410125732, 3.1415927410125732, 3.1415927410125732, 3.1415927410125732, 3.1415927410125732, 3.1415927410125732, 3.1415927410125732, 3.1415927410125732, 3.1415927410125732, 3.1415927410125732, 3.1415927410125732, 3.1415927410125732, 3.1415927410125732, 3.1415927410125732, 3.1415927410125732, 3.1415927410125732, 3.1415927410125732, 3.1415927410125732, 3.1415927410125732, 3.1415927410125732, 3.1415927410125732, 3.1415927410125732, 3.1415927410125732, 3.1415927410125732, 3.1415927410125732, 3.1415927410125732, 3.1415927410125732, 3.1415927410125732, 3.1415927410125732, 3.1415927410125732, 3.1415927410125732, 3.1415927410125732, 3.1415927410125732, 3.1415927410125732, 3.1415927410125732, 3.1415927410125732, 3.1415927410125732, 3.1415927410125732, 3.1415927410125732, 3.1415927410125732, 3.1415927410125732, 3.1415927410125732, 3.1415927410125732, 3.1415927410125732, 3.1415927410125732, 3.1415927410125732, 3.1415927410125732, 3.1415927410125732, 3.1415927410125732, 3.1415927410125732, 3.1415927410125732, 3.1415927410125732, 3.1415927410125732, 3.1415927410125732, 3.1415927410125732, 3.1415927410125732, 3.1415927410125732, 3.1415927410125732, 3.1415927410125732, 3.1415927410125732, 3.1415927410125732, 3.1415927410125732, 3.1415927410125732, 3.1415927410125732, 3.1415927410125732, 3.1415927410125732, 3.1415927410125732, 3.1415927410125732, 3.1415927410125732, 3.1415927410125732, 3.1415927410125732, 3.1415927410125732, 3.1415927410125732, 3.1415927410125732, 3.1415927410125732, 3.1415927410125732, 3.1415927410125732, 3.1415927410125732, 3.1415927410125732, 3.1415927410125732, 3.1415927410125732, 3.1415927410125732, 3.1415927410125732, 3.1415927410125732, 3.1415927410125732, 3.1415927410125732, 3.1415927410125732, 3.1415927410125732, 3.1415927410125732, 3.1415927410125732, 3.1415927410125732, 3.1415927410125732, 3.1415927410125732, 3.1415927410125732, 3.1415927410125732, 3.1415927410125732, 3.1415927410125732, 3.1415927410125732, 3.1415927410125732, 3.1415927410125732, 3.1415927410125732, 3.1415927410125732, 3.1415927410125732, 3.1415927410125732, 3.1415927410125732, 3.1415927410125732, 3.1415927410125732, 3.1415927410125732, 3.1415927410125732, 3.1415927410125732, 3.1415927410125732, 3.1415927410125732, 3.1415927410125732, 3.1415927410125732, 3.1415927410125732, 3.1415927410125732, 3.1415927410125732, 3.1415927410125732, 3.1415927410125732, 3.1415927410125732, 3.1415927410125732, 3.1415927410125732, 3.1415927410125732, 3.1415927410125732, 3.1415927410125732, 3.1415927410125732, 3.1415927410125732, 3.1415927410125732, 3.1415927410125732, 3.1415927410125732, 3.1415927410125732, 3.1415927410125732, 3.1415927410125732, 3.1415927410125732, 3.1415927410125732, 3.1415927410125732, 3.1415927410125732, 3.1415927410125732, 3.1415927410125732, 3.1415927410125732, 3.1415927410125732, 3.1415927410125732, 3.1415927410125732, 3.1415927410125732, 3.1415927410125732, 3.1415927410125732, 3.1415927410125732, 3.1415927410125732, 3.1415927410125732, 3.1415927410125732, 3.1415927410125732, 3.1415927410125732, 3.1415927410125732, 3.1415927410125732, 3.1415927410125732, 3.1415927410125732, 3.1415927410125732, 3.1415927410125732, 3.1415927410125732, 3.1415927410125732, 3.1415927410125732, 3.1415927410125732, 3.1415927410125732, 3.1415927410125732, 3.1415927410125732, 3.1415927410125732, 3.1415927410125732, 3.1415927410125732, 3.1415927410125732, 3.1415927410125732, 3.1415927410125732, 3.1415927410125732, 3.1415927410125732, 3.1415927410125732, 3.1415927410125732, 3.1415927410125732, 3.1415927410125732, 3.1415927410125732, 3.1415927410125732, 3.1415927410125732, 3.1415927410125732, 3.1415927410125732, 3.1415927410125732, 3.1415927410125732, 3.1415927410125732, 3.1415927410125732, 3.1415927410125732, 3.1415927410125732, 3.1415927410125732, 3.1415927410125732, 3.1415927410125732, 3.1415927410125732, 3.1415927410125732, 3.1415927410125732, 3.1415927410125732, 3.1415927410125732, 3.1415927410125732, 3.1415927410125732, 3.1415927410125732, 3.1415927410125732, 3.1415927410125732, 3.1415927410125732, 3.1415927410125732, 3.1415927410125732, 3.1415927410125732, 3.1415927410125732, 3.1415927410125732, 3.1415927410125732, 3.1415927410125732, 3.1415927410125732, 3.1415927410125732, 3.1415927410125732, 3.1415927410125732, 0.0, 0.0, 0.0, 0.0, 0.0, 0.0, 0.0, 0.0, 0.0, 0.0, 0.0, 0.0, 0.0, 0.0, 0.0, 0.0, 3.1415927410125732, 3.1415927410125732, 3.1415927410125732, 3.1415927410125732, 3.1415927410125732, 3.1415927410125732, 3.1415927410125732, 3.1415927410125732, 3.1415927410125732, 3.1415927410125732, 3.1415927410125732, 3.1415927410125732, 3.1415927410125732, 3.1415927410125732, 3.1415927410125732, 3.1415927410125732, 0.0, 0.0, 0.0, 0.0, 0.0, 0.0, 0.0, 0.0, 0.0, 0.0, 0.0, 0.0, 0.0, 0.0, 0.0, 0.0, 3.1415927410125732, 3.1415927410125732, 3.1415927410125732, 3.1415927410125732, 3.1415927410125732, 3.1415927410125732, 3.1415927410125732, 3.1415927410125732, 3.1415927410125732, 3.1415927410125732, 3.1415927410125732, 3.1415927410125732, 3.1415927410125732, 3.1415927410125732, 3.1415927410125732, 3.1415927410125732, 0.0, 0.0, 0.0, 0.0, 0.0, 0.0, 0.0, 0.0, 0.0, 0.0, 0.0, 0.0, 0.0, 0.0, 0.0, 0.0, 3.1415927410125732, 3.1415927410125732, 3.1415927410125732, 3.1415927410125732, 3.1415927410125732, 3.1415927410125732, 3.1415927410125732, 3.1415927410125732, 3.1415927410125732, 3.1415927410125732, 3.1415927410125732, 3.1415927410125732, 3.1415927410125732, 3.1415927410125732, 3.1415927410125732, 3.1415927410125732, 0.0, 0.0, 0.0, 0.0, 0.0, 0.0, 0.0, 0.0, 0.0, 0.0, 0.0, 0.0, 0.0, 0.0, 0.0, 0.0, 3.1415927410125732, 3.1415927410125732, 3.1415927410125732, 3.1415927410125732, 3.1415927410125732, 3.1415927410125732, 3.1415927410125732, 3.1415927410125732, 3.1415927410125732, 3.1415927410125732, 3.1415927410125732, 3.1415927410125732, 3.1415927410125732, 3.1415927410125732, 3.1415927410125732, 3.1415927410125732, 0.0, 0.0, 0.0, 0.0, 0.0, 0.0, 0.0, 0.0, 0.0, 0.0, 0.0, 0.0, 0.0, 0.0, 0.0, 0.0, 3.1415927410125732, 3.1415927410125732, 3.1415927410125732, 3.1415927410125732, 3.1415927410125732, 3.1415927410125732, 3.1415927410125732, 3.1415927410125732, 3.1415927410125732, 3.1415927410125732, 3.1415927410125732, 3.1415927410125732, 3.1415927410125732, 3.1415927410125732, 3.1415927410125732, 3.1415927410125732, 0.0, 0.0, 0.0, 0.0, 0.0, 0.0, 0.0, 0.0, 0.0, 0.0, 0.0, 0.0, 0.0, 0.0, 0.0, 0.0, 3.1415927410125732, 3.1415927410125732, 3.1415927410125732, 3.1415927410125732, 3.1415927410125732, 3.1415927410125732, 3.1415927410125732, 3.1415927410125732, 3.1415927410125732, 3.1415927410125732, 3.1415927410125732, 3.1415927410125732, 3.1415927410125732, 3.1415927410125732, 3.1415927410125732, 3.1415927410125732, 0.0, 0.0, 0.0, 0.0, 0.0, 0.0, 0.0, 0.0, 0.0, 0.0, 0.0, 0.0, 0.0, 0.0, 0.0, 0.0, 3.1415927410125732, 3.1415927410125732, 3.1415927410125732, 3.1415927410125732, 3.1415927410125732, 3.1415927410125732, 3.1415927410125732, 3.1415927410125732, 3.1415927410125732, 3.1415927410125732, 3.1415927410125732, 3.1415927410125732, 3.1415927410125732, 3.1415927410125732, 3.1415927410125732, 3.1415927410125732, 0.0, 0.0, 0.0, 0.0, 0.0, 0.0, 0.0, 0.0, 0.0, 0.0, 0.0, 0.0, 0.0, 0.0, 0.0, 0.0, 3.1415927410125732, 3.1415927410125732, 3.1415927410125732, 3.1415927410125732, 3.1415927410125732, 3.1415927410125732, 3.1415927410125732, 3.1415927410125732, 3.1415927410125732, 3.1415927410125732, 3.1415927410125732, 3.1415927410125732, 3.1415927410125732, 3.1415927410125732, 3.1415927410125732, 3.1415927410125732, 0.0, 0.0, 0.0, 0.0, 0.0, 0.0, 0.0, 0.0, 0.0, 0.0, 0.0, 0.0, 0.0, 0.0, 0.0, 0.0, 0.0, 0.0, 0.0, 0.0, 0.0, 0.0, 0.0, 0.0, 0.0, 0.0, 0.0, 0.0, 0.0, 0.0, 0.0, 0.0, 0.0, 0.0, 0.0, 0.0, 0.0, 0.0, 0.0, 0.0, 0.0, 0.0, 0.0, 0.0, 0.0, 0.0, 0.0, 0.0, 0.0, 0.0, 0.0, 0.0, 0.0, 0.0, 0.0, 0.0, 0.0, 0.0, 0.0, 0.0, 0.0, 0.0, 0.0, 0.0, 0.0, 0.0, 0.0, 0.0, 0.0, 0.0, 0.0, 0.0, 0.0, 0.0, 0.0, 0.0, 0.0, 0.0, 0.0, 0.0, 0.0, 0.0, 0.0, 0.0, 0.0, 0.0, 0.0, 0.0, 0.0, 0.0, 0.0, 0.0, 0.0, 0.0, 0.0, 0.0, 0.0, 0.0, 0.0, 0.0, 0.0, 0.0, 0.0, 0.0, 0.0, 0.0, 0.0, 0.0, 0.0, 0.0, 0.0, 0.0, 0.0, 0.0, 0.0, 0.0, 0.0, 0.0, 0.0, 0.0, 0.0, 0.0, 0.0, 0.0, 0.0, 0.0, 0.0, 0.0, 0.0, 0.0, 0.0, 0.0, 0.0, 0.0, 0.0, 0.0, 0.0, 0.0, 0.0, 0.0, 0.0, 0.0, 0.0, 0.0, 0.0, 0.0, 0.0, 0.0, 0.0, 0.0, 0.0, 0.0, 0.0, 0.0, 0.0, 0.0, 0.0, 0.0, 0.0, 0.0, 0.0, 0.0, 0.0, 0.0, 0.0, 0.0, 0.0, 0.0, 0.0, 0.0, 0.0, 0.0, 0.0, 0.0, 0.0, 0.0, 0.0, 0.0, 0.0, 0.0, 0.0, 0.0, 0.0, 0.0, 0.0, 0.0, 0.0, 0.0, 0.0, 0.0, 0.0, 0.0, 0.0, 0.0, 0.0, 0.0, 0.0, 0.0, 0.0, 0.0, 0.0, 0.0, 0.0, 0.0, 0.0, 0.0, 0.0, 0.0, 0.0, 0.0, 0.0, 0.0, 0.0, 0.0, 0.0, 0.0, 0.0, 0.0, 0.0, 0.0, 0.0, 0.0, 0.0, 0.0, 0.0, 0.0, 0.0, 0.0, 0.0, 0.0, 0.0, 0.0, 0.0, 0.0, 0.0, 0.0, 0.0, 0.0, 0.0, 0.0, 0.0, 0.0, 0.0, 0.0, 0.0, 0.0, 0.0, 0.0, 0.0, 0.0, 0.0, 0.0, 0.0, 0.0, 0.0, 0.0, 0.0, 0.0, 0.0, 0.0, 0.0, 0.0, 0.0, 0.0, 3.1415927410125732, 3.1415927410125732, 3.1415927410125732, 3.1415927410125732, 3.1415927410125732, 3.1415927410125732, 3.1415927410125732, 3.1415927410125732, 0.0, 0.0, 0.0, 0.0, 0.0, 0.0, 0.0, 0.0, 0.0, 0.0, 0.0, 0.0, 0.0, 0.0, 0.0, 0.0, 0.0, 0.0, 0.0, 0.0, 0.0, 0.0, 0.0, 0.0, 3.1415927410125732, 3.1415927410125732, 3.1415927410125732, 3.1415927410125732, 3.1415927410125732, 3.1415927410125732, 3.1415927410125732, 3.1415927410125732, 0.0, 0.0, 0.0, 0.0, 0.0, 0.0, 0.0, 0.0, 0.0, 0.0, 0.0, 0.0, 0.0, 0.0, 0.0, 0.0, 0.0, 0.0, 0.0, 0.0, 0.0, 0.0, 0.0, 0.0, 3.1415927410125732, 3.1415927410125732, 3.1415927410125732, 3.1415927410125732, 3.1415927410125732, 3.1415927410125732, 3.1415927410125732, 3.1415927410125732, 0.0, 0.0, 0.0, 0.0, 0.0, 0.0, 0.0, 0.0, 0.0, 0.0, 0.0, 0.0, 0.0, 0.0, 0.0, 0.0, 0.0, 0.0, 0.0, 0.0, 0.0, 0.0, 0.0, 0.0, 3.1415927410125732, 3.1415927410125732, 3.1415927410125732, 3.1415927410125732, 3.1415927410125732, 3.1415927410125732, 3.1415927410125732, 3.1415927410125732, 0.0, 0.0, 0.0, 0.0, 0.0, 0.0, 0.0, 0.0, 0.0, 0.0, 0.0, 0.0, 0.0, 0.0, 0.0, 0.0, 0.0, 0.0, 0.0, 0.0, 0.0, 0.0, 0.0, 0.0, 3.1415927410125732, 3.1415927410125732, 3.1415927410125732, 3.1415927410125732, 3.1415927410125732, 3.1415927410125732, 3.1415927410125732, 3.1415927410125732, 0.0, 0.0, 0.0, 0.0, 0.0, 0.0, 0.0, 0.0, 0.0, 0.0, 0.0, 0.0, 0.0, 0.0, 0.0, 0.0, 0.0, 0.0, 0.0, 0.0, 0.0, 0.0, 0.0, 0.0, 3.1415927410125732, 3.1415927410125732, 3.1415927410125732, 3.1415927410125732, 3.1415927410125732, 3.1415927410125732, 3.1415927410125732, 3.1415927410125732, 0.0, 0.0, 0.0, 0.0, 0.0, 0.0, 0.0, 0.0, 0.0, 0.0, 0.0, 0.0, 0.0, 0.0, 0.0, 0.0, 0.0, 0.0, 0.0, 0.0, 0.0, 0.0, 0.0, 0.0, 3.1415927410125732, 3.1415927410125732, 3.1415927410125732, 3.1415927410125732, 3.1415927410125732, 3.1415927410125732, 3.1415927410125732, 3.1415927410125732, 0.0, 0.0, 0.0, 0.0, 0.0, 0.0, 0.0, 0.0, 0.0, 0.0, 0.0, 0.0, 0.0, 0.0, 0.0, 0.0, 0.0, 0.0, 0.0, 0.0, 0.0, 0.0, 0.0, 0.0, 3.1415927410125732, 3.1415927410125732, 3.1415927410125732, 3.1415927410125732, 3.1415927410125732, 3.1415927410125732, 3.1415927410125732, 3.1415927410125732, 0.0, 0.0, 0.0, 0.0, 0.0, 0.0, 0.0, 0.0, 0.0, 0.0, 0.0, 0.0, 0.0, 0.0, 0.0, 0.0]"
0.6088365,0.15223686,0.15219523,0.15220979,0.15219462,0.15220913,-9.53539467,-9.53664207,-9.53620815,-9.53666496,"[3.1415927410125732, 3.1415927410125732, 3.1415927410125732, 3.1415927410125732, 3.1415927410125732, 3.1415927410125732, 3.1415927410125732, 3.1415927410125732, 3.1415927410125732, 3.1415927410125732, 3.1415927410125732, 3.1415927410125732, 3.1415927410125732, 3.1415927410125732, 3.1415927410125732, 3.1415927410125732, 3.1415927410125732, 3.1415927410125732, 3.1415927410125732, 3.1415927410125732, 3.1415927410125732, 3.1415927410125732, 3.1415927410125732, 3.1415927410125732, 3.1415927410125732, 3.1415927410125732, 3.1415927410125732, 3.1415927410125732, 3.1415927410125732, 3.1415927410125732, 3.1415927410125732, 3.1415927410125732, 3.1415927410125732, 3.1415927410125732, 3.1415927410125732, 3.1415927410125732, 3.1415927410125732, 3.1415927410125732, 3.1415927410125732, 3.1415927410125732, 3.1415927410125732, 3.1415927410125732, 3.1415927410125732, 3.1415927410125732, 3.1415927410125732, 3.1415927410125732, 3.1415927410125732, 3.1415927410125732, 3.1415927410125732, 3.1415927410125732, 3.1415927410125732, 3.1415927410125732, 3.1415927410125732, 3.1415927410125732, 3.1415927410125732, 3.1415927410125732, 3.1415927410125732, 3.1415927410125732, 3.1415927410125732, 3.1415927410125732, 3.1415927410125732, 3.1415927410125732, 3.1415927410125732, 3.1415927410125732, 3.1415927410125732, 3.1415927410125732, 3.1415927410125732, 3.1415927410125732, 3.1415927410125732, 3.1415927410125732, 3.1415927410125732, 3.1415927410125732, 3.1415927410125732, 3.1415927410125732, 3.1415927410125732, 3.1415927410125732, 3.1415927410125732, 3.1415927410125732, 3.1415927410125732, 3.1415927410125732, 3.1415927410125732, 3.1415927410125732, 3.1415927410125732, 3.1415927410125732, 3.1415927410125732, 3.1415927410125732, 3.1415927410125732, 3.1415927410125732, 3.1415927410125732, 3.1415927410125732, 3.1415927410125732, 3.1415927410125732, 3.1415927410125732, 3.1415927410125732, 3.1415927410125732, 3.1415927410125732, 3.1415927410125732, 3.1415927410125732, 3.1415927410125732, 3.1415927410125732, 3.1415927410125732, 3.1415927410125732, 3.1415927410125732, 3.1415927410125732, 3.1415927410125732, 3.1415927410125732, 3.1415927410125732, 3.1415927410125732, 3.1415927410125732, 3.1415927410125732, 3.1415927410125732, 3.1415927410125732, 3.1415927410125732, 3.1415927410125732, 3.1415927410125732, 3.1415927410125732, 3.1415927410125732, 3.1415927410125732, 3.1415927410125732, 3.1415927410125732, 3.1415927410125732, 3.1415927410125732, 3.1415927410125732, 3.1415927410125732, 3.1415927410125732, 3.1415927410125732, 3.1415927410125732, 3.1415927410125732, 3.1415927410125732, 3.1415927410125732, 3.1415927410125732, 3.1415927410125732, 3.1415927410125732, 3.1415927410125732, 3.1415927410125732, 3.1415927410125732, 3.1415927410125732, 3.1415927410125732, 3.1415927410125732, 3.1415927410125732, 3.1415927410125732, 3.1415927410125732, 3.1415927410125732, 3.1415927410125732, 3.1415927410125732, 3.1415927410125732, 3.1415927410125732, 3.1415927410125732, 3.1415927410125732, 3.1415927410125732, 3.1415927410125732, 3.1415927410125732, 3.1415927410125732, 3.1415927410125732, 3.1415927410125732, 3.1415927410125732, 3.1415927410125732, 3.1415927410125732, 3.1415927410125732, 3.1415927410125732, 3.1415927410125732, 3.1415927410125732, 3.1415927410125732, 3.1415927410125732, 3.1415927410125732, 3.1415927410125732, 3.1415927410125732, 3.1415927410125732, 3.1415927410125732, 3.1415927410125732, 3.1415927410125732, 3.1415927410125732, 3.1415927410125732, 3.1415927410125732, 3.1415927410125732, 3.1415927410125732, 3.1415927410125732, 3.1415927410125732, 3.1415927410125732, 3.1415927410125732, 3.1415927410125732, 3.1415927410125732, 3.1415927410125732, 3.1415927410125732, 3.1415927410125732, 3.1415927410125732, 3.1415927410125732, 3.1415927410125732, 3.1415927410125732, 3.1415927410125732, 3.1415927410125732, 3.1415927410125732, 3.1415927410125732, 3.1415927410125732, 3.1415927410125732, 3.1415927410125732, 3.1415927410125732, 3.1415927410125732, 3.1415927410125732, 3.1415927410125732, 3.1415927410125732, 3.1415927410125732, 3.1415927410125732, 3.1415927410125732, 3.1415927410125732, 3.1415927410125732, 3.1415927410125732, 3.1415927410125732, 3.1415927410125732, 3.1415927410125732, 3.1415927410125732, 3.1415927410125732, 3.1415927410125732, 3.1415927410125732, 3.1415927410125732, 3.1415927410125732, 3.1415927410125732, 3.1415927410125732, 3.1415927410125732, 3.1415927410125732, 3.1415927410125732, 3.1415927410125732, 3.1415927410125732, 3.1415927410125732, 3.1415927410125732, 3.1415927410125732, 3.1415927410125732, 3.1415927410125732, 3.1415927410125732, 3.1415927410125732, 3.1415927410125732, 3.1415927410125732, 3.1415927410125732, 3.1415927410125732, 3.1415927410125732, 3.1415927410125732, 3.1415927410125732, 3.1415927410125732, 3.1415927410125732, 3.1415927410125732, 3.1415927410125732, 3.1415927410125732, 3.1415927410125732, 3.1415927410125732, 3.1415927410125732, 3.1415927410125732, 3.1415927410125732, 3.1415927410125732, 3.1415927410125732, 3.1415927410125732, 3.1415927410125732, 3.1415927410125732, 3.1415927410125732, 3.1415927410125732, 3.1415927410125732, 3.1415927410125732, 0.0, 0.0, 0.0, 0.0, 0.0, 0.0, 0.0, 0.0, 0.0, 0.0, 0.0, 0.0, 0.0, 0.0, 0.0, 0.0, 3.1415927410125732, 3.1415927410125732, 3.1415927410125732, 3.1415927410125732, 3.1415927410125732, 3.1415927410125732, 3.1415927410125732, 3.1415927410125732, 3.1415927410125732, 3.1415927410125732, 3.1415927410125732, 3.1415927410125732, 3.1415927410125732, 3.1415927410125732, 3.1415927410125732, 3.1415927410125732, 0.0, 0.0, 0.0, 0.0, 0.0, 0.0, 0.0, 0.0, 0.0, 0.0, 0.0, 0.0, 0.0, 0.0, 0.0, 0.0, 3.1415927410125732, 3.1415927410125732, 3.1415927410125732, 3.1415927410125732, 3.1415927410125732, 3.1415927410125732, 3.1415927410125732, 3.1415927410125732, 3.1415927410125732, 3.1415927410125732, 3.1415927410125732, 3.1415927410125732, 3.1415927410125732, 3.1415927410125732, 3.1415927410125732, 3.1415927410125732, 0.0, 0.0, 0.0, 0.0, 0.0, 0.0, 0.0, 0.0, 0.0, 0.0, 0.0, 0.0, 0.0, 0.0, 0.0, 0.0, 3.1415927410125732, 3.1415927410125732, 3.1415927410125732, 3.1415927410125732, 3.1415927410125732, 3.1415927410125732, 3.1415927410125732, 3.1415927410125732, 3.1415927410125732, 3.1415927410125732, 3.1415927410125732, 3.1415927410125732, 3.1415927410125732, 3.1415927410125732, 3.1415927410125732, 3.1415927410125732, 0.0, 0.0, 0.0, 0.0, 0.0, 0.0, 0.0, 0.0, 0.0, 0.0, 0.0, 0.0, 0.0, 0.0, 0.0, 0.0, 3.1415927410125732, 3.1415927410125732, 3.1415927410125732, 3.1415927410125732, 3.1415927410125732, 3.1415927410125732, 3.1415927410125732, 3.1415927410125732, 3.1415927410125732, 3.1415927410125732, 3.1415927410125732, 3.1415927410125732, 3.1415927410125732, 3.1415927410125732, 3.1415927410125732, 3.1415927410125732, 0.0, 0.0, 0.0, 0.0, 0.0, 0.0, 0.0, 0.0, 0.0, 0.0, 0.0, 0.0, 0.0, 0.0, 0.0, 0.0, 3.1415927410125732, 3.1415927410125732, 3.1415927410125732, 3.1415927410125732, 3.1415927410125732, 3.1415927410125732, 3.1415927410125732, 3.1415927410125732, 3.1415927410125732, 3.1415927410125732, 3.1415927410125732, 3.1415927410125732, 3.1415927410125732, 3.1415927410125732, 3.1415927410125732, 3.1415927410125732, 0.0, 0.0, 0.0, 0.0, 0.0, 0.0, 0.0, 0.0, 0.0, 0.0, 0.0, 0.0, 0.0, 0.0, 0.0, 0.0, 3.1415927410125732, 3.1415927410125732, 3.1415927410125732, 3.1415927410125732, 3.1415927410125732, 3.1415927410125732, 3.1415927410125732, 3.1415927410125732, 3.1415927410125732, 3.1415927410125732, 3.1415927410125732, 3.1415927410125732, 3.1415927410125732, 3.1415927410125732, 3.1415927410125732, 3.1415927410125732, 0.0, 0.0, 0.0, 0.0, 0.0, 0.0, 0.0, 0.0, 0.0, 0.0, 0.0, 0.0, 0.0, 0.0, 0.0, 0.0, 3.1415927410125732, 3.1415927410125732, 3.1415927410125732, 3.1415927410125732, 3.1415927410125732, 3.1415927410125732, 3.1415927410125732, 3.1415927410125732, 3.1415927410125732, 3.1415927410125732, 3.1415927410125732, 3.1415927410125732, 3.1415927410125732, 3.1415927410125732, 3.1415927410125732, 3.1415927410125732, 0.0, 0.0, 0.0, 0.0, 0.0, 0.0, 0.0, 0.0, 0.0, 0.0, 0.0, 0.0, 0.0, 0.0, 0.0, 0.0, 3.1415927410125732, 3.1415927410125732, 3.1415927410125732, 3.1415927410125732, 3.1415927410125732, 3.1415927410125732, 3.1415927410125732, 3.1415927410125732, 3.1415927410125732, 3.1415927410125732, 3.1415927410125732, 3.1415927410125732, 3.1415927410125732, 3.1415927410125732, 3.1415927410125732, 3.1415927410125732, 0.0, 0.0, 0.0, 0.0, 0.0, 0.0, 0.0, 0.0, 0.0, 0.0, 0.0, 0.0, 0.0, 0.0, 0.0, 0.0, 0.0, 0.0, 0.0, 0.0, 0.0, 0.0, 0.0, 0.0, 0.0, 0.0, 0.0, 0.0, 0.0, 0.0, 0.0, 0.0, 0.0, 0.0, 0.0, 0.0, 0.0, 0.0, 0.0, 0.0, 0.0, 0.0, 0.0, 0.0, 0.0, 0.0, 0.0, 0.0, 0.0, 0.0, 0.0, 0.0, 0.0, 0.0, 0.0, 0.0, 0.0, 0.0, 0.0, 0.0, 0.0, 0.0, 0.0, 0.0, 0.0, 0.0, 0.0, 0.0, 0.0, 0.0, 0.0, 0.0, 0.0, 0.0, 0.0, 0.0, 0.0, 0.0, 0.0, 0.0, 0.0, 0.0, 0.0, 0.0, 0.0, 0.0, 0.0, 0.0, 0.0, 0.0, 0.0, 0.0, 0.0, 0.0, 0.0, 0.0, 0.0, 0.0, 0.0, 0.0, 0.0, 0.0, 0.0, 0.0, 0.0, 0.0, 0.0, 0.0, 0.0, 0.0, 0.0, 0.0, 0.0, 0.0, 0.0, 0.0, 0.0, 0.0, 0.0, 0.0, 0.0, 0.0, 0.0, 0.0, 0.0, 0.0, 0.0, 0.0, 0.0, 0.0, 0.0, 0.0, 0.0, 0.0, 0.0, 0.0, 0.0, 0.0, 0.0, 0.0, 0.0, 0.0, 0.0, 0.0, 0.0, 0.0, 0.0, 0.0, 0.0, 0.0, 0.0, 0.0, 0.0, 0.0, 0.0, 0.0, 0.0, 0.0, 0.0, 0.0, 0.0, 0.0, 0.0, 0.0, 0.0, 0.0, 0.0, 0.0, 0.0, 0.0, 0.0, 0.0, 0.0, 0.0, 0.0, 0.0, 0.0, 0.0, 0.0, 0.0, 0.0, 0.0, 0.0, 0.0, 0.0, 0.0, 0.0, 0.0, 0.0, 0.0, 0.0, 0.0, 0.0, 0.0, 0.0, 0.0, 0.0, 0.0, 0.0, 0.0, 0.0, 0.0, 0.0, 0.0, 0.0, 0.0, 0.0, 0.0, 0.0, 0.0, 0.0, 0.0, 0.0, 0.0, 0.0, 0.0, 0.0, 0.0, 0.0, 0.0, 0.0, 0.0, 0.0, 0.0, 0.0, 0.0, 0.0, 0.0, 0.0, 0.0, 0.0, 0.0, 0.0, 0.0, 0.0, 0.0, 0.0, 0.0, 0.0, 0.0, 0.0, 0.0, 0.0, 0.0, 0.0, 0.0, 0.0, 0.0, 0.0, 0.0, 0.0, 0.0, 0.0, 0.0, 0.0, 0.0, 0.0, 0.0, 0.0, 0.0, 0.0, 0.0, 0.0, 0.0, 3.1415927410125732, 3.1415927410125732, 3.1415927410125732, 3.1415927410125732, 3.1415927410125732, 3.1415927410125732, 3.1415927410125732, 3.1415927410125732, 0.0, 0.0, 0.0, 0.0, 0.0, 0.0, 0.0, 0.0, 0.0, 0.0, 0.0, 0.0, 0.0, 0.0, 0.0, 0.0, 0.0, 0.0, 0.0, 0.0, 0.0, 0.0, 0.0, 0.0, 3.1415927410125732, 3.1415927410125732, 3.1415927410125732, 3.1415927410125732, 3.1415927410125732, 3.1415927410125732, 3.1415927410125732, 3.1415927410125732, 0.0, 0.0, 0.0, 0.0, 0.0, 0.0, 0.0, 0.0, 0.0, 0.0, 0.0, 0.0, 0.0, 0.0, 0.0, 0.0, 0.0, 0.0, 0.0, 0.0, 0.0, 0.0, 0.0, 0.0, 3.1415927410125732, 3.1415927410125732, 3.1415927410125732, 3.1415927410125732, 3.1415927410125732, 3.1415927410125732, 3.1415927410125732, 3.1415927410125732, 0.0, 0.0, 0.0, 0.0, 0.0, 0.0, 0.0, 0.0, 0.0, 0.0, 0.0, 0.0, 0.0, 0.0, 0.0, 0.0, 0.0, 0.0, 0.0, 0.0, 0.0, 0.0, 0.0, 0.0, 3.1415927410125732, 3.1415927410125732, 3.1415927410125732, 3.1415927410125732, 3.1415927410125732, 3.1415927410125732, 3.1415927410125732, 3.1415927410125732, 0.0, 0.0, 0.0, 0.0, 0.0, 0.0, 0.0, 0.0, 0.0, 0.0, 0.0, 0.0, 0.0, 0.0, 0.0, 0.0, 0.0, 0.0, 0.0, 0.0, 0.0, 0.0, 0.0, 0.0, 3.1415927410125732, 3.1415927410125732, 3.1415927410125732, 3.1415927410125732, 3.1415927410125732, 3.1415927410125732, 3.1415927410125732, 3.1415927410125732, 0.0, 0.0, 0.0, 0.0, 0.0, 0.0, 0.0, 0.0, 0.0, 0.0, 0.0, 0.0, 0.0, 0.0, 0.0, 0.0, 0.0, 0.0, 0.0, 0.0, 0.0, 0.0, 0.0, 0.0, 3.1415927410125732, 3.1415927410125732, 3.1415927410125732, 3.1415927410125732, 3.1415927410125732, 3.1415927410125732, 3.1415927410125732, 3.1415927410125732, 0.0, 0.0, 0.0, 0.0, 0.0, 0.0, 0.0, 0.0, 0.0, 0.0, 0.0, 0.0, 0.0, 0.0, 0.0, 0.0, 0.0, 0.0, 0.0, 0.0, 0.0, 0.0, 0.0, 0.0, 3.1415927410125732, 3.1415927410125732, 3.1415927410125732, 3.1415927410125732, 3.1415927410125732, 3.1415927410125732, 3.1415927410125732, 3.1415927410125732, 0.0, 0.0, 0.0, 0.0, 0.0, 0.0, 0.0, 0.0, 0.0, 0.0, 0.0, 0.0, 0.0, 0.0, 0.0, 0.0, 0.0, 0.0, 0.0, 0.0, 0.0, 0.0, 0.0, 0.0, 3.1415927410125732, 3.1415927410125732, 3.1415927410125732, 3.1415927410125732, 3.1415927410125732, 3.1415927410125732, 3.1415927410125732, 3.1415927410125732, 0.0, 0.0, 0.0, 0.0, 0.0, 0.0, 0.0, 0.0, 0.0, 0.0, 0.0, 0.0, 0.0, 0.0, 0.0, 0.0]"
0.6088365,0.15223686,0.15219523,0.15220979,0.15219462,0.15220913,-9.53539467,-9.53664207,-9.53620815,-9.53666496,"[3.1415927410125732, 3.1415927410125732, 3.1415927410125732, 3.1415927410125732, 3.1415927410125732, 3.1415927410125732, 3.1415927410125732, 3.1415927410125732, 3.1415927410125732, 3.1415927410125732, 3.1415927410125732, 3.1415927410125732, 3.1415927410125732, 3.1415927410125732, 3.1415927410125732, 3.1415927410125732, 3.1415927410125732, 3.1415927410125732, 3.1415927410125732, 3.1415927410125732, 3.1415927410125732, 3.1415927410125732, 3.1415927410125732, 3.1415927410125732, 3.1415927410125732, 3.1415927410125732, 3.1415927410125732, 3.1415927410125732, 3.1415927410125732, 3.1415927410125732, 3.1415927410125732, 3.1415927410125732, 3.1415927410125732, 3.1415927410125732, 3.1415927410125732, 3.1415927410125732, 3.1415927410125732, 3.1415927410125732, 3.1415927410125732, 3.1415927410125732, 3.1415927410125732, 3.1415927410125732, 3.1415927410125732, 3.1415927410125732, 3.1415927410125732, 3.1415927410125732, 3.1415927410125732, 3.1415927410125732, 3.1415927410125732, 3.1415927410125732, 3.1415927410125732, 3.1415927410125732, 3.1415927410125732, 3.1415927410125732, 3.1415927410125732, 3.1415927410125732, 3.1415927410125732, 3.1415927410125732, 3.1415927410125732, 3.1415927410125732, 3.1415927410125732, 3.1415927410125732, 3.1415927410125732, 3.1415927410125732, 3.1415927410125732, 3.1415927410125732, 3.1415927410125732, 3.1415927410125732, 3.1415927410125732, 3.1415927410125732, 3.1415927410125732, 3.1415927410125732, 3.1415927410125732, 3.1415927410125732, 3.1415927410125732, 3.1415927410125732, 3.1415927410125732, 3.1415927410125732, 3.1415927410125732, 3.1415927410125732, 3.1415927410125732, 3.1415927410125732, 3.1415927410125732, 3.1415927410125732, 3.1415927410125732, 3.1415927410125732, 3.1415927410125732, 3.1415927410125732, 3.1415927410125732, 3.1415927410125732, 3.1415927410125732, 3.1415927410125732, 3.1415927410125732, 3.1415927410125732, 3.1415927410125732, 3.1415927410125732, 3.1415927410125732, 3.1415927410125732, 3.1415927410125732, 3.1415927410125732, 3.1415927410125732, 3.1415927410125732, 3.1415927410125732, 3.1415927410125732, 3.1415927410125732, 3.1415927410125732, 3.1415927410125732, 3.1415927410125732, 3.1415927410125732, 3.1415927410125732, 3.1415927410125732, 3.1415927410125732, 3.1415927410125732, 3.1415927410125732, 3.1415927410125732, 3.1415927410125732, 3.1415927410125732, 3.1415927410125732, 3.1415927410125732, 3.1415927410125732, 3.1415927410125732, 3.1415927410125732, 3.1415927410125732, 3.1415927410125732, 3.1415927410125732, 3.1415927410125732, 3.1415927410125732, 3.1415927410125732, 3.1415927410125732, 3.1415927410125732, 3.1415927410125732, 3.1415927410125732, 3.1415927410125732, 3.1415927410125732, 3.1415927410125732, 3.1415927410125732, 3.1415927410125732, 3.1415927410125732, 3.1415927410125732, 3.1415927410125732, 3.1415927410125732, 3.1415927410125732, 3.1415927410125732, 3.1415927410125732, 3.1415927410125732, 3.1415927410125732, 3.1415927410125732, 3.1415927410125732, 3.1415927410125732, 3.1415927410125732, 3.1415927410125732, 3.1415927410125732, 3.1415927410125732, 3.1415927410125732, 3.1415927410125732, 3.1415927410125732, 3.1415927410125732, 3.1415927410125732, 3.1415927410125732, 3.1415927410125732, 3.1415927410125732, 3.1415927410125732, 3.1415927410125732, 3.1415927410125732, 3.1415927410125732, 3.1415927410125732, 3.1415927410125732, 3.1415927410125732, 3.1415927410125732, 3.1415927410125732, 3.1415927410125732, 3.1415927410125732, 3.1415927410125732, 3.1415927410125732, 3.1415927410125732, 3.1415927410125732, 3.1415927410125732, 3.1415927410125732, 3.1415927410125732, 3.1415927410125732, 3.1415927410125732, 3.1415927410125732, 3.1415927410125732, 3.1415927410125732, 3.1415927410125732, 3.1415927410125732, 3.1415927410125732, 3.1415927410125732, 3.1415927410125732, 3.1415927410125732, 3.1415927410125732, 3.1415927410125732, 3.1415927410125732, 3.1415927410125732, 3.1415927410125732, 3.1415927410125732, 3.1415927410125732, 3.1415927410125732, 3.1415927410125732, 3.1415927410125732, 3.1415927410125732, 3.1415927410125732, 3.1415927410125732, 3.1415927410125732, 3.1415927410125732, 3.1415927410125732, 3.1415927410125732, 3.1415927410125732, 3.1415927410125732, 3.1415927410125732, 3.1415927410125732, 3.1415927410125732, 3.1415927410125732, 3.1415927410125732, 3.1415927410125732, 3.1415927410125732, 3.1415927410125732, 3.1415927410125732, 3.1415927410125732, 3.1415927410125732, 3.1415927410125732, 3.1415927410125732, 3.1415927410125732, 3.1415927410125732, 3.1415927410125732, 3.1415927410125732, 3.1415927410125732, 3.1415927410125732, 3.1415927410125732, 3.1415927410125732, 3.1415927410125732, 3.1415927410125732, 3.1415927410125732, 3.1415927410125732, 3.1415927410125732, 3.1415927410125732, 3.1415927410125732, 3.1415927410125732, 3.1415927410125732, 3.1415927410125732, 3.1415927410125732, 3.1415927410125732, 3.1415927410125732, 3.1415927410125732, 3.1415927410125732, 3.1415927410125732, 3.1415927410125732, 3.1415927410125732, 3.1415927410125732, 3.1415927410125732, 3.1415927410125732, 3.1415927410125732, 3.1415927410125732, 3.1415927410125732, 3.1415927410125732, 3.1415927410125732, 0.0, 0.0, 0.0, 0.0, 0.0, 0.0, 0.0, 0.0, 0.0, 0.0, 0.0, 0.0, 0.0, 0.0, 0.0, 0.0, 3.1415927410125732, 3.1415927410125732, 3.1415927410125732, 3.1415927410125732, 3.1415927410125732, 3.1415927410125732, 3.1415927410125732, 3.1415927410125732, 3.1415927410125732, 3.1415927410125732, 3.1415927410125732, 3.1415927410125732, 3.1415927410125732, 3.1415927410125732, 3.1415927410125732, 3.1415927410125732, 0.0, 0.0, 0.0, 0.0, 0.0, 0.0, 0.0, 0.0, 0.0, 0.0, 0.0, 0.0, 0.0, 0.0, 0.0, 0.0, 3.1415927410125732, 3.1415927410125732, 3.1415927410125732, 3.1415927410125732, 3.1415927410125732, 3.1415927410125732, 3.1415927410125732, 3.1415927410125732, 3.1415927410125732, 3.1415927410125732, 3.1415927410125732, 3.1415927410125732, 3.1415927410125732, 3.1415927410125732, 3.1415927410125732, 3.1415927410125732, 0.0, 0.0, 0.0, 0.0, 0.0, 0.0, 0.0, 0.0, 0.0, 0.0, 0.0, 0.0, 0.0, 0.0, 0.0, 0.0, 3.1415927410125732, 3.1415927410125732, 3.1415927410125732, 3.1415927410125732, 3.1415927410125732, 3.1415927410125732, 3.1415927410125732, 3.1415927410125732, 3.1415927410125732, 3.1415927410125732, 3.1415927410125732, 3.1415927410125732, 3.1415927410125732, 3.1415927410125732, 3.1415927410125732, 3.1415927410125732, 0.0, 0.0, 0.0, 0.0, 0.0, 0.0, 0.0, 0.0, 0.0, 0.0, 0.0, 0.0, 0.0, 0.0, 0.0, 0.0, 3.1415927410125732, 3.1415927410125732, 3.1415927410125732, 3.1415927410125732, 3.1415927410125732, 3.1415927410125732, 3.1415927410125732, 3.1415927410125732, 3.1415927410125732, 3.1415927410125732, 3.1415927410125732, 3.1415927410125732, 3.1415927410125732, 3.1415927410125732, 3.1415927410125732, 3.1415927410125732, 0.0, 0.0, 0.0, 0.0, 0.0, 0.0, 0.0, 0.0, 0.0, 0.0, 0.0, 0.0, 0.0, 0.0, 0.0, 0.0, 3.1415927410125732, 3.1415927410125732, 3.1415927410125732, 3.1415927410125732, 3.1415927410125732, 3.1415927410125732, 3.1415927410125732, 3.1415927410125732, 3.1415927410125732, 3.1415927410125732, 3.1415927410125732, 3.1415927410125732, 3.1415927410125732, 3.1415927410125732, 3.1415927410125732, 3.1415927410125732, 0.0, 0.0, 0.0, 0.0, 0.0, 0.0, 0.0, 0.0, 0.0, 0.0, 0.0, 0.0, 0.0, 0.0, 0.0, 0.0, 3.1415927410125732, 3.1415927410125732, 3.1415927410125732, 3.1415927410125732, 3.1415927410125732, 3.1415927410125732, 3.1415927410125732, 3.1415927410125732, 3.1415927410125732, 3.1415927410125732, 3.1415927410125732, 3.1415927410125732, 3.1415927410125732, 3.1415927410125732, 3.1415927410125732, 3.1415927410125732, 0.0, 0.0, 0.0, 0.0, 0.0, 0.0, 0.0, 0.0, 0.0, 0.0, 0.0, 0.0, 0.0, 0.0, 0.0, 0.0, 3.1415927410125732, 3.1415927410125732, 3.1415927410125732, 3.1415927410125732, 3.1415927410125732, 3.1415927410125732, 3.1415927410125732, 3.1415927410125732, 3.1415927410125732, 3.1415927410125732, 3.1415927410125732, 3.1415927410125732, 3.1415927410125732, 3.1415927410125732, 3.1415927410125732, 3.1415927410125732, 0.0, 0.0, 0.0, 0.0, 0.0, 0.0, 0.0, 0.0, 0.0, 0.0, 0.0, 0.0, 0.0, 0.0, 0.0, 0.0, 3.1415927410125732, 3.1415927410125732, 3.1415927410125732, 3.1415927410125732, 3.1415927410125732, 3.1415927410125732, 3.1415927410125732, 3.1415927410125732, 3.1415927410125732, 3.1415927410125732, 3.1415927410125732, 3.1415927410125732, 3.1415927410125732, 3.1415927410125732, 3.1415927410125732, 3.1415927410125732, 0.0, 0.0, 0.0, 0.0, 0.0, 0.0, 0.0, 0.0, 0.0, 0.0, 0.0, 0.0, 0.0, 0.0, 0.0, 0.0, 0.0, 0.0, 0.0, 0.0, 0.0, 0.0, 0.0, 0.0, 0.0, 0.0, 0.0, 0.0, 0.0, 0.0, 0.0, 0.0, 0.0, 0.0, 0.0, 0.0, 0.0, 0.0, 0.0, 0.0, 0.0, 0.0, 0.0, 0.0, 0.0, 0.0, 0.0, 0.0, 0.0, 0.0, 0.0, 0.0, 0.0, 0.0, 0.0, 0.0, 0.0, 0.0, 0.0, 0.0, 0.0, 0.0, 0.0, 0.0, 0.0, 0.0, 0.0, 0.0, 0.0, 0.0, 0.0, 0.0, 0.0, 0.0, 0.0, 0.0, 0.0, 0.0, 0.0, 0.0, 0.0, 0.0, 0.0, 0.0, 0.0, 0.0, 0.0, 0.0, 0.0, 0.0, 0.0, 0.0, 0.0, 0.0, 0.0, 0.0, 0.0, 0.0, 0.0, 0.0, 0.0, 0.0, 0.0, 0.0, 0.0, 0.0, 0.0, 0.0, 0.0, 0.0, 0.0, 0.0, 0.0, 0.0, 0.0, 0.0, 0.0, 0.0, 0.0, 0.0, 0.0, 0.0, 0.0, 0.0, 0.0, 0.0, 0.0, 0.0, 0.0, 0.0, 0.0, 0.0, 0.0, 0.0, 0.0, 0.0, 0.0, 0.0, 0.0, 0.0, 0.0, 0.0, 0.0, 0.0, 0.0, 0.0, 0.0, 0.0, 0.0, 0.0, 0.0, 0.0, 0.0, 0.0, 0.0, 0.0, 0.0, 0.0, 0.0, 0.0, 0.0, 0.0, 0.0, 0.0, 0.0, 0.0, 0.0, 0.0, 0.0, 0.0, 0.0, 0.0, 0.0, 0.0, 0.0, 0.0, 0.0, 0.0, 0.0, 0.0, 0.0, 0.0, 0.0, 0.0, 0.0, 0.0, 0.0, 0.0, 0.0, 0.0, 0.0, 0.0, 0.0, 0.0, 0.0, 0.0, 0.0, 0.0, 0.0, 0.0, 0.0, 0.0, 0.0, 0.0, 0.0, 0.0, 0.0, 0.0, 0.0, 0.0, 0.0, 0.0, 0.0, 0.0, 0.0, 0.0, 0.0, 0.0, 0.0, 0.0, 0.0, 0.0, 0.0, 0.0, 0.0, 0.0, 0.0, 0.0, 0.0, 0.0, 0.0, 0.0, 0.0, 0.0, 0.0, 0.0, 0.0, 0.0, 0.0, 0.0, 0.0, 0.0, 0.0, 0.0, 0.0, 0.0, 0.0, 0.0, 0.0, 0.0, 0.0, 0.0, 0.0, 0.0, 0.0, 0.0, 0.0, 0.0, 0.0, 0.0, 0.0, 0.0, 0.0, 0.0, 3.1415927410125732, 3.1415927410125732, 3.1415927410125732, 3.1415927410125732, 3.1415927410125732, 3.1415927410125732, 3.1415927410125732, 3.1415927410125732, 0.0, 0.0, 0.0, 0.0, 0.0, 0.0, 0.0, 0.0, 0.0, 0.0, 0.0, 0.0, 0.0, 0.0, 0.0, 0.0, 0.0, 0.0, 0.0, 0.0, 0.0, 0.0, 0.0, 0.0, 3.1415927410125732, 3.1415927410125732, 3.1415927410125732, 3.1415927410125732, 3.1415927410125732, 3.1415927410125732, 3.1415927410125732, 3.1415927410125732, 0.0, 0.0, 0.0, 0.0, 0.0, 0.0, 0.0, 0.0, 0.0, 0.0, 0.0, 0.0, 0.0, 0.0, 0.0, 0.0, 0.0, 0.0, 0.0, 0.0, 0.0, 0.0, 0.0, 0.0, 3.1415927410125732, 3.1415927410125732, 3.1415927410125732, 3.1415927410125732, 3.1415927410125732, 3.1415927410125732, 3.1415927410125732, 3.1415927410125732, 0.0, 0.0, 0.0, 0.0, 0.0, 0.0, 0.0, 0.0, 0.0, 0.0, 0.0, 0.0, 0.0, 0.0, 0.0, 0.0, 0.0, 0.0, 0.0, 0.0, 0.0, 0.0, 0.0, 0.0, 3.1415927410125732, 3.1415927410125732, 3.1415927410125732, 3.1415927410125732, 3.1415927410125732, 3.1415927410125732, 3.1415927410125732, 3.1415927410125732, 0.0, 0.0, 0.0, 0.0, 0.0, 0.0, 0.0, 0.0, 0.0, 0.0, 0.0, 0.0, 0.0, 0.0, 0.0, 0.0, 0.0, 0.0, 0.0, 0.0, 0.0, 0.0, 0.0, 0.0, 3.1415927410125732, 3.1415927410125732, 3.1415927410125732, 3.1415927410125732, 3.1415927410125732, 3.1415927410125732, 3.1415927410125732, 3.1415927410125732, 0.0, 0.0, 0.0, 0.0, 0.0, 0.0, 0.0, 0.0, 0.0, 0.0, 0.0, 0.0, 0.0, 0.0, 0.0, 0.0, 0.0, 0.0, 0.0, 0.0, 0.0, 0.0, 0.0, 0.0, 3.1415927410125732, 3.1415927410125732, 3.1415927410125732, 3.1415927410125732, 3.1415927410125732, 3.1415927410125732, 3.1415927410125732, 3.1415927410125732, 0.0, 0.0, 0.0, 0.0, 0.0, 0.0, 0.0, 0.0, 0.0, 0.0, 0.0, 0.0, 0.0, 0.0, 0.0, 0.0, 0.0, 0.0, 0.0, 0.0, 0.0, 0.0, 0.0, 0.0, 3.1415927410125732, 3.1415927410125732, 3.1415927410125732, 3.1415927410125732, 3.1415927410125732, 3.1415927410125732, 3.1415927410125732, 3.1415927410125732, 0.0, 0.0, 0.0, 0.0, 0.0, 0.0, 0.0, 0.0, 0.0, 0.0, 0.0, 0.0, 0.0, 0.0, 0.0, 0.0, 0.0, 0.0, 0.0, 0.0, 0.0, 0.0, 0.0, 0.0, 3.1415927410125732, 3.1415927410125732, 3.1415927410125732, 3.1415927410125732, 3.1415927410125732, 3.1415927410125732, 3.1415927410125732, 3.1415927410125732, 0.0, 0.0, 0.0, 0.0, 0.0, 0.0, 0.0, 0.0, 0.0, 0.0, 0.0, 0.0, 0.0, 0.0, 0.0, 0.0]"
0.6088365,0.15223686,0.15219523,0.15220979,0.15219462,0.15220913,-9.53539467,-9.53664207,-9.53620815,-9.53666496,"[3.1415927410125732, 3.1415927410125732, 3.1415927410125732, 3.1415927410125732, 3.1415927410125732, 3.1415927410125732, 3.1415927410125732, 3.1415927410125732, 3.1415927410125732, 3.1415927410125732, 3.1415927410125732, 3.1415927410125732, 3.1415927410125732, 3.1415927410125732, 3.1415927410125732, 3.1415927410125732, 3.1415927410125732, 3.1415927410125732, 3.1415927410125732, 3.1415927410125732, 3.1415927410125732, 3.1415927410125732, 3.1415927410125732, 3.1415927410125732, 3.1415927410125732, 3.1415927410125732, 3.1415927410125732, 3.1415927410125732, 3.1415927410125732, 3.1415927410125732, 3.1415927410125732, 3.1415927410125732, 3.1415927410125732, 3.1415927410125732, 3.1415927410125732, 3.1415927410125732, 3.1415927410125732, 3.1415927410125732, 3.1415927410125732, 3.1415927410125732, 3.1415927410125732, 3.1415927410125732, 3.1415927410125732, 3.1415927410125732, 3.1415927410125732, 3.1415927410125732, 3.1415927410125732, 3.1415927410125732, 3.1415927410125732, 3.1415927410125732, 3.1415927410125732, 3.1415927410125732, 3.1415927410125732, 3.1415927410125732, 3.1415927410125732, 3.1415927410125732, 3.1415927410125732, 3.1415927410125732, 3.1415927410125732, 3.1415927410125732, 3.1415927410125732, 3.1415927410125732, 3.1415927410125732, 3.1415927410125732, 3.1415927410125732, 3.1415927410125732, 3.1415927410125732, 3.1415927410125732, 3.1415927410125732, 3.1415927410125732, 3.1415927410125732, 3.1415927410125732, 3.1415927410125732, 3.1415927410125732, 3.1415927410125732, 3.1415927410125732, 3.1415927410125732, 3.1415927410125732, 3.1415927410125732, 3.1415927410125732, 3.1415927410125732, 3.1415927410125732, 3.1415927410125732, 3.1415927410125732, 3.1415927410125732, 3.1415927410125732, 3.1415927410125732, 3.1415927410125732, 3.1415927410125732, 3.1415927410125732, 3.1415927410125732, 3.1415927410125732, 3.1415927410125732, 3.1415927410125732, 3.1415927410125732, 3.1415927410125732, 3.1415927410125732, 3.1415927410125732, 3.1415927410125732, 3.1415927410125732, 3.1415927410125732, 3.1415927410125732, 3.1415927410125732, 3.1415927410125732, 3.1415927410125732, 3.1415927410125732, 3.1415927410125732, 3.1415927410125732, 3.1415927410125732, 3.1415927410125732, 3.1415927410125732, 3.1415927410125732, 3.1415927410125732, 3.1415927410125732, 3.1415927410125732, 3.1415927410125732, 3.1415927410125732, 3.1415927410125732, 3.1415927410125732, 3.1415927410125732, 3.1415927410125732, 3.1415927410125732, 3.1415927410125732, 3.1415927410125732, 3.1415927410125732, 3.1415927410125732, 3.1415927410125732, 3.1415927410125732, 3.1415927410125732, 3.1415927410125732, 3.1415927410125732, 3.1415927410125732, 3.1415927410125732, 3.1415927410125732, 3.1415927410125732, 3.1415927410125732, 3.1415927410125732, 3.1415927410125732, 3.1415927410125732, 3.1415927410125732, 3.1415927410125732, 3.1415927410125732, 3.1415927410125732, 3.1415927410125732, 3.1415927410125732, 3.1415927410125732, 3.1415927410125732, 3.1415927410125732, 3.1415927410125732, 3.1415927410125732, 3.1415927410125732, 3.1415927410125732, 3.1415927410125732, 3.1415927410125732, 3.1415927410125732, 3.1415927410125732, 3.1415927410125732, 3.1415927410125732, 3.1415927410125732, 3.1415927410125732, 3.1415927410125732, 3.1415927410125732, 3.1415927410125732, 3.1415927410125732, 3.1415927410125732, 3.1415927410125732, 3.1415927410125732, 3.1415927410125732, 3.1415927410125732, 3.1415927410125732, 3.1415927410125732, 3.1415927410125732, 3.1415927410125732, 3.1415927410125732, 3.1415927410125732, 3.1415927410125732, 3.1415927410125732, 3.1415927410125732, 3.1415927410125732, 3.1415927410125732, 3.1415927410125732, 3.1415927410125732, 3.1415927410125732, 3.1415927410125732, 3.1415927410125732, 3.1415927410125732, 3.1415927410125732, 3.1415927410125732, 3.1415927410125732, 3.1415927410125732, 3.1415927410125732, 3.1415927410125732, 3.1415927410125732, 3.1415927410125732, 3.1415927410125732, 3.1415927410125732, 3.1415927410125732, 3.1415927410125732, 3.1415927410125732, 3.1415927410125732, 3.1415927410125732, 3.1415927410125732, 3.1415927410125732, 3.1415927410125732, 3.1415927410125732, 3.1415927410125732, 3.1415927410125732, 3.1415927410125732, 3.1415927410125732, 3.1415927410125732, 3.1415927410125732, 3.1415927410125732, 3.1415927410125732, 3.1415927410125732, 3.1415927410125732, 3.1415927410125732, 3.1415927410125732, 3.1415927410125732, 3.1415927410125732, 3.1415927410125732, 3.1415927410125732, 3.1415927410125732, 3.1415927410125732, 3.1415927410125732, 3.1415927410125732, 3.1415927410125732, 3.1415927410125732, 3.1415927410125732, 3.1415927410125732, 3.1415927410125732, 3.1415927410125732, 3.1415927410125732, 3.1415927410125732, 3.1415927410125732, 3.1415927410125732, 3.1415927410125732, 3.1415927410125732, 3.1415927410125732, 3.1415927410125732, 3.1415927410125732, 3.1415927410125732, 3.1415927410125732, 3.1415927410125732, 3.1415927410125732, 3.1415927410125732, 3.1415927410125732, 3.1415927410125732, 3.1415927410125732, 3.1415927410125732, 3.1415927410125732, 3.1415927410125732, 3.1415927410125732, 3.1415927410125732, 3.1415927410125732, 3.1415927410125732, 3.1415927410125732, 0.0, 0.0, 0.0, 0.0, 0.0, 0.0, 0.0, 0.0, 0.0, 0.0, 0.0, 0.0, 0.0, 0.0, 0.0, 0.0, 3.1415927410125732, 3.1415927410125732, 3.1415927410125732, 3.1415927410125732, 3.1415927410125732, 3.1415927410125732, 3.1415927410125732, 3.1415927410125732, 3.1415927410125732, 3.1415927410125732, 3.1415927410125732, 3.1415927410125732, 3.1415927410125732, 3.1415927410125732, 3.1415927410125732, 3.1415927410125732, 0.0, 0.0, 0.0, 0.0, 0.0, 0.0, 0.0, 0.0, 0.0, 0.0, 0.0, 0.0, 0.0, 0.0, 0.0, 0.0, 3.1415927410125732, 3.1415927410125732, 3.1415927410125732, 3.1415927410125732, 3.1415927410125732, 3.1415927410125732, 3.1415927410125732, 3.1415927410125732, 3.1415927410125732, 3.1415927410125732, 3.1415927410125732, 3.1415927410125732, 3.1415927410125732, 3.1415927410125732, 3.1415927410125732, 3.1415927410125732, 0.0, 0.0, 0.0, 0.0, 0.0, 0.0, 0.0, 0.0, 0.0, 0.0, 0.0, 0.0, 0.0, 0.0, 0.0, 0.0, 3.1415927410125732, 3.1415927410125732, 3.1415927410125732, 3.1415927410125732, 3.1415927410125732, 3.1415927410125732, 3.1415927410125732, 3.1415927410125732, 3.1415927410125732, 3.1415927410125732, 3.1415927410125732, 3.1415927410125732, 3.1415927410125732, 3.1415927410125732, 3.1415927410125732, 3.1415927410125732, 0.0, 0.0, 0.0, 0.0, 0.0, 0.0, 0.0, 0.0, 0.0, 0.0, 0.0, 0.0, 0.0, 0.0, 0.0, 0.0, 3.1415927410125732, 3.1415927410125732, 3.1415927410125732, 3.1415927410125732, 3.1415927410125732, 3.1415927410125732, 3.1415927410125732, 3.1415927410125732, 3.1415927410125732, 3.1415927410125732, 3.1415927410125732, 3.1415927410125732, 3.1415927410125732, 3.1415927410125732, 3.1415927410125732, 3.1415927410125732, 0.0, 0.0, 0.0, 0.0, 0.0, 0.0, 0.0, 0.0, 0.0, 0.0, 0.0, 0.0, 0.0, 0.0, 0.0, 0.0, 3.1415927410125732, 3.1415927410125732, 3.1415927410125732, 3.1415927410125732, 3.1415927410125732, 3.1415927410125732, 3.1415927410125732, 3.1415927410125732, 3.1415927410125732, 3.1415927410125732, 3.1415927410125732, 3.1415927410125732, 3.1415927410125732, 3.1415927410125732, 3.1415927410125732, 3.1415927410125732, 0.0, 0.0, 0.0, 0.0, 0.0, 0.0, 0.0, 0.0, 0.0, 0.0, 0.0, 0.0, 0.0, 0.0, 0.0, 0.0, 3.1415927410125732, 3.1415927410125732, 3.1415927410125732, 3.1415927410125732, 3.1415927410125732, 3.1415927410125732, 3.1415927410125732, 3.1415927410125732, 3.1415927410125732, 3.1415927410125732, 3.1415927410125732, 3.1415927410125732, 3.1415927410125732, 3.1415927410125732, 3.1415927410125732, 3.1415927410125732, 0.0, 0.0, 0.0, 0.0, 0.0, 0.0, 0.0, 0.0, 0.0, 0.0, 0.0, 0.0, 0.0, 0.0, 0.0, 0.0, 3.1415927410125732, 3.1415927410125732, 3.1415927410125732, 3.1415927410125732, 3.1415927410125732, 3.1415927410125732, 3.1415927410125732, 3.1415927410125732, 3.1415927410125732, 3.1415927410125732, 3.1415927410125732, 3.1415927410125732, 3.1415927410125732, 3.1415927410125732, 3.1415927410125732, 3.1415927410125732, 0.0, 0.0, 0.0, 0.0, 0.0, 0.0, 0.0, 0.0, 0.0, 0.0, 0.0, 0.0, 0.0, 0.0, 0.0, 0.0, 3.1415927410125732, 3.1415927410125732, 3.1415927410125732, 3.1415927410125732, 3.1415927410125732, 3.1415927410125732, 3.1415927410125732, 3.1415927410125732, 3.1415927410125732, 3.1415927410125732, 3.1415927410125732, 3.1415927410125732, 3.1415927410125732, 3.1415927410125732, 3.1415927410125732, 3.1415927410125732, 0.0, 0.0, 0.0, 0.0, 0.0, 0.0, 0.0, 0.0, 0.0, 0.0, 0.0, 0.0, 0.0, 0.0, 0.0, 0.0, 0.0, 0.0, 0.0, 0.0, 0.0, 0.0, 0.0, 0.0, 0.0, 0.0, 0.0, 0.0, 0.0, 0.0, 0.0, 0.0, 0.0, 0.0, 0.0, 0.0, 0.0, 0.0, 0.0, 0.0, 0.0, 0.0, 0.0, 0.0, 0.0, 0.0, 0.0, 0.0, 0.0, 0.0, 0.0, 0.0, 0.0, 0.0, 0.0, 0.0, 0.0, 0.0, 0.0, 0.0, 0.0, 0.0, 0.0, 0.0, 0.0, 0.0, 0.0, 0.0, 0.0, 0.0, 0.0, 0.0, 0.0, 0.0, 0.0, 0.0, 0.0, 0.0, 0.0, 0.0, 0.0, 0.0, 0.0, 0.0, 0.0, 0.0, 0.0, 0.0, 0.0, 0.0, 0.0, 0.0, 0.0, 0.0, 0.0, 0.0, 0.0, 0.0, 0.0, 0.0, 0.0, 0.0, 0.0, 0.0, 0.0, 0.0, 0.0, 0.0, 0.0, 0.0, 0.0, 0.0, 0.0, 0.0, 0.0, 0.0, 0.0, 0.0, 0.0, 0.0, 0.0, 0.0, 0.0, 0.0, 0.0, 0.0, 0.0, 0.0, 0.0, 0.0, 0.0, 0.0, 0.0, 0.0, 0.0, 0.0, 0.0, 0.0, 0.0, 0.0, 0.0, 0.0, 0.0, 0.0, 0.0, 0.0, 0.0, 0.0, 0.0, 0.0, 0.0, 0.0, 0.0, 0.0, 0.0, 0.0, 0.0, 0.0, 0.0, 0.0, 0.0, 0.0, 0.0, 0.0, 0.0, 0.0, 0.0, 0.0, 0.0, 0.0, 0.0, 0.0, 0.0, 0.0, 0.0, 0.0, 0.0, 0.0, 0.0, 0.0, 0.0, 0.0, 0.0, 0.0, 0.0, 0.0, 0.0, 0.0, 0.0, 0.0, 0.0, 0.0, 0.0, 0.0, 0.0, 0.0, 0.0, 0.0, 0.0, 0.0, 0.0, 0.0, 0.0, 0.0, 0.0, 0.0, 0.0, 0.0, 0.0, 0.0, 0.0, 0.0, 0.0, 0.0, 0.0, 0.0, 0.0, 0.0, 0.0, 0.0, 0.0, 0.0, 0.0, 0.0, 0.0, 0.0, 0.0, 0.0, 0.0, 0.0, 0.0, 0.0, 0.0, 0.0, 0.0, 0.0, 0.0, 0.0, 0.0, 0.0, 0.0, 0.0, 0.0, 0.0, 0.0, 0.0, 0.0, 0.0, 0.0, 0.0, 0.0, 0.0, 0.0, 0.0, 0.0, 0.0, 0.0, 0.0, 0.0, 0.0, 0.0, 0.0, 0.0, 0.0, 3.1415927410125732, 3.1415927410125732, 3.1415927410125732, 3.1415927410125732, 3.1415927410125732, 3.1415927410125732, 3.1415927410125732, 3.1415927410125732, 0.0, 0.0, 0.0, 0.0, 0.0, 0.0, 0.0, 0.0, 0.0, 0.0, 0.0, 0.0, 0.0, 0.0, 0.0, 0.0, 0.0, 0.0, 0.0, 0.0, 0.0, 0.0, 0.0, 0.0, 3.1415927410125732, 3.1415927410125732, 3.1415927410125732, 3.1415927410125732, 3.1415927410125732, 3.1415927410125732, 3.1415927410125732, 3.1415927410125732, 0.0, 0.0, 0.0, 0.0, 0.0, 0.0, 0.0, 0.0, 0.0, 0.0, 0.0, 0.0, 0.0, 0.0, 0.0, 0.0, 0.0, 0.0, 0.0, 0.0, 0.0, 0.0, 0.0, 0.0, 3.1415927410125732, 3.1415927410125732, 3.1415927410125732, 3.1415927410125732, 3.1415927410125732, 3.1415927410125732, 3.1415927410125732, 3.1415927410125732, 0.0, 0.0, 0.0, 0.0, 0.0, 0.0, 0.0, 0.0, 0.0, 0.0, 0.0, 0.0, 0.0, 0.0, 0.0, 0.0, 0.0, 0.0, 0.0, 0.0, 0.0, 0.0, 0.0, 0.0, 3.1415927410125732, 3.1415927410125732, 3.1415927410125732, 3.1415927410125732, 3.1415927410125732, 3.1415927410125732, 3.1415927410125732, 3.1415927410125732, 0.0, 0.0, 0.0, 0.0, 0.0, 0.0, 0.0, 0.0, 0.0, 0.0, 0.0, 0.0, 0.0, 0.0, 0.0, 0.0, 0.0, 0.0, 0.0, 0.0, 0.0, 0.0, 0.0, 0.0, 3.1415927410125732, 3.1415927410125732, 3.1415927410125732, 3.1415927410125732, 3.1415927410125732, 3.1415927410125732, 3.1415927410125732, 3.1415927410125732, 0.0, 0.0, 0.0, 0.0, 0.0, 0.0, 0.0, 0.0, 0.0, 0.0, 0.0, 0.0, 0.0, 0.0, 0.0, 0.0, 0.0, 0.0, 0.0, 0.0, 0.0, 0.0, 0.0, 0.0, 3.1415927410125732, 3.1415927410125732, 3.1415927410125732, 3.1415927410125732, 3.1415927410125732, 3.1415927410125732, 3.1415927410125732, 3.1415927410125732, 0.0, 0.0, 0.0, 0.0, 0.0, 0.0, 0.0, 0.0, 0.0, 0.0, 0.0, 0.0, 0.0, 0.0, 0.0, 0.0, 0.0, 0.0, 0.0, 0.0, 0.0, 0.0, 0.0, 0.0, 3.1415927410125732, 3.1415927410125732, 3.1415927410125732, 3.1415927410125732, 3.1415927410125732, 3.1415927410125732, 3.1415927410125732, 3.1415927410125732, 0.0, 0.0, 0.0, 0.0, 0.0, 0.0, 0.0, 0.0, 0.0, 0.0, 0.0, 0.0, 0.0, 0.0, 0.0, 0.0, 0.0, 0.0, 0.0, 0.0, 0.0, 0.0, 0.0, 0.0, 3.1415927410125732, 3.1415927410125732, 3.1415927410125732, 3.1415927410125732, 3.1415927410125732, 3.1415927410125732, 3.1415927410125732, 3.1415927410125732, 0.0, 0.0, 0.0, 0.0, 0.0, 0.0, 0.0, 0.0, 0.0, 0.0, 0.0, 0.0, 0.0, 0.0, 0.0, 0.0]"
0.6088365,0.15223686,0.15219523,0.15220979,0.15219462,0.15220913,-9.53539467,-9.53664207,-9.53620815,-9.53666496,"[3.1415927410125732, 3.1415927410125732, 3.1415927410125732, 3.1415927410125732, 3.1415927410125732, 3.1415927410125732, 3.1415927410125732, 3.1415927410125732, 3.1415927410125732, 3.1415927410125732, 3.1415927410125732, 3.1415927410125732, 3.1415927410125732, 3.1415927410125732, 3.1415927410125732, 3.1415927410125732, 3.1415927410125732, 3.1415927410125732, 3.1415927410125732, 3.1415927410125732, 3.1415927410125732, 3.1415927410125732, 3.1415927410125732, 3.1415927410125732, 3.1415927410125732, 3.1415927410125732, 3.1415927410125732, 3.1415927410125732, 3.1415927410125732, 3.1415927410125732, 3.1415927410125732, 3.1415927410125732, 3.1415927410125732, 3.1415927410125732, 3.1415927410125732, 3.1415927410125732, 3.1415927410125732, 3.1415927410125732, 3.1415927410125732, 3.1415927410125732, 3.1415927410125732, 3.1415927410125732, 3.1415927410125732, 3.1415927410125732, 3.1415927410125732, 3.1415927410125732, 3.1415927410125732, 3.1415927410125732, 3.1415927410125732, 3.1415927410125732, 3.1415927410125732, 3.1415927410125732, 3.1415927410125732, 3.1415927410125732, 3.1415927410125732, 3.1415927410125732, 3.1415927410125732, 3.1415927410125732, 3.1415927410125732, 3.1415927410125732, 3.1415927410125732, 3.1415927410125732, 3.1415927410125732, 3.1415927410125732, 3.1415927410125732, 3.1415927410125732, 3.1415927410125732, 3.1415927410125732, 3.1415927410125732, 3.1415927410125732, 3.1415927410125732, 3.1415927410125732, 3.1415927410125732, 3.1415927410125732, 3.1415927410125732, 3.1415927410125732, 3.1415927410125732, 3.1415927410125732, 3.1415927410125732, 3.1415927410125732, 3.1415927410125732, 3.1415927410125732, 3.1415927410125732, 3.1415927410125732, 3.1415927410125732, 3.1415927410125732, 3.1415927410125732, 3.1415927410125732, 3.1415927410125732, 3.1415927410125732, 3.1415927410125732, 3.1415927410125732, 3.1415927410125732, 3.1415927410125732, 3.1415927410125732, 3.1415927410125732, 3.1415927410125732, 3.1415927410125732, 3.1415927410125732, 3.1415927410125732, 3.1415927410125732, 3.1415927410125732, 3.1415927410125732, 3.1415927410125732, 3.1415927410125732, 3.1415927410125732, 3.1415927410125732, 3.1415927410125732, 3.1415927410125732, 3.1415927410125732, 3.1415927410125732, 3.1415927410125732, 3.1415927410125732, 3.1415927410125732, 3.1415927410125732, 3.1415927410125732, 3.1415927410125732, 3.1415927410125732, 3.1415927410125732, 3.1415927410125732, 3.1415927410125732, 3.1415927410125732, 3.1415927410125732, 3.1415927410125732, 3.1415927410125732, 3.1415927410125732, 3.1415927410125732, 3.1415927410125732, 3.1415927410125732, 3.1415927410125732, 3.1415927410125732, 3.1415927410125732, 3.1415927410125732, 3.1415927410125732, 3.1415927410125732, 3.1415927410125732, 3.1415927410125732, 3.1415927410125732, 3.1415927410125732, 3.1415927410125732, 3.1415927410125732, 3.1415927410125732, 3.1415927410125732, 3.1415927410125732, 3.1415927410125732, 3.1415927410125732, 3.1415927410125732, 3.1415927410125732, 3.1415927410125732, 3.1415927410125732, 3.1415927410125732, 3.1415927410125732, 3.1415927410125732, 3.1415927410125732, 3.1415927410125732, 3.1415927410125732, 3.1415927410125732, 3.1415927410125732, 3.1415927410125732, 3.1415927410125732, 3.1415927410125732, 3.1415927410125732, 3.1415927410125732, 3.1415927410125732, 3.1415927410125732, 3.1415927410125732, 3.1415927410125732, 3.1415927410125732, 3.1415927410125732, 3.1415927410125732, 3.1415927410125732, 3.1415927410125732, 3.1415927410125732, 3.1415927410125732, 3.1415927410125732, 3.1415927410125732, 3.1415927410125732, 3.1415927410125732, 3.1415927410125732, 3.1415927410125732, 3.1415927410125732, 3.1415927410125732, 3.1415927410125732, 3.1415927410125732, 3.1415927410125732, 3.1415927410125732, 3.1415927410125732, 3.1415927410125732, 3.1415927410125732, 3.1415927410125732, 3.1415927410125732, 3.1415927410125732, 3.1415927410125732, 3.1415927410125732, 3.1415927410125732, 3.1415927410125732, 3.1415927410125732, 3.1415927410125732, 3.1415927410125732, 3.1415927410125732, 3.1415927410125732, 3.1415927410125732, 3.1415927410125732, 3.1415927410125732, 3.1415927410125732, 3.1415927410125732, 3.1415927410125732, 3.1415927410125732, 3.1415927410125732, 3.1415927410125732, 3.1415927410125732, 3.1415927410125732, 3.1415927410125732, 3.1415927410125732, 3.1415927410125732, 3.1415927410125732, 3.1415927410125732, 3.1415927410125732, 3.1415927410125732, 3.1415927410125732, 3.1415927410125732, 3.1415927410125732, 3.1415927410125732, 3.1415927410125732, 3.1415927410125732, 3.1415927410125732, 3.1415927410125732, 3.1415927410125732, 3.1415927410125732, 3.1415927410125732, 3.1415927410125732, 3.1415927410125732, 3.1415927410125732, 3.1415927410125732, 3.1415927410125732, 3.1415927410125732, 3.1415927410125732, 3.1415927410125732, 3.1415927410125732, 3.1415927410125732, 3.1415927410125732, 3.1415927410125732, 3.1415927410125732, 3.1415927410125732, 3.1415927410125732, 3.1415927410125732, 3.1415927410125732, 3.1415927410125732, 3.1415927410125732, 3.1415927410125732, 3.1415927410125732, 3.1415927410125732, 3.1415927410125732, 3.1415927410125732, 3.1415927410125732, 3.1415927410125732, 0.0, 0.0, 0.0, 0.0, 0.0, 0.0, 0.0, 0.0, 0.0, 0.0, 0.0, 0.0, 0.0, 0.0, 0.0, 0.0, 3.1415927410125732, 3.1415927410125732, 3.1415927410125732, 3.1415927410125732, 3.1415927410125732, 3.1415927410125732, 3.1415927410125732, 3.1415927410125732, 3.1415927410125732, 3.1415927410125732, 3.1415927410125732, 3.1415927410125732, 3.1415927410125732, 3.1415927410125732, 3.1415927410125732, 3.1415927410125732, 0.0, 0.0, 0.0, 0.0, 0.0, 0.0, 0.0, 0.0, 0.0, 0.0, 0.0, 0.0, 0.0, 0.0, 0.0, 0.0, 3.1415927410125732, 3.1415927410125732, 3.1415927410125732, 3.1415927410125732, 3.1415927410125732, 3.1415927410125732, 3.1415927410125732, 3.1415927410125732, 3.1415927410125732, 3.1415927410125732, 3.1415927410125732, 3.1415927410125732, 3.1415927410125732, 3.1415927410125732, 3.1415927410125732, 3.1415927410125732, 0.0, 0.0, 0.0, 0.0, 0.0, 0.0, 0.0, 0.0, 0.0, 0.0, 0.0, 0.0, 0.0, 0.0, 0.0, 0.0, 3.1415927410125732, 3.1415927410125732, 3.1415927410125732, 3.1415927410125732, 3.1415927410125732, 3.1415927410125732, 3.1415927410125732, 3.1415927410125732, 3.1415927410125732, 3.1415927410125732, 3.1415927410125732, 3.1415927410125732, 3.1415927410125732, 3.1415927410125732, 3.1415927410125732, 3.1415927410125732, 0.0, 0.0, 0.0, 0.0, 0.0, 0.0, 0.0, 0.0, 0.0, 0.0, 0.0, 0.0, 0.0, 0.0, 0.0, 0.0, 3.1415927410125732, 3.1415927410125732, 3.1415927410125732, 3.1415927410125732, 3.1415927410125732, 3.1415927410125732, 3.1415927410125732, 3.1415927410125732, 3.1415927410125732, 3.1415927410125732, 3.1415927410125732, 3.1415927410125732, 3.1415927410125732, 3.1415927410125732, 3.1415927410125732, 3.1415927410125732, 0.0, 0.0, 0.0, 0.0, 0.0, 0.0, 0.0, 0.0, 0.0, 0.0, 0.0, 0.0, 0.0, 0.0, 0.0, 0.0, 3.1415927410125732, 3.1415927410125732, 3.1415927410125732, 3.1415927410125732, 3.1415927410125732, 3.1415927410125732, 3.1415927410125732, 3.1415927410125732, 3.1415927410125732, 3.1415927410125732, 3.1415927410125732, 3.1415927410125732, 3.1415927410125732, 3.1415927410125732, 3.1415927410125732, 3.1415927410125732, 0.0, 0.0, 0.0, 0.0, 0.0, 0.0, 0.0, 0.0, 0.0, 0.0, 0.0, 0.0, 0.0, 0.0, 0.0, 0.0, 3.1415927410125732, 3.1415927410125732, 3.1415927410125732, 3.1415927410125732, 3.1415927410125732, 3.1415927410125732, 3.1415927410125732, 3.1415927410125732, 3.1415927410125732, 3.1415927410125732, 3.1415927410125732, 3.1415927410125732, 3.1415927410125732, 3.1415927410125732, 3.1415927410125732, 3.1415927410125732, 0.0, 0.0, 0.0, 0.0, 0.0, 0.0, 0.0, 0.0, 0.0, 0.0, 0.0, 0.0, 0.0, 0.0, 0.0, 0.0, 3.1415927410125732, 3.1415927410125732, 3.1415927410125732, 3.1415927410125732, 3.1415927410125732, 3.1415927410125732, 3.1415927410125732, 3.1415927410125732, 3.1415927410125732, 3.1415927410125732, 3.1415927410125732, 3.1415927410125732, 3.1415927410125732, 3.1415927410125732, 3.1415927410125732, 3.1415927410125732, 0.0, 0.0, 0.0, 0.0, 0.0, 0.0, 0.0, 0.0, 0.0, 0.0, 0.0, 0.0, 0.0, 0.0, 0.0, 0.0, 3.1415927410125732, 3.1415927410125732, 3.1415927410125732, 3.1415927410125732, 3.1415927410125732, 3.1415927410125732, 3.1415927410125732, 3.1415927410125732, 3.1415927410125732, 3.1415927410125732, 3.1415927410125732, 3.1415927410125732, 3.1415927410125732, 3.1415927410125732, 3.1415927410125732, 3.1415927410125732, 0.0, 0.0, 0.0, 0.0, 0.0, 0.0, 0.0, 0.0, 0.0, 0.0, 0.0, 0.0, 0.0, 0.0, 0.0, 0.0, 0.0, 0.0, 0.0, 0.0, 0.0, 0.0, 0.0, 0.0, 0.0, 0.0, 0.0, 0.0, 0.0, 0.0, 0.0, 0.0, 0.0, 0.0, 0.0, 0.0, 0.0, 0.0, 0.0, 0.0, 0.0, 0.0, 0.0, 0.0, 0.0, 0.0, 0.0, 0.0, 0.0, 0.0, 0.0, 0.0, 0.0, 0.0, 0.0, 0.0, 0.0, 0.0, 0.0, 0.0, 0.0, 0.0, 0.0, 0.0, 0.0, 0.0, 0.0, 0.0, 0.0, 0.0, 0.0, 0.0, 0.0, 0.0, 0.0, 0.0, 0.0, 0.0, 0.0, 0.0, 0.0, 0.0, 0.0, 0.0, 0.0, 0.0, 0.0, 0.0, 0.0, 0.0, 0.0, 0.0, 0.0, 0.0, 0.0, 0.0, 0.0, 0.0, 0.0, 0.0, 0.0, 0.0, 0.0, 0.0, 0.0, 0.0, 0.0, 0.0, 0.0, 0.0, 0.0, 0.0, 0.0, 0.0, 0.0, 0.0, 0.0, 0.0, 0.0, 0.0, 0.0, 0.0, 0.0, 0.0, 0.0, 0.0, 0.0, 0.0, 0.0, 0.0, 0.0, 0.0, 0.0, 0.0, 0.0, 0.0, 0.0, 0.0, 0.0, 0.0, 0.0, 0.0, 0.0, 0.0, 0.0, 0.0, 0.0, 0.0, 0.0, 0.0, 0.0, 0.0, 0.0, 0.0, 0.0, 0.0, 0.0, 0.0, 0.0, 0.0, 0.0, 0.0, 0.0, 0.0, 0.0, 0.0, 0.0, 0.0, 0.0, 0.0, 0.0, 0.0, 0.0, 0.0, 0.0, 0.0, 0.0, 0.0, 0.0, 0.0, 0.0, 0.0, 0.0, 0.0, 0.0, 0.0, 0.0, 0.0, 0.0, 0.0, 0.0, 0.0, 0.0, 0.0, 0.0, 0.0, 0.0, 0.0, 0.0, 0.0, 0.0, 0.0, 0.0, 0.0, 0.0, 0.0, 0.0, 0.0, 0.0, 0.0, 0.0, 0.0, 0.0, 0.0, 0.0, 0.0, 0.0, 0.0, 0.0, 0.0, 0.0, 0.0, 0.0, 0.0, 0.0, 0.0, 0.0, 0.0, 0.0, 0.0, 0.0, 0.0, 0.0, 0.0, 0.0, 0.0, 0.0, 0.0, 0.0, 0.0, 0.0, 0.0, 0.0, 0.0, 0.0, 0.0, 0.0, 0.0, 0.0, 0.0, 0.0, 0.0, 0.0, 0.0, 0.0, 0.0, 0.0, 0.0, 0.0, 0.0, 0.0, 0.0, 0.0, 0.0, 3.1415927410125732, 3.1415927410125732, 3.1415927410125732, 3.1415927410125732, 3.1415927410125732, 3.1415927410125732, 3.1415927410125732, 3.1415927410125732, 0.0, 0.0, 0.0, 0.0, 0.0, 0.0, 0.0, 0.0, 0.0, 0.0, 0.0, 0.0, 0.0, 0.0, 0.0, 0.0, 0.0, 0.0, 0.0, 0.0, 0.0, 0.0, 0.0, 0.0, 3.1415927410125732, 3.1415927410125732, 3.1415927410125732, 3.1415927410125732, 3.1415927410125732, 3.1415927410125732, 3.1415927410125732, 3.1415927410125732, 0.0, 0.0, 0.0, 0.0, 0.0, 0.0, 0.0, 0.0, 0.0, 0.0, 0.0, 0.0, 0.0, 0.0, 0.0, 0.0, 0.0, 0.0, 0.0, 0.0, 0.0, 0.0, 0.0, 0.0, 3.1415927410125732, 3.1415927410125732, 3.1415927410125732, 3.1415927410125732, 3.1415927410125732, 3.1415927410125732, 3.1415927410125732, 3.1415927410125732, 0.0, 0.0, 0.0, 0.0, 0.0, 0.0, 0.0, 0.0, 0.0, 0.0, 0.0, 0.0, 0.0, 0.0, 0.0, 0.0, 0.0, 0.0, 0.0, 0.0, 0.0, 0.0, 0.0, 0.0, 3.1415927410125732, 3.1415927410125732, 3.1415927410125732, 3.1415927410125732, 3.1415927410125732, 3.1415927410125732, 3.1415927410125732, 3.1415927410125732, 0.0, 0.0, 0.0, 0.0, 0.0, 0.0, 0.0, 0.0, 0.0, 0.0, 0.0, 0.0, 0.0, 0.0, 0.0, 0.0, 0.0, 0.0, 0.0, 0.0, 0.0, 0.0, 0.0, 0.0, 3.1415927410125732, 3.1415927410125732, 3.1415927410125732, 3.1415927410125732, 3.1415927410125732, 3.1415927410125732, 3.1415927410125732, 3.1415927410125732, 0.0, 0.0, 0.0, 0.0, 0.0, 0.0, 0.0, 0.0, 0.0, 0.0, 0.0, 0.0, 0.0, 0.0, 0.0, 0.0, 0.0, 0.0, 0.0, 0.0, 0.0, 0.0, 0.0, 0.0, 3.1415927410125732, 3.1415927410125732, 3.1415927410125732, 3.1415927410125732, 3.1415927410125732, 3.1415927410125732, 3.1415927410125732, 3.1415927410125732, 0.0, 0.0, 0.0, 0.0, 0.0, 0.0, 0.0, 0.0, 0.0, 0.0, 0.0, 0.0, 0.0, 0.0, 0.0, 0.0, 0.0, 0.0, 0.0, 0.0, 0.0, 0.0, 0.0, 0.0, 3.1415927410125732, 3.1415927410125732, 3.1415927410125732, 3.1415927410125732, 3.1415927410125732, 3.1415927410125732, 3.1415927410125732, 3.1415927410125732, 0.0, 0.0, 0.0, 0.0, 0.0, 0.0, 0.0, 0.0, 0.0, 0.0, 0.0, 0.0, 0.0, 0.0, 0.0, 0.0, 0.0, 0.0, 0.0, 0.0, 0.0, 0.0, 0.0, 0.0, 3.1415927410125732, 3.1415927410125732, 3.1415927410125732, 3.1415927410125732, 3.1415927410125732, 3.1415927410125732, 3.1415927410125732, 3.1415927410125732, 0.0, 0.0, 0.0, 0.0, 0.0, 0.0, 0.0, 0.0, 0.0, 0.0, 0.0, 0.0, 0.0, 0.0, 0.0, 0.0]"
0.6088365,0.15223686,0.15219523,0.15220979,0.15219462,0.15220913,-9.53539467,-9.53664207,-9.53620815,-9.53666496,"[3.1415927410125732, 3.1415927410125732, 3.1415927410125732, 3.1415927410125732, 3.1415927410125732, 3.1415927410125732, 3.1415927410125732, 3.1415927410125732, 3.1415927410125732, 3.1415927410125732, 3.1415927410125732, 3.1415927410125732, 3.1415927410125732, 3.1415927410125732, 3.1415927410125732, 3.1415927410125732, 3.1415927410125732, 3.1415927410125732, 3.1415927410125732, 3.1415927410125732, 3.1415927410125732, 3.1415927410125732, 3.1415927410125732, 3.1415927410125732, 3.1415927410125732, 3.1415927410125732, 3.1415927410125732, 3.1415927410125732, 3.1415927410125732, 3.1415927410125732, 3.1415927410125732, 3.1415927410125732, 3.1415927410125732, 3.1415927410125732, 3.1415927410125732, 3.1415927410125732, 3.1415927410125732, 3.1415927410125732, 3.1415927410125732, 3.1415927410125732, 3.1415927410125732, 3.1415927410125732, 3.1415927410125732, 3.1415927410125732, 3.1415927410125732, 3.1415927410125732, 3.1415927410125732, 3.1415927410125732, 3.1415927410125732, 3.1415927410125732, 3.1415927410125732, 3.1415927410125732, 3.1415927410125732, 3.1415927410125732, 3.1415927410125732, 3.1415927410125732, 3.1415927410125732, 3.1415927410125732, 3.1415927410125732, 3.1415927410125732, 3.1415927410125732, 3.1415927410125732, 3.1415927410125732, 3.1415927410125732, 3.1415927410125732, 3.1415927410125732, 3.1415927410125732, 3.1415927410125732, 3.1415927410125732, 3.1415927410125732, 3.1415927410125732, 3.1415927410125732, 3.1415927410125732, 3.1415927410125732, 3.1415927410125732, 3.1415927410125732, 3.1415927410125732, 3.1415927410125732, 3.1415927410125732, 3.1415927410125732, 3.1415927410125732, 3.1415927410125732, 3.1415927410125732, 3.1415927410125732, 3.1415927410125732, 3.1415927410125732, 3.1415927410125732, 3.1415927410125732, 3.1415927410125732, 3.1415927410125732, 3.1415927410125732, 3.1415927410125732, 3.1415927410125732, 3.1415927410125732, 3.1415927410125732, 3.1415927410125732, 3.1415927410125732, 3.1415927410125732, 3.1415927410125732, 3.1415927410125732, 3.1415927410125732, 3.1415927410125732, 3.1415927410125732, 3.1415927410125732, 3.1415927410125732, 3.1415927410125732, 3.1415927410125732, 3.1415927410125732, 3.1415927410125732, 3.1415927410125732, 3.1415927410125732, 3.1415927410125732, 3.1415927410125732, 3.1415927410125732, 3.1415927410125732, 3.1415927410125732, 3.1415927410125732, 3.1415927410125732, 3.1415927410125732, 3.1415927410125732, 3.1415927410125732, 3.1415927410125732, 3.1415927410125732, 3.1415927410125732, 3.1415927410125732, 3.1415927410125732, 3.1415927410125732, 3.1415927410125732, 3.1415927410125732, 3.1415927410125732, 3.1415927410125732, 3.1415927410125732, 3.1415927410125732, 3.1415927410125732, 3.1415927410125732, 3.1415927410125732, 3.1415927410125732, 3.1415927410125732, 3.1415927410125732, 3.1415927410125732, 3.1415927410125732, 3.1415927410125732, 3.1415927410125732, 3.1415927410125732, 3.1415927410125732, 3.1415927410125732, 3.1415927410125732, 3.1415927410125732, 3.1415927410125732, 3.1415927410125732, 3.1415927410125732, 3.1415927410125732, 3.1415927410125732, 3.1415927410125732, 3.1415927410125732, 3.1415927410125732, 3.1415927410125732, 3.1415927410125732, 3.1415927410125732, 3.1415927410125732, 3.1415927410125732, 3.1415927410125732, 3.1415927410125732, 3.1415927410125732, 3.1415927410125732, 3.1415927410125732, 3.1415927410125732, 3.1415927410125732, 3.1415927410125732, 3.1415927410125732, 3.1415927410125732, 3.1415927410125732, 3.1415927410125732, 3.1415927410125732, 3.1415927410125732, 3.1415927410125732, 3.1415927410125732, 3.1415927410125732, 3.1415927410125732, 3.1415927410125732, 3.1415927410125732, 3.1415927410125732, 3.1415927410125732, 3.1415927410125732, 3.1415927410125732, 3.1415927410125732, 3.1415927410125732, 3.1415927410125732, 3.1415927410125732, 3.1415927410125732, 3.1415927410125732, 3.1415927410125732, 3.1415927410125732, 3.1415927410125732, 3.1415927410125732, 3.1415927410125732, 3.1415927410125732, 3.1415927410125732, 3.1415927410125732, 3.1415927410125732, 3.1415927410125732, 3.1415927410125732, 3.1415927410125732, 3.1415927410125732, 3.1415927410125732, 3.1415927410125732, 3.1415927410125732, 3.1415927410125732, 3.1415927410125732, 3.1415927410125732, 3.1415927410125732, 3.1415927410125732, 3.1415927410125732, 3.1415927410125732, 3.1415927410125732, 3.1415927410125732, 3.1415927410125732, 3.1415927410125732, 3.1415927410125732, 3.1415927410125732, 3.1415927410125732, 3.1415927410125732, 3.1415927410125732, 3.1415927410125732, 3.1415927410125732, 3.1415927410125732, 3.1415927410125732, 3.1415927410125732, 3.1415927410125732, 3.1415927410125732, 3.1415927410125732, 3.1415927410125732, 3.1415927410125732, 3.1415927410125732, 3.1415927410125732, 3.1415927410125732, 3.1415927410125732, 3.1415927410125732, 3.1415927410125732, 3.1415927410125732, 3.1415927410125732, 3.1415927410125732, 3.1415927410125732, 3.1415927410125732, 3.1415927410125732, 3.1415927410125732, 3.1415927410125732, 3.1415927410125732, 3.1415927410125732, 3.1415927410125732, 3.1415927410125732, 3.1415927410125732, 3.1415927410125732, 3.1415927410125732, 3.1415927410125732, 3.1415927410125732, 0.0, 0.0, 0.0, 0.0, 0.0, 0.0, 0.0, 0.0, 0.0, 0.0, 0.0, 0.0, 0.0, 0.0, 0.0, 0.0, 3.1415927410125732, 3.1415927410125732, 3.1415927410125732, 3.1415927410125732, 3.1415927410125732, 3.1415927410125732, 3.1415927410125732, 3.1415927410125732, 3.1415927410125732, 3.1415927410125732, 3.1415927410125732, 3.1415927410125732, 3.1415927410125732, 3.1415927410125732, 3.1415927410125732, 3.1415927410125732, 0.0, 0.0, 0.0, 0.0, 0.0, 0.0, 0.0, 0.0, 0.0, 0.0, 0.0, 0.0, 0.0, 0.0, 0.0, 0.0, 3.1415927410125732, 3.1415927410125732, 3.1415927410125732, 3.1415927410125732, 3.1415927410125732, 3.1415927410125732, 3.1415927410125732, 3.1415927410125732, 3.1415927410125732, 3.1415927410125732, 3.1415927410125732, 3.1415927410125732, 3.1415927410125732, 3.1415927410125732, 3.1415927410125732, 3.1415927410125732, 0.0, 0.0, 0.0, 0.0, 0.0, 0.0, 0.0, 0.0, 0.0, 0.0, 0.0, 0.0, 0.0, 0.0, 0.0, 0.0, 3.1415927410125732, 3.1415927410125732, 3.1415927410125732, 3.1415927410125732, 3.1415927410125732, 3.1415927410125732, 3.1415927410125732, 3.1415927410125732, 3.1415927410125732, 3.1415927410125732, 3.1415927410125732, 3.1415927410125732, 3.1415927410125732, 3.1415927410125732, 3.1415927410125732, 3.1415927410125732, 0.0, 0.0, 0.0, 0.0, 0.0, 0.0, 0.0, 0.0, 0.0, 0.0, 0.0, 0.0, 0.0, 0.0, 0.0, 0.0, 3.1415927410125732, 3.1415927410125732, 3.1415927410125732, 3.1415927410125732, 3.1415927410125732, 3.1415927410125732, 3.1415927410125732, 3.1415927410125732, 3.1415927410125732, 3.1415927410125732, 3.1415927410125732, 3.1415927410125732, 3.1415927410125732, 3.1415927410125732, 3.1415927410125732, 3.1415927410125732, 0.0, 0.0, 0.0, 0.0, 0.0, 0.0, 0.0, 0.0, 0.0, 0.0, 0.0, 0.0, 0.0, 0.0, 0.0, 0.0, 3.1415927410125732, 3.1415927410125732, 3.1415927410125732, 3.1415927410125732, 3.1415927410125732, 3.1415927410125732, 3.1415927410125732, 3.1415927410125732, 3.1415927410125732, 3.1415927410125732, 3.1415927410125732, 3.1415927410125732, 3.1415927410125732, 3.1415927410125732, 3.1415927410125732, 3.1415927410125732, 0.0, 0.0, 0.0, 0.0, 0.0, 0.0, 0.0, 0.0, 0.0, 0.0, 0.0, 0.0, 0.0, 0.0, 0.0, 0.0, 3.1415927410125732, 3.1415927410125732, 3.1415927410125732, 3.1415927410125732, 3.1415927410125732, 3.1415927410125732, 3.1415927410125732, 3.1415927410125732, 3.1415927410125732, 3.1415927410125732, 3.1415927410125732, 3.1415927410125732, 3.1415927410125732, 3.1415927410125732, 3.1415927410125732, 3.1415927410125732, 0.0, 0.0, 0.0, 0.0, 0.0, 0.0, 0.0, 0.0, 0.0, 0.0, 0.0, 0.0, 0.0, 0.0, 0.0, 0.0, 3.1415927410125732, 3.1415927410125732, 3.1415927410125732, 3.1415927410125732, 3.1415927410125732, 3.1415927410125732, 3.1415927410125732, 3.1415927410125732, 3.1415927410125732, 3.1415927410125732, 3.1415927410125732, 3.1415927410125732, 3.1415927410125732, 3.1415927410125732, 3.1415927410125732, 3.1415927410125732, 0.0, 0.0, 0.0, 0.0, 0.0, 0.0, 0.0, 0.0, 0.0, 0.0, 0.0, 0.0, 0.0, 0.0, 0.0, 0.0, 3.1415927410125732, 3.1415927410125732, 3.1415927410125732, 3.1415927410125732, 3.1415927410125732, 3.1415927410125732, 3.1415927410125732, 3.1415927410125732, 3.1415927410125732, 3.1415927410125732, 3.1415927410125732, 3.1415927410125732, 3.1415927410125732, 3.1415927410125732, 3.1415927410125732, 3.1415927410125732, 0.0, 0.0, 0.0, 0.0, 0.0, 0.0, 0.0, 0.0, 0.0, 0.0, 0.0, 0.0, 0.0, 0.0, 0.0, 0.0, 0.0, 0.0, 0.0, 0.0, 0.0, 0.0, 0.0, 0.0, 0.0, 0.0, 0.0, 0.0, 0.0, 0.0, 0.0, 0.0, 0.0, 0.0, 0.0, 0.0, 0.0, 0.0, 0.0, 0.0, 0.0, 0.0, 0.0, 0.0, 0.0, 0.0, 0.0, 0.0, 0.0, 0.0, 0.0, 0.0, 0.0, 0.0, 0.0, 0.0, 0.0, 0.0, 0.0, 0.0, 0.0, 0.0, 0.0, 0.0, 0.0, 0.0, 0.0, 0.0, 0.0, 0.0, 0.0, 0.0, 0.0, 0.0, 0.0, 0.0, 0.0, 0.0, 0.0, 0.0, 0.0, 0.0, 0.0, 0.0, 0.0, 0.0, 0.0, 0.0, 0.0, 0.0, 0.0, 0.0, 0.0, 0.0, 0.0, 0.0, 0.0, 0.0, 0.0, 0.0, 0.0, 0.0, 0.0, 0.0, 0.0, 0.0, 0.0, 0.0, 0.0, 0.0, 0.0, 0.0, 0.0, 0.0, 0.0, 0.0, 0.0, 0.0, 0.0, 0.0, 0.0, 0.0, 0.0, 0.0, 0.0, 0.0, 0.0, 0.0, 0.0, 0.0, 0.0, 0.0, 0.0, 0.0, 0.0, 0.0, 0.0, 0.0, 0.0, 0.0, 0.0, 0.0, 0.0, 0.0, 0.0, 0.0, 0.0, 0.0, 0.0, 0.0, 0.0, 0.0, 0.0, 0.0, 0.0, 0.0, 0.0, 0.0, 0.0, 0.0, 0.0, 0.0, 0.0, 0.0, 0.0, 0.0, 0.0, 0.0, 0.0, 0.0, 0.0, 0.0, 0.0, 0.0, 0.0, 0.0, 0.0, 0.0, 0.0, 0.0, 0.0, 0.0, 0.0, 0.0, 0.0, 0.0, 0.0, 0.0, 0.0, 0.0, 0.0, 0.0, 0.0, 0.0, 0.0, 0.0, 0.0, 0.0, 0.0, 0.0, 0.0, 0.0, 0.0, 0.0, 0.0, 0.0, 0.0, 0.0, 0.0, 0.0, 0.0, 0.0, 0.0, 0.0, 0.0, 0.0, 0.0, 0.0, 0.0, 0.0, 0.0, 0.0, 0.0, 0.0, 0.0, 0.0, 0.0, 0.0, 0.0, 0.0, 0.0, 0.0, 0.0, 0.0, 0.0, 0.0, 0.0, 0.0, 0.0, 0.0, 0.0, 0.0, 0.0, 0.0, 0.0, 0.0, 0.0, 0.0, 0.0, 0.0, 0.0, 0.0, 0.0, 0.0, 0.0, 0.0, 0.0, 0.0, 0.0, 0.0, 0.0, 0.0, 0.0, 0.0, 3.1415927410125732, 3.1415927410125732, 3.1415927410125732, 3.1415927410125732, 3.1415927410125732, 3.1415927410125732, 3.1415927410125732, 3.1415927410125732, 0.0, 0.0, 0.0, 0.0, 0.0, 0.0, 0.0, 0.0, 0.0, 0.0, 0.0, 0.0, 0.0, 0.0, 0.0, 0.0, 0.0, 0.0, 0.0, 0.0, 0.0, 0.0, 0.0, 0.0, 3.1415927410125732, 3.1415927410125732, 3.1415927410125732, 3.1415927410125732, 3.1415927410125732, 3.1415927410125732, 3.1415927410125732, 3.1415927410125732, 0.0, 0.0, 0.0, 0.0, 0.0, 0.0, 0.0, 0.0, 0.0, 0.0, 0.0, 0.0, 0.0, 0.0, 0.0, 0.0, 0.0, 0.0, 0.0, 0.0, 0.0, 0.0, 0.0, 0.0, 3.1415927410125732, 3.1415927410125732, 3.1415927410125732, 3.1415927410125732, 3.1415927410125732, 3.1415927410125732, 3.1415927410125732, 3.1415927410125732, 0.0, 0.0, 0.0, 0.0, 0.0, 0.0, 0.0, 0.0, 0.0, 0.0, 0.0, 0.0, 0.0, 0.0, 0.0, 0.0, 0.0, 0.0, 0.0, 0.0, 0.0, 0.0, 0.0, 0.0, 3.1415927410125732, 3.1415927410125732, 3.1415927410125732, 3.1415927410125732, 3.1415927410125732, 3.1415927410125732, 3.1415927410125732, 3.1415927410125732, 0.0, 0.0, 0.0, 0.0, 0.0, 0.0, 0.0, 0.0, 0.0, 0.0, 0.0, 0.0, 0.0, 0.0, 0.0, 0.0, 0.0, 0.0, 0.0, 0.0, 0.0, 0.0, 0.0, 0.0, 3.1415927410125732, 3.1415927410125732, 3.1415927410125732, 3.1415927410125732, 3.1415927410125732, 3.1415927410125732, 3.1415927410125732, 3.1415927410125732, 0.0, 0.0, 0.0, 0.0, 0.0, 0.0, 0.0, 0.0, 0.0, 0.0, 0.0, 0.0, 0.0, 0.0, 0.0, 0.0, 0.0, 0.0, 0.0, 0.0, 0.0, 0.0, 0.0, 0.0, 3.1415927410125732, 3.1415927410125732, 3.1415927410125732, 3.1415927410125732, 3.1415927410125732, 3.1415927410125732, 3.1415927410125732, 3.1415927410125732, 0.0, 0.0, 0.0, 0.0, 0.0, 0.0, 0.0, 0.0, 0.0, 0.0, 0.0, 0.0, 0.0, 0.0, 0.0, 0.0, 0.0, 0.0, 0.0, 0.0, 0.0, 0.0, 0.0, 0.0, 3.1415927410125732, 3.1415927410125732, 3.1415927410125732, 3.1415927410125732, 3.1415927410125732, 3.1415927410125732, 3.1415927410125732, 3.1415927410125732, 0.0, 0.0, 0.0, 0.0, 0.0, 0.0, 0.0, 0.0, 0.0, 0.0, 0.0, 0.0, 0.0, 0.0, 0.0, 0.0, 0.0, 0.0, 0.0, 0.0, 0.0, 0.0, 0.0, 0.0, 3.1415927410125732, 3.1415927410125732, 3.1415927410125732, 3.1415927410125732, 3.1415927410125732, 3.1415927410125732, 3.1415927410125732, 3.1415927410125732, 0.0, 0.0, 0.0, 0.0, 0.0, 0.0, 0.0, 0.0, 0.0, 0.0, 0.0, 0.0, 0.0, 0.0, 0.0, 0.0]"
0.6088365,0.15223686,0.15219523,0.15220979,0.15219462,0.15220913,-9.53539467,-9.53664207,-9.53620815,-9.53666496,"[3.1415927410125732, 3.1415927410125732, 3.1415927410125732, 3.1415927410125732, 3.1415927410125732, 3.1415927410125732, 3.1415927410125732, 3.1415927410125732, 3.1415927410125732, 3.1415927410125732, 3.1415927410125732, 3.1415927410125732, 3.1415927410125732, 3.1415927410125732, 3.1415927410125732, 3.1415927410125732, 3.1415927410125732, 3.1415927410125732, 3.1415927410125732, 3.1415927410125732, 3.1415927410125732, 3.1415927410125732, 3.1415927410125732, 3.1415927410125732, 3.1415927410125732, 3.1415927410125732, 3.1415927410125732, 3.1415927410125732, 3.1415927410125732, 3.1415927410125732, 3.1415927410125732, 3.1415927410125732, 3.1415927410125732, 3.1415927410125732, 3.1415927410125732, 3.1415927410125732, 3.1415927410125732, 3.1415927410125732, 3.1415927410125732, 3.1415927410125732, 3.1415927410125732, 3.1415927410125732, 3.1415927410125732, 3.1415927410125732, 3.1415927410125732, 3.1415927410125732, 3.1415927410125732, 3.1415927410125732, 3.1415927410125732, 3.1415927410125732, 3.1415927410125732, 3.1415927410125732, 3.1415927410125732, 3.1415927410125732, 3.1415927410125732, 3.1415927410125732, 3.1415927410125732, 3.1415927410125732, 3.1415927410125732, 3.1415927410125732, 3.1415927410125732, 3.1415927410125732, 3.1415927410125732, 3.1415927410125732, 3.1415927410125732, 3.1415927410125732, 3.1415927410125732, 3.1415927410125732, 3.1415927410125732, 3.1415927410125732, 3.1415927410125732, 3.1415927410125732, 3.1415927410125732, 3.1415927410125732, 3.1415927410125732, 3.1415927410125732, 3.1415927410125732, 3.1415927410125732, 3.1415927410125732, 3.1415927410125732, 3.1415927410125732, 3.1415927410125732, 3.1415927410125732, 3.1415927410125732, 3.1415927410125732, 3.1415927410125732, 3.1415927410125732, 3.1415927410125732, 3.1415927410125732, 3.1415927410125732, 3.1415927410125732, 3.1415927410125732, 3.1415927410125732, 3.1415927410125732, 3.1415927410125732, 3.1415927410125732, 3.1415927410125732, 3.1415927410125732, 3.1415927410125732, 3.1415927410125732, 3.1415927410125732, 3.1415927410125732, 3.1415927410125732, 3.1415927410125732, 3.1415927410125732, 3.1415927410125732, 3.1415927410125732, 3.1415927410125732, 3.1415927410125732, 3.1415927410125732, 3.1415927410125732, 3.1415927410125732, 3.1415927410125732, 3.1415927410125732, 3.1415927410125732, 3.1415927410125732, 3.1415927410125732, 3.1415927410125732, 3.1415927410125732, 3.1415927410125732, 3.1415927410125732, 3.1415927410125732, 3.1415927410125732, 3.1415927410125732, 3.1415927410125732, 3.1415927410125732, 3.1415927410125732, 3.1415927410125732, 3.1415927410125732, 3.1415927410125732, 3.1415927410125732, 3.1415927410125732, 3.1415927410125732, 3.1415927410125732, 3.1415927410125732, 3.1415927410125732, 3.1415927410125732, 3.1415927410125732, 3.1415927410125732, 3.1415927410125732, 3.1415927410125732, 3.1415927410125732, 3.1415927410125732, 3.1415927410125732, 3.1415927410125732, 3.1415927410125732, 3.1415927410125732, 3.1415927410125732, 3.1415927410125732, 3.1415927410125732, 3.1415927410125732, 3.1415927410125732, 3.1415927410125732, 3.1415927410125732, 3.1415927410125732, 3.1415927410125732, 3.1415927410125732, 3.1415927410125732, 3.1415927410125732, 3.1415927410125732, 3.1415927410125732, 3.1415927410125732, 3.1415927410125732, 3.1415927410125732, 3.1415927410125732, 3.1415927410125732, 3.1415927410125732, 3.1415927410125732, 3.1415927410125732, 3.1415927410125732, 3.1415927410125732, 3.1415927410125732, 3.1415927410125732, 3.1415927410125732, 3.1415927410125732, 3.1415927410125732, 3.1415927410125732, 3.1415927410125732, 3.1415927410125732, 3.1415927410125732, 3.1415927410125732, 3.1415927410125732, 3.1415927410125732, 3.1415927410125732, 3.1415927410125732, 3.1415927410125732, 3.1415927410125732, 3.1415927410125732, 3.1415927410125732, 3.1415927410125732, 3.1415927410125732, 3.1415927410125732, 3.1415927410125732, 3.1415927410125732, 3.1415927410125732, 3.1415927410125732, 3.1415927410125732, 3.1415927410125732, 3.1415927410125732, 3.1415927410125732, 3.1415927410125732, 3.1415927410125732, 3.1415927410125732, 3.1415927410125732, 3.1415927410125732, 3.1415927410125732, 3.1415927410125732, 3.1415927410125732, 3.1415927410125732, 3.1415927410125732, 3.1415927410125732, 3.1415927410125732, 3.1415927410125732, 3.1415927410125732, 3.1415927410125732, 3.1415927410125732, 3.1415927410125732, 3.1415927410125732, 3.1415927410125732, 3.1415927410125732, 3.1415927410125732, 3.1415927410125732, 3.1415927410125732, 3.1415927410125732, 3.1415927410125732, 3.1415927410125732, 3.1415927410125732, 3.1415927410125732, 3.1415927410125732, 3.1415927410125732, 3.1415927410125732, 3.1415927410125732, 3.1415927410125732, 3.1415927410125732, 3.1415927410125732, 3.1415927410125732, 3.1415927410125732, 3.1415927410125732, 3.1415927410125732, 3.1415927410125732, 3.1415927410125732, 3.1415927410125732, 3.1415927410125732, 3.1415927410125732, 3.1415927410125732, 3.1415927410125732, 3.1415927410125732, 3.1415927410125732, 3.1415927410125732, 3.1415927410125732, 3.1415927410125732, 3.1415927410125732, 3.1415927410125732, 3.1415927410125732, 3.1415927410125732, 3.1415927410125732, 0.0, 0.0, 0.0, 0.0, 0.0, 0.0, 0.0, 0.0, 0.0, 0.0, 0.0, 0.0, 0.0, 0.0, 0.0, 0.0, 3.1415927410125732, 3.1415927410125732, 3.1415927410125732, 3.1415927410125732, 3.1415927410125732, 3.1415927410125732, 3.1415927410125732, 3.1415927410125732, 3.1415927410125732, 3.1415927410125732, 3.1415927410125732, 3.1415927410125732, 3.1415927410125732, 3.1415927410125732, 3.1415927410125732, 3.1415927410125732, 0.0, 0.0, 0.0, 0.0, 0.0, 0.0, 0.0, 0.0, 0.0, 0.0, 0.0, 0.0, 0.0, 0.0, 0.0, 0.0, 3.1415927410125732, 3.1415927410125732, 3.1415927410125732, 3.1415927410125732, 3.1415927410125732, 3.1415927410125732, 3.1415927410125732, 3.1415927410125732, 3.1415927410125732, 3.1415927410125732, 3.1415927410125732, 3.1415927410125732, 3.1415927410125732, 3.1415927410125732, 3.1415927410125732, 3.1415927410125732, 0.0, 0.0, 0.0, 0.0, 0.0, 0.0, 0.0, 0.0, 0.0, 0.0, 0.0, 0.0, 0.0, 0.0, 0.0, 0.0, 3.1415927410125732, 3.1415927410125732, 3.1415927410125732, 3.1415927410125732, 3.1415927410125732, 3.1415927410125732, 3.1415927410125732, 3.1415927410125732, 3.1415927410125732, 3.1415927410125732, 3.1415927410125732, 3.1415927410125732, 3.1415927410125732, 3.1415927410125732, 3.1415927410125732, 3.1415927410125732, 0.0, 0.0, 0.0, 0.0, 0.0, 0.0, 0.0, 0.0, 0.0, 0.0, 0.0, 0.0, 0.0, 0.0, 0.0, 0.0, 3.1415927410125732, 3.1415927410125732, 3.1415927410125732, 3.1415927410125732, 3.1415927410125732, 3.1415927410125732, 3.1415927410125732, 3.1415927410125732, 3.1415927410125732, 3.1415927410125732, 3.1415927410125732, 3.1415927410125732, 3.1415927410125732, 3.1415927410125732, 3.1415927410125732, 3.1415927410125732, 0.0, 0.0, 0.0, 0.0, 0.0, 0.0, 0.0, 0.0, 0.0, 0.0, 0.0, 0.0, 0.0, 0.0, 0.0, 0.0, 3.1415927410125732, 3.1415927410125732, 3.1415927410125732, 3.1415927410125732, 3.1415927410125732, 3.1415927410125732, 3.1415927410125732, 3.1415927410125732, 3.1415927410125732, 3.1415927410125732, 3.1415927410125732, 3.1415927410125732, 3.1415927410125732, 3.1415927410125732, 3.1415927410125732, 3.1415927410125732, 0.0, 0.0, 0.0, 0.0, 0.0, 0.0, 0.0, 0.0, 0.0, 0.0, 0.0, 0.0, 0.0, 0.0, 0.0, 0.0, 3.1415927410125732, 3.1415927410125732, 3.1415927410125732, 3.1415927410125732, 3.1415927410125732, 3.1415927410125732, 3.1415927410125732, 3.1415927410125732, 3.1415927410125732, 3.1415927410125732, 3.1415927410125732, 3.1415927410125732, 3.1415927410125732, 3.1415927410125732, 3.1415927410125732, 3.1415927410125732, 0.0, 0.0, 0.0, 0.0, 0.0, 0.0, 0.0, 0.0, 0.0, 0.0, 0.0, 0.0, 0.0, 0.0, 0.0, 0.0, 3.1415927410125732, 3.1415927410125732, 3.1415927410125732, 3.1415927410125732, 3.1415927410125732, 3.1415927410125732, 3.1415927410125732, 3.1415927410125732, 3.1415927410125732, 3.1415927410125732, 3.1415927410125732, 3.1415927410125732, 3.1415927410125732, 3.1415927410125732, 3.1415927410125732, 3.1415927410125732, 0.0, 0.0, 0.0, 0.0, 0.0, 0.0, 0.0, 0.0, 0.0, 0.0, 0.0, 0.0, 0.0, 0.0, 0.0, 0.0, 3.1415927410125732, 3.1415927410125732, 3.1415927410125732, 3.1415927410125732, 3.1415927410125732, 3.1415927410125732, 3.1415927410125732, 3.1415927410125732, 3.1415927410125732, 3.1415927410125732, 3.1415927410125732, 3.1415927410125732, 3.1415927410125732, 3.1415927410125732, 3.1415927410125732, 3.1415927410125732, 0.0, 0.0, 0.0, 0.0, 0.0, 0.0, 0.0, 0.0, 0.0, 0.0, 0.0, 0.0, 0.0, 0.0, 0.0, 0.0, 0.0, 0.0, 0.0, 0.0, 0.0, 0.0, 0.0, 0.0, 0.0, 0.0, 0.0, 0.0, 0.0, 0.0, 0.0, 0.0, 0.0, 0.0, 0.0, 0.0, 0.0, 0.0, 0.0, 0.0, 0.0, 0.0, 0.0, 0.0, 0.0, 0.0, 0.0, 0.0, 0.0, 0.0, 0.0, 0.0, 0.0, 0.0, 0.0, 0.0, 0.0, 0.0, 0.0, 0.0, 0.0, 0.0, 0.0, 0.0, 0.0, 0.0, 0.0, 0.0, 0.0, 0.0, 0.0, 0.0, 0.0, 0.0, 0.0, 0.0, 0.0, 0.0, 0.0, 0.0, 0.0, 0.0, 0.0, 0.0, 0.0, 0.0, 0.0, 0.0, 0.0, 0.0, 0.0, 0.0, 0.0, 0.0, 0.0, 0.0, 0.0, 0.0, 0.0, 0.0, 0.0, 0.0, 0.0, 0.0, 0.0, 0.0, 0.0, 0.0, 0.0, 0.0, 0.0, 0.0, 0.0, 0.0, 0.0, 0.0, 0.0, 0.0, 0.0, 0.0, 0.0, 0.0, 0.0, 0.0, 0.0, 0.0, 0.0, 0.0, 0.0, 0.0, 0.0, 0.0, 0.0, 0.0, 0.0, 0.0, 0.0, 0.0, 0.0, 0.0, 0.0, 0.0, 0.0, 0.0, 0.0, 0.0, 0.0, 0.0, 0.0, 0.0, 0.0, 0.0, 0.0, 0.0, 0.0, 0.0, 0.0, 0.0, 0.0, 0.0, 0.0, 0.0, 0.0, 0.0, 0.0, 0.0, 0.0, 0.0, 0.0, 0.0, 0.0, 0.0, 0.0, 0.0, 0.0, 0.0, 0.0, 0.0, 0.0, 0.0, 0.0, 0.0, 0.0, 0.0, 0.0, 0.0, 0.0, 0.0, 0.0, 0.0, 0.0, 0.0, 0.0, 0.0, 0.0, 0.0, 0.0, 0.0, 0.0, 0.0, 0.0, 0.0, 0.0, 0.0, 0.0, 0.0, 0.0, 0.0, 0.0, 0.0, 0.0, 0.0, 0.0, 0.0, 0.0, 0.0, 0.0, 0.0, 0.0, 0.0, 0.0, 0.0, 0.0, 0.0, 0.0, 0.0, 0.0, 0.0, 0.0, 0.0, 0.0, 0.0, 0.0, 0.0, 0.0, 0.0, 0.0, 0.0, 0.0, 0.0, 0.0, 0.0, 0.0, 0.0, 0.0, 0.0, 0.0, 0.0, 0.0, 0.0, 0.0, 0.0, 0.0, 0.0, 0.0, 0.0, 0.0, 0.0, 0.0, 0.0, 0.0, 0.0, 0.0, 0.0, 3.1415927410125732, 3.1415927410125732, 3.1415927410125732, 3.1415927410125732, 3.1415927410125732, 3.1415927410125732, 3.1415927410125732, 3.1415927410125732, 0.0, 0.0, 0.0, 0.0, 0.0, 0.0, 0.0, 0.0, 0.0, 0.0, 0.0, 0.0, 0.0, 0.0, 0.0, 0.0, 0.0, 0.0, 0.0, 0.0, 0.0, 0.0, 0.0, 0.0, 3.1415927410125732, 3.1415927410125732, 3.1415927410125732, 3.1415927410125732, 3.1415927410125732, 3.1415927410125732, 3.1415927410125732, 3.1415927410125732, 0.0, 0.0, 0.0, 0.0, 0.0, 0.0, 0.0, 0.0, 0.0, 0.0, 0.0, 0.0, 0.0, 0.0, 0.0, 0.0, 0.0, 0.0, 0.0, 0.0, 0.0, 0.0, 0.0, 0.0, 3.1415927410125732, 3.1415927410125732, 3.1415927410125732, 3.1415927410125732, 3.1415927410125732, 3.1415927410125732, 3.1415927410125732, 3.1415927410125732, 0.0, 0.0, 0.0, 0.0, 0.0, 0.0, 0.0, 0.0, 0.0, 0.0, 0.0, 0.0, 0.0, 0.0, 0.0, 0.0, 0.0, 0.0, 0.0, 0.0, 0.0, 0.0, 0.0, 0.0, 3.1415927410125732, 3.1415927410125732, 3.1415927410125732, 3.1415927410125732, 3.1415927410125732, 3.1415927410125732, 3.1415927410125732, 3.1415927410125732, 0.0, 0.0, 0.0, 0.0, 0.0, 0.0, 0.0, 0.0, 0.0, 0.0, 0.0, 0.0, 0.0, 0.0, 0.0, 0.0, 0.0, 0.0, 0.0, 0.0, 0.0, 0.0, 0.0, 0.0, 3.1415927410125732, 3.1415927410125732, 3.1415927410125732, 3.1415927410125732, 3.1415927410125732, 3.1415927410125732, 3.1415927410125732, 3.1415927410125732, 0.0, 0.0, 0.0, 0.0, 0.0, 0.0, 0.0, 0.0, 0.0, 0.0, 0.0, 0.0, 0.0, 0.0, 0.0, 0.0, 0.0, 0.0, 0.0, 0.0, 0.0, 0.0, 0.0, 0.0, 3.1415927410125732, 3.1415927410125732, 3.1415927410125732, 3.1415927410125732, 3.1415927410125732, 3.1415927410125732, 3.1415927410125732, 3.1415927410125732, 0.0, 0.0, 0.0, 0.0, 0.0, 0.0, 0.0, 0.0, 0.0, 0.0, 0.0, 0.0, 0.0, 0.0, 0.0, 0.0, 0.0, 0.0, 0.0, 0.0, 0.0, 0.0, 0.0, 0.0, 3.1415927410125732, 3.1415927410125732, 3.1415927410125732, 3.1415927410125732, 3.1415927410125732, 3.1415927410125732, 3.1415927410125732, 3.1415927410125732, 0.0, 0.0, 0.0, 0.0, 0.0, 0.0, 0.0, 0.0, 0.0, 0.0, 0.0, 0.0, 0.0, 0.0, 0.0, 0.0, 0.0, 0.0, 0.0, 0.0, 0.0, 0.0, 0.0, 0.0, 3.1415927410125732, 3.1415927410125732, 3.1415927410125732, 3.1415927410125732, 3.1415927410125732, 3.1415927410125732, 3.1415927410125732, 3.1415927410125732, 0.0, 0.0, 0.0, 0.0, 0.0, 0.0, 0.0, 0.0, 0.0, 0.0, 0.0, 0.0, 0.0, 0.0, 0.0, 0.0]"
0.6088365,0.15223686,0.15219523,0.15220979,0.15219462,0.15220913,-9.53539467,-9.53664207,-9.53620815,-9.53666496,"[3.1415927410125732, 3.1415927410125732, 3.1415927410125732, 3.1415927410125732, 3.1415927410125732, 3.1415927410125732, 3.1415927410125732, 3.1415927410125732, 3.1415927410125732, 3.1415927410125732, 3.1415927410125732, 3.1415927410125732, 3.1415927410125732, 3.1415927410125732, 3.1415927410125732, 3.1415927410125732, 3.1415927410125732, 3.1415927410125732, 3.1415927410125732, 3.1415927410125732, 3.1415927410125732, 3.1415927410125732, 3.1415927410125732, 3.1415927410125732, 3.1415927410125732, 3.1415927410125732, 3.1415927410125732, 3.1415927410125732, 3.1415927410125732, 3.1415927410125732, 3.1415927410125732, 3.1415927410125732, 3.1415927410125732, 3.1415927410125732, 3.1415927410125732, 3.1415927410125732, 3.1415927410125732, 3.1415927410125732, 3.1415927410125732, 3.1415927410125732, 3.1415927410125732, 3.1415927410125732, 3.1415927410125732, 3.1415927410125732, 3.1415927410125732, 3.1415927410125732, 3.1415927410125732, 3.1415927410125732, 3.1415927410125732, 3.1415927410125732, 3.1415927410125732, 3.1415927410125732, 3.1415927410125732, 3.1415927410125732, 3.1415927410125732, 3.1415927410125732, 3.1415927410125732, 3.1415927410125732, 3.1415927410125732, 3.1415927410125732, 3.1415927410125732, 3.1415927410125732, 3.1415927410125732, 3.1415927410125732, 3.1415927410125732, 3.1415927410125732, 3.1415927410125732, 3.1415927410125732, 3.1415927410125732, 3.1415927410125732, 3.1415927410125732, 3.1415927410125732, 3.1415927410125732, 3.1415927410125732, 3.1415927410125732, 3.1415927410125732, 3.1415927410125732, 3.1415927410125732, 3.1415927410125732, 3.1415927410125732, 3.1415927410125732, 3.1415927410125732, 3.1415927410125732, 3.1415927410125732, 3.1415927410125732, 3.1415927410125732, 3.1415927410125732, 3.1415927410125732, 3.1415927410125732, 3.1415927410125732, 3.1415927410125732, 3.1415927410125732, 3.1415927410125732, 3.1415927410125732, 3.1415927410125732, 3.1415927410125732, 3.1415927410125732, 3.1415927410125732, 3.1415927410125732, 3.1415927410125732, 3.1415927410125732, 3.1415927410125732, 3.1415927410125732, 3.1415927410125732, 3.1415927410125732, 3.1415927410125732, 3.1415927410125732, 3.1415927410125732, 3.1415927410125732, 3.1415927410125732, 3.1415927410125732, 3.1415927410125732, 3.1415927410125732, 3.1415927410125732, 3.1415927410125732, 3.1415927410125732, 3.1415927410125732, 3.1415927410125732, 3.1415927410125732, 3.1415927410125732, 3.1415927410125732, 3.1415927410125732, 3.1415927410125732, 3.1415927410125732, 3.1415927410125732, 3.1415927410125732, 3.1415927410125732, 3.1415927410125732, 3.1415927410125732, 3.1415927410125732, 3.1415927410125732, 3.1415927410125732, 3.1415927410125732, 3.1415927410125732, 3.1415927410125732, 3.1415927410125732, 3.1415927410125732, 3.1415927410125732, 3.1415927410125732, 3.1415927410125732, 3.1415927410125732, 3.1415927410125732, 3.1415927410125732, 3.1415927410125732, 3.1415927410125732, 3.1415927410125732, 3.1415927410125732, 3.1415927410125732, 3.1415927410125732, 3.1415927410125732, 3.1415927410125732, 3.1415927410125732, 3.1415927410125732, 3.1415927410125732, 3.1415927410125732, 3.1415927410125732, 3.1415927410125732, 3.1415927410125732, 3.1415927410125732, 3.1415927410125732, 3.1415927410125732, 3.1415927410125732, 3.1415927410125732, 3.1415927410125732, 3.1415927410125732, 3.1415927410125732, 3.1415927410125732, 3.1415927410125732, 3.1415927410125732, 3.1415927410125732, 3.1415927410125732, 3.1415927410125732, 3.1415927410125732, 3.1415927410125732, 3.1415927410125732, 3.1415927410125732, 3.1415927410125732, 3.1415927410125732, 3.1415927410125732, 3.1415927410125732, 3.1415927410125732, 3.1415927410125732, 3.1415927410125732, 3.1415927410125732, 3.1415927410125732, 3.1415927410125732, 3.1415927410125732, 3.1415927410125732, 3.1415927410125732, 3.1415927410125732, 3.1415927410125732, 3.1415927410125732, 3.1415927410125732, 3.1415927410125732, 3.1415927410125732, 3.1415927410125732, 3.1415927410125732, 3.1415927410125732, 3.1415927410125732, 3.1415927410125732, 3.1415927410125732, 3.1415927410125732, 3.1415927410125732, 3.1415927410125732, 3.1415927410125732, 3.1415927410125732, 3.1415927410125732, 3.1415927410125732, 3.1415927410125732, 3.1415927410125732, 3.1415927410125732, 3.1415927410125732, 3.1415927410125732, 3.1415927410125732, 3.1415927410125732, 3.1415927410125732, 3.1415927410125732, 3.1415927410125732, 3.1415927410125732, 3.1415927410125732, 3.1415927410125732, 3.1415927410125732, 3.1415927410125732, 3.1415927410125732, 3.1415927410125732, 3.1415927410125732, 3.1415927410125732, 3.1415927410125732, 3.1415927410125732, 3.1415927410125732, 3.1415927410125732, 3.1415927410125732, 3.1415927410125732, 3.1415927410125732, 3.1415927410125732, 3.1415927410125732, 3.1415927410125732, 3.1415927410125732, 3.1415927410125732, 3.1415927410125732, 3.1415927410125732, 3.1415927410125732, 3.1415927410125732, 3.1415927410125732, 3.1415927410125732, 3.1415927410125732, 3.1415927410125732, 3.1415927410125732, 3.1415927410125732, 3.1415927410125732, 3.1415927410125732, 3.1415927410125732, 3.1415927410125732, 3.1415927410125732, 3.1415927410125732, 3.1415927410125732, 0.0, 0.0, 0.0, 0.0, 0.0, 0.0, 0.0, 0.0, 0.0, 0.0, 0.0, 0.0, 0.0, 0.0, 0.0, 0.0, 3.1415927410125732, 3.1415927410125732, 3.1415927410125732, 3.1415927410125732, 3.1415927410125732, 3.1415927410125732, 3.1415927410125732, 3.1415927410125732, 3.1415927410125732, 3.1415927410125732, 3.1415927410125732, 3.1415927410125732, 3.1415927410125732, 3.1415927410125732, 3.1415927410125732, 3.1415927410125732, 0.0, 0.0, 0.0, 0.0, 0.0, 0.0, 0.0, 0.0, 0.0, 0.0, 0.0, 0.0, 0.0, 0.0, 0.0, 0.0, 3.1415927410125732, 3.1415927410125732, 3.1415927410125732, 3.1415927410125732, 3.1415927410125732, 3.1415927410125732, 3.1415927410125732, 3.1415927410125732, 3.1415927410125732, 3.1415927410125732, 3.1415927410125732, 3.1415927410125732, 3.1415927410125732, 3.1415927410125732, 3.1415927410125732, 3.1415927410125732, 0.0, 0.0, 0.0, 0.0, 0.0, 0.0, 0.0, 0.0, 0.0, 0.0, 0.0, 0.0, 0.0, 0.0, 0.0, 0.0, 3.1415927410125732, 3.1415927410125732, 3.1415927410125732, 3.1415927410125732, 3.1415927410125732, 3.1415927410125732, 3.1415927410125732, 3.1415927410125732, 3.1415927410125732, 3.1415927410125732, 3.1415927410125732, 3.1415927410125732, 3.1415927410125732, 3.1415927410125732, 3.1415927410125732, 3.1415927410125732, 0.0, 0.0, 0.0, 0.0, 0.0, 0.0, 0.0, 0.0, 0.0, 0.0, 0.0, 0.0, 0.0, 0.0, 0.0, 0.0, 3.1415927410125732, 3.1415927410125732, 3.1415927410125732, 3.1415927410125732, 3.1415927410125732, 3.1415927410125732, 3.1415927410125732, 3.1415927410125732, 3.1415927410125732, 3.1415927410125732, 3.1415927410125732, 3.1415927410125732, 3.1415927410125732, 3.1415927410125732, 3.1415927410125732, 3.1415927410125732, 0.0, 0.0, 0.0, 0.0, 0.0, 0.0, 0.0, 0.0, 0.0, 0.0, 0.0, 0.0, 0.0, 0.0, 0.0, 0.0, 3.1415927410125732, 3.1415927410125732, 3.1415927410125732, 3.1415927410125732, 3.1415927410125732, 3.1415927410125732, 3.1415927410125732, 3.1415927410125732, 3.1415927410125732, 3.1415927410125732, 3.1415927410125732, 3.1415927410125732, 3.1415927410125732, 3.1415927410125732, 3.1415927410125732, 3.1415927410125732, 0.0, 0.0, 0.0, 0.0, 0.0, 0.0, 0.0, 0.0, 0.0, 0.0, 0.0, 0.0, 0.0, 0.0, 0.0, 0.0, 3.1415927410125732, 3.1415927410125732, 3.1415927410125732, 3.1415927410125732, 3.1415927410125732, 3.1415927410125732, 3.1415927410125732, 3.1415927410125732, 3.1415927410125732, 3.1415927410125732, 3.1415927410125732, 3.1415927410125732, 3.1415927410125732, 3.1415927410125732, 3.1415927410125732, 3.1415927410125732, 0.0, 0.0, 0.0, 0.0, 0.0, 0.0, 0.0, 0.0, 0.0, 0.0, 0.0, 0.0, 0.0, 0.0, 0.0, 0.0, 3.1415927410125732, 3.1415927410125732, 3.1415927410125732, 3.1415927410125732, 3.1415927410125732, 3.1415927410125732, 3.1415927410125732, 3.1415927410125732, 3.1415927410125732, 3.1415927410125732, 3.1415927410125732, 3.1415927410125732, 3.1415927410125732, 3.1415927410125732, 3.1415927410125732, 3.1415927410125732, 0.0, 0.0, 0.0, 0.0, 0.0, 0.0, 0.0, 0.0, 0.0, 0.0, 0.0, 0.0, 0.0, 0.0, 0.0, 0.0, 3.1415927410125732, 3.1415927410125732, 3.1415927410125732, 3.1415927410125732, 3.1415927410125732, 3.1415927410125732, 3.1415927410125732, 3.1415927410125732, 3.1415927410125732, 3.1415927410125732, 3.1415927410125732, 3.1415927410125732, 3.1415927410125732, 3.1415927410125732, 3.1415927410125732, 3.1415927410125732, 0.0, 0.0, 0.0, 0.0, 0.0, 0.0, 0.0, 0.0, 0.0, 0.0, 0.0, 0.0, 0.0, 0.0, 0.0, 0.0, 0.0, 0.0, 0.0, 0.0, 0.0, 0.0, 0.0, 0.0, 0.0, 0.0, 0.0, 0.0, 0.0, 0.0, 0.0, 0.0, 0.0, 0.0, 0.0, 0.0, 0.0, 0.0, 0.0, 0.0, 0.0, 0.0, 0.0, 0.0, 0.0, 0.0, 0.0, 0.0, 0.0, 0.0, 0.0, 0.0, 0.0, 0.0, 0.0, 0.0, 0.0, 0.0, 0.0, 0.0, 0.0, 0.0, 0.0, 0.0, 0.0, 0.0, 0.0, 0.0, 0.0, 0.0, 0.0, 0.0, 0.0, 0.0, 0.0, 0.0, 0.0, 0.0, 0.0, 0.0, 0.0, 0.0, 0.0, 0.0, 0.0, 0.0, 0.0, 0.0, 0.0, 0.0, 0.0, 0.0, 0.0, 0.0, 0.0, 0.0, 0.0, 0.0, 0.0, 0.0, 0.0, 0.0, 0.0, 0.0, 0.0, 0.0, 0.0, 0.0, 0.0, 0.0, 0.0, 0.0, 0.0, 0.0, 0.0, 0.0, 0.0, 0.0, 0.0, 0.0, 0.0, 0.0, 0.0, 0.0, 0.0, 0.0, 0.0, 0.0, 0.0, 0.0, 0.0, 0.0, 0.0, 0.0, 0.0, 0.0, 0.0, 0.0, 0.0, 0.0, 0.0, 0.0, 0.0, 0.0, 0.0, 0.0, 0.0, 0.0, 0.0, 0.0, 0.0, 0.0, 0.0, 0.0, 0.0, 0.0, 0.0, 0.0, 0.0, 0.0, 0.0, 0.0, 0.0, 0.0, 0.0, 0.0, 0.0, 0.0, 0.0, 0.0, 0.0, 0.0, 0.0, 0.0, 0.0, 0.0, 0.0, 0.0, 0.0, 0.0, 0.0, 0.0, 0.0, 0.0, 0.0, 0.0, 0.0, 0.0, 0.0, 0.0, 0.0, 0.0, 0.0, 0.0, 0.0, 0.0, 0.0, 0.0, 0.0, 0.0, 0.0, 0.0, 0.0, 0.0, 0.0, 0.0, 0.0, 0.0, 0.0, 0.0, 0.0, 0.0, 0.0, 0.0, 0.0, 0.0, 0.0, 0.0, 0.0, 0.0, 0.0, 0.0, 0.0, 0.0, 0.0, 0.0, 0.0, 0.0, 0.0, 0.0, 0.0, 0.0, 0.0, 0.0, 0.0, 0.0, 0.0, 0.0, 0.0, 0.0, 0.0, 0.0, 0.0, 0.0, 0.0, 0.0, 0.0, 0.0, 0.0, 0.0, 0.0, 0.0, 0.0, 0.0, 0.0, 0.0, 0.0, 0.0, 0.0, 0.0, 0.0, 0.0, 0.0, 0.0, 3.1415927410125732, 3.1415927410125732, 3.1415927410125732, 3.1415927410125732, 3.1415927410125732, 3.1415927410125732, 3.1415927410125732, 3.1415927410125732, 0.0, 0.0, 0.0, 0.0, 0.0, 0.0, 0.0, 0.0, 0.0, 0.0, 0.0, 0.0, 0.0, 0.0, 0.0, 0.0, 0.0, 0.0, 0.0, 0.0, 0.0, 0.0, 0.0, 0.0, 3.1415927410125732, 3.1415927410125732, 3.1415927410125732, 3.1415927410125732, 3.1415927410125732, 3.1415927410125732, 3.1415927410125732, 3.1415927410125732, 0.0, 0.0, 0.0, 0.0, 0.0, 0.0, 0.0, 0.0, 0.0, 0.0, 0.0, 0.0, 0.0, 0.0, 0.0, 0.0, 0.0, 0.0, 0.0, 0.0, 0.0, 0.0, 0.0, 0.0, 3.1415927410125732, 3.1415927410125732, 3.1415927410125732, 3.1415927410125732, 3.1415927410125732, 3.1415927410125732, 3.1415927410125732, 3.1415927410125732, 0.0, 0.0, 0.0, 0.0, 0.0, 0.0, 0.0, 0.0, 0.0, 0.0, 0.0, 0.0, 0.0, 0.0, 0.0, 0.0, 0.0, 0.0, 0.0, 0.0, 0.0, 0.0, 0.0, 0.0, 3.1415927410125732, 3.1415927410125732, 3.1415927410125732, 3.1415927410125732, 3.1415927410125732, 3.1415927410125732, 3.1415927410125732, 3.1415927410125732, 0.0, 0.0, 0.0, 0.0, 0.0, 0.0, 0.0, 0.0, 0.0, 0.0, 0.0, 0.0, 0.0, 0.0, 0.0, 0.0, 0.0, 0.0, 0.0, 0.0, 0.0, 0.0, 0.0, 0.0, 3.1415927410125732, 3.1415927410125732, 3.1415927410125732, 3.1415927410125732, 3.1415927410125732, 3.1415927410125732, 3.1415927410125732, 3.1415927410125732, 0.0, 0.0, 0.0, 0.0, 0.0, 0.0, 0.0, 0.0, 0.0, 0.0, 0.0, 0.0, 0.0, 0.0, 0.0, 0.0, 0.0, 0.0, 0.0, 0.0, 0.0, 0.0, 0.0, 0.0, 3.1415927410125732, 3.1415927410125732, 3.1415927410125732, 3.1415927410125732, 3.1415927410125732, 3.1415927410125732, 3.1415927410125732, 3.1415927410125732, 0.0, 0.0, 0.0, 0.0, 0.0, 0.0, 0.0, 0.0, 0.0, 0.0, 0.0, 0.0, 0.0, 0.0, 0.0, 0.0, 0.0, 0.0, 0.0, 0.0, 0.0, 0.0, 0.0, 0.0, 3.1415927410125732, 3.1415927410125732, 3.1415927410125732, 3.1415927410125732, 3.1415927410125732, 3.1415927410125732, 3.1415927410125732, 3.1415927410125732, 0.0, 0.0, 0.0, 0.0, 0.0, 0.0, 0.0, 0.0, 0.0, 0.0, 0.0, 0.0, 0.0, 0.0, 0.0, 0.0, 0.0, 0.0, 0.0, 0.0, 0.0, 0.0, 0.0, 0.0, 3.1415927410125732, 3.1415927410125732, 3.1415927410125732, 3.1415927410125732, 3.1415927410125732, 3.1415927410125732, 3.1415927410125732, 3.1415927410125732, 0.0, 0.0, 0.0, 0.0, 0.0, 0.0, 0.0, 0.0, 0.0, 0.0, 0.0, 0.0, 0.0, 0.0, 0.0, 0.0]"
0.6088365,0.15223686,0.15219523,0.15220979,0.15219462,0.15220913,-9.53539467,-9.53664207,-9.53620815,-9.53666496,"[3.1415927410125732, 3.1415927410125732, 3.1415927410125732, 3.1415927410125732, 3.1415927410125732, 3.1415927410125732, 3.1415927410125732, 3.1415927410125732, 3.1415927410125732, 3.1415927410125732, 3.1415927410125732, 3.1415927410125732, 3.1415927410125732, 3.1415927410125732, 3.1415927410125732, 3.1415927410125732, 3.1415927410125732, 3.1415927410125732, 3.1415927410125732, 3.1415927410125732, 3.1415927410125732, 3.1415927410125732, 3.1415927410125732, 3.1415927410125732, 3.1415927410125732, 3.1415927410125732, 3.1415927410125732, 3.1415927410125732, 3.1415927410125732, 3.1415927410125732, 3.1415927410125732, 3.1415927410125732, 3.1415927410125732, 3.1415927410125732, 3.1415927410125732, 3.1415927410125732, 3.1415927410125732, 3.1415927410125732, 3.1415927410125732, 3.1415927410125732, 3.1415927410125732, 3.1415927410125732, 3.1415927410125732, 3.1415927410125732, 3.1415927410125732, 3.1415927410125732, 3.1415927410125732, 3.1415927410125732, 3.1415927410125732, 3.1415927410125732, 3.1415927410125732, 3.1415927410125732, 3.1415927410125732, 3.1415927410125732, 3.1415927410125732, 3.1415927410125732, 3.1415927410125732, 3.1415927410125732, 3.1415927410125732, 3.1415927410125732, 3.1415927410125732, 3.1415927410125732, 3.1415927410125732, 3.1415927410125732, 3.1415927410125732, 3.1415927410125732, 3.1415927410125732, 3.1415927410125732, 3.1415927410125732, 3.1415927410125732, 3.1415927410125732, 3.1415927410125732, 3.1415927410125732, 3.1415927410125732, 3.1415927410125732, 3.1415927410125732, 3.1415927410125732, 3.1415927410125732, 3.1415927410125732, 3.1415927410125732, 3.1415927410125732, 3.1415927410125732, 3.1415927410125732, 3.1415927410125732, 3.1415927410125732, 3.1415927410125732, 3.1415927410125732, 3.1415927410125732, 3.1415927410125732, 3.1415927410125732, 3.1415927410125732, 3.1415927410125732, 3.1415927410125732, 3.1415927410125732, 3.1415927410125732, 3.1415927410125732, 3.1415927410125732, 3.1415927410125732, 3.1415927410125732, 3.1415927410125732, 3.1415927410125732, 3.1415927410125732, 3.1415927410125732, 3.1415927410125732, 3.1415927410125732, 3.1415927410125732, 3.1415927410125732, 3.1415927410125732, 3.1415927410125732, 3.1415927410125732, 3.1415927410125732, 3.1415927410125732, 3.1415927410125732, 3.1415927410125732, 3.1415927410125732, 3.1415927410125732, 3.1415927410125732, 3.1415927410125732, 3.1415927410125732, 3.1415927410125732, 3.1415927410125732, 3.1415927410125732, 3.1415927410125732, 3.1415927410125732, 3.1415927410125732, 3.1415927410125732, 3.1415927410125732, 3.1415927410125732, 3.1415927410125732, 3.1415927410125732, 3.1415927410125732, 3.1415927410125732, 3.1415927410125732, 3.1415927410125732, 3.1415927410125732, 3.1415927410125732, 3.1415927410125732, 3.1415927410125732, 3.1415927410125732, 3.1415927410125732, 3.1415927410125732, 3.1415927410125732, 3.1415927410125732, 3.1415927410125732, 3.1415927410125732, 3.1415927410125732, 3.1415927410125732, 3.1415927410125732, 3.1415927410125732, 3.1415927410125732, 3.1415927410125732, 3.1415927410125732, 3.1415927410125732, 3.1415927410125732, 3.1415927410125732, 3.1415927410125732, 3.1415927410125732, 3.1415927410125732, 3.1415927410125732, 3.1415927410125732, 3.1415927410125732, 3.1415927410125732, 3.1415927410125732, 3.1415927410125732, 3.1415927410125732, 3.1415927410125732, 3.1415927410125732, 3.1415927410125732, 3.1415927410125732, 3.1415927410125732, 3.1415927410125732, 3.1415927410125732, 3.1415927410125732, 3.1415927410125732, 3.1415927410125732, 3.1415927410125732, 3.1415927410125732, 3.1415927410125732, 3.1415927410125732, 3.1415927410125732, 3.1415927410125732, 3.1415927410125732, 3.1415927410125732, 3.1415927410125732, 3.1415927410125732, 3.1415927410125732, 3.1415927410125732, 3.1415927410125732, 3.1415927410125732, 3.1415927410125732, 3.1415927410125732, 3.1415927410125732, 3.1415927410125732, 3.1415927410125732, 3.1415927410125732, 3.1415927410125732, 3.1415927410125732, 3.1415927410125732, 3.1415927410125732, 3.1415927410125732, 3.1415927410125732, 3.1415927410125732, 3.1415927410125732, 3.1415927410125732, 3.1415927410125732, 3.1415927410125732, 3.1415927410125732, 3.1415927410125732, 3.1415927410125732, 3.1415927410125732, 3.1415927410125732, 3.1415927410125732, 3.1415927410125732, 3.1415927410125732, 3.1415927410125732, 3.1415927410125732, 3.1415927410125732, 3.1415927410125732, 3.1415927410125732, 3.1415927410125732, 3.1415927410125732, 3.1415927410125732, 3.1415927410125732, 3.1415927410125732, 3.1415927410125732, 3.1415927410125732, 3.1415927410125732, 3.1415927410125732, 3.1415927410125732, 3.1415927410125732, 3.1415927410125732, 3.1415927410125732, 3.1415927410125732, 3.1415927410125732, 3.1415927410125732, 3.1415927410125732, 3.1415927410125732, 3.1415927410125732, 3.1415927410125732, 3.1415927410125732, 3.1415927410125732, 3.1415927410125732, 3.1415927410125732, 3.1415927410125732, 3.1415927410125732, 3.1415927410125732, 3.1415927410125732, 3.1415927410125732, 3.1415927410125732, 3.1415927410125732, 3.1415927410125732, 3.1415927410125732, 3.1415927410125732, 3.1415927410125732, 3.1415927410125732, 3.1415927410125732, 0.0, 0.0, 0.0, 0.0, 0.0, 0.0, 0.0, 0.0, 0.0, 0.0, 0.0, 0.0, 0.0, 0.0, 0.0, 0.0, 3.1415927410125732, 3.1415927410125732, 3.1415927410125732, 3.1415927410125732, 3.1415927410125732, 3.1415927410125732, 3.1415927410125732, 3.1415927410125732, 3.1415927410125732, 3.1415927410125732, 3.1415927410125732, 3.1415927410125732, 3.1415927410125732, 3.1415927410125732, 3.1415927410125732, 3.1415927410125732, 0.0, 0.0, 0.0, 0.0, 0.0, 0.0, 0.0, 0.0, 0.0, 0.0, 0.0, 0.0, 0.0, 0.0, 0.0, 0.0, 3.1415927410125732, 3.1415927410125732, 3.1415927410125732, 3.1415927410125732, 3.1415927410125732, 3.1415927410125732, 3.1415927410125732, 3.1415927410125732, 3.1415927410125732, 3.1415927410125732, 3.1415927410125732, 3.1415927410125732, 3.1415927410125732, 3.1415927410125732, 3.1415927410125732, 3.1415927410125732, 0.0, 0.0, 0.0, 0.0, 0.0, 0.0, 0.0, 0.0, 0.0, 0.0, 0.0, 0.0, 0.0, 0.0, 0.0, 0.0, 3.1415927410125732, 3.1415927410125732, 3.1415927410125732, 3.1415927410125732, 3.1415927410125732, 3.1415927410125732, 3.1415927410125732, 3.1415927410125732, 3.1415927410125732, 3.1415927410125732, 3.1415927410125732, 3.1415927410125732, 3.1415927410125732, 3.1415927410125732, 3.1415927410125732, 3.1415927410125732, 0.0, 0.0, 0.0, 0.0, 0.0, 0.0, 0.0, 0.0, 0.0, 0.0, 0.0, 0.0, 0.0, 0.0, 0.0, 0.0, 3.1415927410125732, 3.1415927410125732, 3.1415927410125732, 3.1415927410125732, 3.1415927410125732, 3.1415927410125732, 3.1415927410125732, 3.1415927410125732, 3.1415927410125732, 3.1415927410125732, 3.1415927410125732, 3.1415927410125732, 3.1415927410125732, 3.1415927410125732, 3.1415927410125732, 3.1415927410125732, 0.0, 0.0, 0.0, 0.0, 0.0, 0.0, 0.0, 0.0, 0.0, 0.0, 0.0, 0.0, 0.0, 0.0, 0.0, 0.0, 3.1415927410125732, 3.1415927410125732, 3.1415927410125732, 3.1415927410125732, 3.1415927410125732, 3.1415927410125732, 3.1415927410125732, 3.1415927410125732, 3.1415927410125732, 3.1415927410125732, 3.1415927410125732, 3.1415927410125732, 3.1415927410125732, 3.1415927410125732, 3.1415927410125732, 3.1415927410125732, 0.0, 0.0, 0.0, 0.0, 0.0, 0.0, 0.0, 0.0, 0.0, 0.0, 0.0, 0.0, 0.0, 0.0, 0.0, 0.0, 3.1415927410125732, 3.1415927410125732, 3.1415927410125732, 3.1415927410125732, 3.1415927410125732, 3.1415927410125732, 3.1415927410125732, 3.1415927410125732, 3.1415927410125732, 3.1415927410125732, 3.1415927410125732, 3.1415927410125732, 3.1415927410125732, 3.1415927410125732, 3.1415927410125732, 3.1415927410125732, 0.0, 0.0, 0.0, 0.0, 0.0, 0.0, 0.0, 0.0, 0.0, 0.0, 0.0, 0.0, 0.0, 0.0, 0.0, 0.0, 3.1415927410125732, 3.1415927410125732, 3.1415927410125732, 3.1415927410125732, 3.1415927410125732, 3.1415927410125732, 3.1415927410125732, 3.1415927410125732, 3.1415927410125732, 3.1415927410125732, 3.1415927410125732, 3.1415927410125732, 3.1415927410125732, 3.1415927410125732, 3.1415927410125732, 3.1415927410125732, 0.0, 0.0, 0.0, 0.0, 0.0, 0.0, 0.0, 0.0, 0.0, 0.0, 0.0, 0.0, 0.0, 0.0, 0.0, 0.0, 3.1415927410125732, 3.1415927410125732, 3.1415927410125732, 3.1415927410125732, 3.1415927410125732, 3.1415927410125732, 3.1415927410125732, 3.1415927410125732, 3.1415927410125732, 3.1415927410125732, 3.1415927410125732, 3.1415927410125732, 3.1415927410125732, 3.1415927410125732, 3.1415927410125732, 3.1415927410125732, 0.0, 0.0, 0.0, 0.0, 0.0, 0.0, 0.0, 0.0, 0.0, 0.0, 0.0, 0.0, 0.0, 0.0, 0.0, 0.0, 0.0, 0.0, 0.0, 0.0, 0.0, 0.0, 0.0, 0.0, 0.0, 0.0, 0.0, 0.0, 0.0, 0.0, 0.0, 0.0, 0.0, 0.0, 0.0, 0.0, 0.0, 0.0, 0.0, 0.0, 0.0, 0.0, 0.0, 0.0, 0.0, 0.0, 0.0, 0.0, 0.0, 0.0, 0.0, 0.0, 0.0, 0.0, 0.0, 0.0, 0.0, 0.0, 0.0, 0.0, 0.0, 0.0, 0.0, 0.0, 0.0, 0.0, 0.0, 0.0, 0.0, 0.0, 0.0, 0.0, 0.0, 0.0, 0.0, 0.0, 0.0, 0.0, 0.0, 0.0, 0.0, 0.0, 0.0, 0.0, 0.0, 0.0, 0.0, 0.0, 0.0, 0.0, 0.0, 0.0, 0.0, 0.0, 0.0, 0.0, 0.0, 0.0, 0.0, 0.0, 0.0, 0.0, 0.0, 0.0, 0.0, 0.0, 0.0, 0.0, 0.0, 0.0, 0.0, 0.0, 0.0, 0.0, 0.0, 0.0, 0.0, 0.0, 0.0, 0.0, 0.0, 0.0, 0.0, 0.0, 0.0, 0.0, 0.0, 0.0, 0.0, 0.0, 0.0, 0.0, 0.0, 0.0, 0.0, 0.0, 0.0, 0.0, 0.0, 0.0, 0.0, 0.0, 0.0, 0.0, 0.0, 0.0, 0.0, 0.0, 0.0, 0.0, 0.0, 0.0, 0.0, 0.0, 0.0, 0.0, 0.0, 0.0, 0.0, 0.0, 0.0, 0.0, 0.0, 0.0, 0.0, 0.0, 0.0, 0.0, 0.0, 0.0, 0.0, 0.0, 0.0, 0.0, 0.0, 0.0, 0.0, 0.0, 0.0, 0.0, 0.0, 0.0, 0.0, 0.0, 0.0, 0.0, 0.0, 0.0, 0.0, 0.0, 0.0, 0.0, 0.0, 0.0, 0.0, 0.0, 0.0, 0.0, 0.0, 0.0, 0.0, 0.0, 0.0, 0.0, 0.0, 0.0, 0.0, 0.0, 0.0, 0.0, 0.0, 0.0, 0.0, 0.0, 0.0, 0.0, 0.0, 0.0, 0.0, 0.0, 0.0, 0.0, 0.0, 0.0, 0.0, 0.0, 0.0, 0.0, 0.0, 0.0, 0.0, 0.0, 0.0, 0.0, 0.0, 0.0, 0.0, 0.0, 0.0, 0.0, 0.0, 0.0, 0.0, 0.0, 0.0, 0.0, 0.0, 0.0, 0.0, 0.0, 0.0, 0.0, 0.0, 0.0, 0.0, 0.0, 0.0, 0.0, 0.0, 0.0, 0.0, 0.0, 0.0, 0.0, 3.1415927410125732, 3.1415927410125732, 3.1415927410125732, 3.1415927410125732, 3.1415927410125732, 3.1415927410125732, 3.1415927410125732, 3.1415927410125732, 0.0, 0.0, 0.0, 0.0, 0.0, 0.0, 0.0, 0.0, 0.0, 0.0, 0.0, 0.0, 0.0, 0.0, 0.0, 0.0, 0.0, 0.0, 0.0, 0.0, 0.0, 0.0, 0.0, 0.0, 3.1415927410125732, 3.1415927410125732, 3.1415927410125732, 3.1415927410125732, 3.1415927410125732, 3.1415927410125732, 3.1415927410125732, 3.1415927410125732, 0.0, 0.0, 0.0, 0.0, 0.0, 0.0, 0.0, 0.0, 0.0, 0.0, 0.0, 0.0, 0.0, 0.0, 0.0, 0.0, 0.0, 0.0, 0.0, 0.0, 0.0, 0.0, 0.0, 0.0, 3.1415927410125732, 3.1415927410125732, 3.1415927410125732, 3.1415927410125732, 3.1415927410125732, 3.1415927410125732, 3.1415927410125732, 3.1415927410125732, 0.0, 0.0, 0.0, 0.0, 0.0, 0.0, 0.0, 0.0, 0.0, 0.0, 0.0, 0.0, 0.0, 0.0, 0.0, 0.0, 0.0, 0.0, 0.0, 0.0, 0.0, 0.0, 0.0, 0.0, 3.1415927410125732, 3.1415927410125732, 3.1415927410125732, 3.1415927410125732, 3.1415927410125732, 3.1415927410125732, 3.1415927410125732, 3.1415927410125732, 0.0, 0.0, 0.0, 0.0, 0.0, 0.0, 0.0, 0.0, 0.0, 0.0, 0.0, 0.0, 0.0, 0.0, 0.0, 0.0, 0.0, 0.0, 0.0, 0.0, 0.0, 0.0, 0.0, 0.0, 3.1415927410125732, 3.1415927410125732, 3.1415927410125732, 3.1415927410125732, 3.1415927410125732, 3.1415927410125732, 3.1415927410125732, 3.1415927410125732, 0.0, 0.0, 0.0, 0.0, 0.0, 0.0, 0.0, 0.0, 0.0, 0.0, 0.0, 0.0, 0.0, 0.0, 0.0, 0.0, 0.0, 0.0, 0.0, 0.0, 0.0, 0.0, 0.0, 0.0, 3.1415927410125732, 3.1415927410125732, 3.1415927410125732, 3.1415927410125732, 3.1415927410125732, 3.1415927410125732, 3.1415927410125732, 3.1415927410125732, 0.0, 0.0, 0.0, 0.0, 0.0, 0.0, 0.0, 0.0, 0.0, 0.0, 0.0, 0.0, 0.0, 0.0, 0.0, 0.0, 0.0, 0.0, 0.0, 0.0, 0.0, 0.0, 0.0, 0.0, 3.1415927410125732, 3.1415927410125732, 3.1415927410125732, 3.1415927410125732, 3.1415927410125732, 3.1415927410125732, 3.1415927410125732, 3.1415927410125732, 0.0, 0.0, 0.0, 0.0, 0.0, 0.0, 0.0, 0.0, 0.0, 0.0, 0.0, 0.0, 0.0, 0.0, 0.0, 0.0, 0.0, 0.0, 0.0, 0.0, 0.0, 0.0, 0.0, 0.0, 3.1415927410125732, 3.1415927410125732, 3.1415927410125732, 3.1415927410125732, 3.1415927410125732, 3.1415927410125732, 3.1415927410125732, 3.1415927410125732, 0.0, 0.0, 0.0, 0.0, 0.0, 0.0, 0.0, 0.0, 0.0, 0.0, 0.0, 0.0, 0.0, 0.0, 0.0, 0.0]"
0.6088365,0.15223686,0.15219523,0.15220979,0.15219462,0.15220913,-9.53539467,-9.53664207,-9.53620815,-9.53666496,"[3.1415927410125732, 3.1415927410125732, 3.1415927410125732, 3.1415927410125732, 3.1415927410125732, 3.1415927410125732, 3.1415927410125732, 3.1415927410125732, 3.1415927410125732, 3.1415927410125732, 3.1415927410125732, 3.1415927410125732, 3.1415927410125732, 3.1415927410125732, 3.1415927410125732, 3.1415927410125732, 3.1415927410125732, 3.1415927410125732, 3.1415927410125732, 3.1415927410125732, 3.1415927410125732, 3.1415927410125732, 3.1415927410125732, 3.1415927410125732, 3.1415927410125732, 3.1415927410125732, 3.1415927410125732, 3.1415927410125732, 3.1415927410125732, 3.1415927410125732, 3.1415927410125732, 3.1415927410125732, 3.1415927410125732, 3.1415927410125732, 3.1415927410125732, 3.1415927410125732, 3.1415927410125732, 3.1415927410125732, 3.1415927410125732, 3.1415927410125732, 3.1415927410125732, 3.1415927410125732, 3.1415927410125732, 3.1415927410125732, 3.1415927410125732, 3.1415927410125732, 3.1415927410125732, 3.1415927410125732, 3.1415927410125732, 3.1415927410125732, 3.1415927410125732, 3.1415927410125732, 3.1415927410125732, 3.1415927410125732, 3.1415927410125732, 3.1415927410125732, 3.1415927410125732, 3.1415927410125732, 3.1415927410125732, 3.1415927410125732, 3.1415927410125732, 3.1415927410125732, 3.1415927410125732, 3.1415927410125732, 3.1415927410125732, 3.1415927410125732, 3.1415927410125732, 3.1415927410125732, 3.1415927410125732, 3.1415927410125732, 3.1415927410125732, 3.1415927410125732, 3.1415927410125732, 3.1415927410125732, 3.1415927410125732, 3.1415927410125732, 3.1415927410125732, 3.1415927410125732, 3.1415927410125732, 3.1415927410125732, 3.1415927410125732, 3.1415927410125732, 3.1415927410125732, 3.1415927410125732, 3.1415927410125732, 3.1415927410125732, 3.1415927410125732, 3.1415927410125732, 3.1415927410125732, 3.1415927410125732, 3.1415927410125732, 3.1415927410125732, 3.1415927410125732, 3.1415927410125732, 3.1415927410125732, 3.1415927410125732, 3.1415927410125732, 3.1415927410125732, 3.1415927410125732, 3.1415927410125732, 3.1415927410125732, 3.1415927410125732, 3.1415927410125732, 3.1415927410125732, 3.1415927410125732, 3.1415927410125732, 3.1415927410125732, 3.1415927410125732, 3.1415927410125732, 3.1415927410125732, 3.1415927410125732, 3.1415927410125732, 3.1415927410125732, 3.1415927410125732, 3.1415927410125732, 3.1415927410125732, 3.1415927410125732, 3.1415927410125732, 3.1415927410125732, 3.1415927410125732, 3.1415927410125732, 3.1415927410125732, 3.1415927410125732, 3.1415927410125732, 3.1415927410125732, 3.1415927410125732, 3.1415927410125732, 3.1415927410125732, 3.1415927410125732, 3.1415927410125732, 3.1415927410125732, 3.1415927410125732, 3.1415927410125732, 3.1415927410125732, 3.1415927410125732, 3.1415927410125732, 3.1415927410125732, 3.1415927410125732, 3.1415927410125732, 3.1415927410125732, 3.1415927410125732, 3.1415927410125732, 3.1415927410125732, 3.1415927410125732, 3.1415927410125732, 3.1415927410125732, 3.1415927410125732, 3.1415927410125732, 3.1415927410125732, 3.1415927410125732, 3.1415927410125732, 3.1415927410125732, 3.1415927410125732, 3.1415927410125732, 3.1415927410125732, 3.1415927410125732, 3.1415927410125732, 3.1415927410125732, 3.1415927410125732, 3.1415927410125732, 3.1415927410125732, 3.1415927410125732, 3.1415927410125732, 3.1415927410125732, 3.1415927410125732, 3.1415927410125732, 3.1415927410125732, 3.1415927410125732, 3.1415927410125732, 3.1415927410125732, 3.1415927410125732, 3.1415927410125732, 3.1415927410125732, 3.1415927410125732, 3.1415927410125732, 3.1415927410125732, 3.1415927410125732, 3.1415927410125732, 3.1415927410125732, 3.1415927410125732, 3.1415927410125732, 3.1415927410125732, 3.1415927410125732, 3.1415927410125732, 3.1415927410125732, 3.1415927410125732, 3.1415927410125732, 3.1415927410125732, 3.1415927410125732, 3.1415927410125732, 3.1415927410125732, 3.1415927410125732, 3.1415927410125732, 3.1415927410125732, 3.1415927410125732, 3.1415927410125732, 3.1415927410125732, 3.1415927410125732, 3.1415927410125732, 3.1415927410125732, 3.1415927410125732, 3.1415927410125732, 3.1415927410125732, 3.1415927410125732, 3.1415927410125732, 3.1415927410125732, 3.1415927410125732, 3.1415927410125732, 3.1415927410125732, 3.1415927410125732, 3.1415927410125732, 3.1415927410125732, 3.1415927410125732, 3.1415927410125732, 3.1415927410125732, 3.1415927410125732, 3.1415927410125732, 3.1415927410125732, 3.1415927410125732, 3.1415927410125732, 3.1415927410125732, 3.1415927410125732, 3.1415927410125732, 3.1415927410125732, 3.1415927410125732, 3.1415927410125732, 3.1415927410125732, 3.1415927410125732, 3.1415927410125732, 3.1415927410125732, 3.1415927410125732, 3.1415927410125732, 3.1415927410125732, 3.1415927410125732, 3.1415927410125732, 3.1415927410125732, 3.1415927410125732, 3.1415927410125732, 3.1415927410125732, 3.1415927410125732, 3.1415927410125732, 3.1415927410125732, 3.1415927410125732, 3.1415927410125732, 3.1415927410125732, 3.1415927410125732, 3.1415927410125732, 3.1415927410125732, 3.1415927410125732, 3.1415927410125732, 3.1415927410125732, 3.1415927410125732, 3.1415927410125732, 3.1415927410125732, 3.1415927410125732, 3.1415927410125732, 0.0, 0.0, 0.0, 0.0, 0.0, 0.0, 0.0, 0.0, 0.0, 0.0, 0.0, 0.0, 0.0, 0.0, 0.0, 0.0, 3.1415927410125732, 3.1415927410125732, 3.1415927410125732, 3.1415927410125732, 3.1415927410125732, 3.1415927410125732, 3.1415927410125732, 3.1415927410125732, 3.1415927410125732, 3.1415927410125732, 3.1415927410125732, 3.1415927410125732, 3.1415927410125732, 3.1415927410125732, 3.1415927410125732, 3.1415927410125732, 0.0, 0.0, 0.0, 0.0, 0.0, 0.0, 0.0, 0.0, 0.0, 0.0, 0.0, 0.0, 0.0, 0.0, 0.0, 0.0, 3.1415927410125732, 3.1415927410125732, 3.1415927410125732, 3.1415927410125732, 3.1415927410125732, 3.1415927410125732, 3.1415927410125732, 3.1415927410125732, 3.1415927410125732, 3.1415927410125732, 3.1415927410125732, 3.1415927410125732, 3.1415927410125732, 3.1415927410125732, 3.1415927410125732, 3.1415927410125732, 0.0, 0.0, 0.0, 0.0, 0.0, 0.0, 0.0, 0.0, 0.0, 0.0, 0.0, 0.0, 0.0, 0.0, 0.0, 0.0, 3.1415927410125732, 3.1415927410125732, 3.1415927410125732, 3.1415927410125732, 3.1415927410125732, 3.1415927410125732, 3.1415927410125732, 3.1415927410125732, 3.1415927410125732, 3.1415927410125732, 3.1415927410125732, 3.1415927410125732, 3.1415927410125732, 3.1415927410125732, 3.1415927410125732, 3.1415927410125732, 0.0, 0.0, 0.0, 0.0, 0.0, 0.0, 0.0, 0.0, 0.0, 0.0, 0.0, 0.0, 0.0, 0.0, 0.0, 0.0, 3.1415927410125732, 3.1415927410125732, 3.1415927410125732, 3.1415927410125732, 3.1415927410125732, 3.1415927410125732, 3.1415927410125732, 3.1415927410125732, 3.1415927410125732, 3.1415927410125732, 3.1415927410125732, 3.1415927410125732, 3.1415927410125732, 3.1415927410125732, 3.1415927410125732, 3.1415927410125732, 0.0, 0.0, 0.0, 0.0, 0.0, 0.0, 0.0, 0.0, 0.0, 0.0, 0.0, 0.0, 0.0, 0.0, 0.0, 0.0, 3.1415927410125732, 3.1415927410125732, 3.1415927410125732, 3.1415927410125732, 3.1415927410125732, 3.1415927410125732, 3.1415927410125732, 3.1415927410125732, 3.1415927410125732, 3.1415927410125732, 3.1415927410125732, 3.1415927410125732, 3.1415927410125732, 3.1415927410125732, 3.1415927410125732, 3.1415927410125732, 0.0, 0.0, 0.0, 0.0, 0.0, 0.0, 0.0, 0.0, 0.0, 0.0, 0.0, 0.0, 0.0, 0.0, 0.0, 0.0, 3.1415927410125732, 3.1415927410125732, 3.1415927410125732, 3.1415927410125732, 3.1415927410125732, 3.1415927410125732, 3.1415927410125732, 3.1415927410125732, 3.1415927410125732, 3.1415927410125732, 3.1415927410125732, 3.1415927410125732, 3.1415927410125732, 3.1415927410125732, 3.1415927410125732, 3.1415927410125732, 0.0, 0.0, 0.0, 0.0, 0.0, 0.0, 0.0, 0.0, 0.0, 0.0, 0.0, 0.0, 0.0, 0.0, 0.0, 0.0, 3.1415927410125732, 3.1415927410125732, 3.1415927410125732, 3.1415927410125732, 3.1415927410125732, 3.1415927410125732, 3.1415927410125732, 3.1415927410125732, 3.1415927410125732, 3.1415927410125732, 3.1415927410125732, 3.1415927410125732, 3.1415927410125732, 3.1415927410125732, 3.1415927410125732, 3.1415927410125732, 0.0, 0.0, 0.0, 0.0, 0.0, 0.0, 0.0, 0.0, 0.0, 0.0, 0.0, 0.0, 0.0, 0.0, 0.0, 0.0, 3.1415927410125732, 3.1415927410125732, 3.1415927410125732, 3.1415927410125732, 3.1415927410125732, 3.1415927410125732, 3.1415927410125732, 3.1415927410125732, 3.1415927410125732, 3.1415927410125732, 3.1415927410125732, 3.1415927410125732, 3.1415927410125732, 3.1415927410125732, 3.1415927410125732, 3.1415927410125732, 0.0, 0.0, 0.0, 0.0, 0.0, 0.0, 0.0, 0.0, 0.0, 0.0, 0.0, 0.0, 0.0, 0.0, 0.0, 0.0, 0.0, 0.0, 0.0, 0.0, 0.0, 0.0, 0.0, 0.0, 0.0, 0.0, 0.0, 0.0, 0.0, 0.0, 0.0, 0.0, 0.0, 0.0, 0.0, 0.0, 0.0, 0.0, 0.0, 0.0, 0.0, 0.0, 0.0, 0.0, 0.0, 0.0, 0.0, 0.0, 0.0, 0.0, 0.0, 0.0, 0.0, 0.0, 0.0, 0.0, 0.0, 0.0, 0.0, 0.0, 0.0, 0.0, 0.0, 0.0, 0.0, 0.0, 0.0, 0.0, 0.0, 0.0, 0.0, 0.0, 0.0, 0.0, 0.0, 0.0, 0.0, 0.0, 0.0, 0.0, 0.0, 0.0, 0.0, 0.0, 0.0, 0.0, 0.0, 0.0, 0.0, 0.0, 0.0, 0.0, 0.0, 0.0, 0.0, 0.0, 0.0, 0.0, 0.0, 0.0, 0.0, 0.0, 0.0, 0.0, 0.0, 0.0, 0.0, 0.0, 0.0, 0.0, 0.0, 0.0, 0.0, 0.0, 0.0, 0.0, 0.0, 0.0, 0.0, 0.0, 0.0, 0.0, 0.0, 0.0, 0.0, 0.0, 0.0, 0.0, 0.0, 0.0, 0.0, 0.0, 0.0, 0.0, 0.0, 0.0, 0.0, 0.0, 0.0, 0.0, 0.0, 0.0, 0.0, 0.0, 0.0, 0.0, 0.0, 0.0, 0.0, 0.0, 0.0, 0.0, 0.0, 0.0, 0.0, 0.0, 0.0, 0.0, 0.0, 0.0, 0.0, 0.0, 0.0, 0.0, 0.0, 0.0, 0.0, 0.0, 0.0, 0.0, 0.0, 0.0, 0.0, 0.0, 0.0, 0.0, 0.0, 0.0, 0.0, 0.0, 0.0, 0.0, 0.0, 0.0, 0.0, 0.0, 0.0, 0.0, 0.0, 0.0, 0.0, 0.0, 0.0, 0.0, 0.0, 0.0, 0.0, 0.0, 0.0, 0.0, 0.0, 0.0, 0.0, 0.0, 0.0, 0.0, 0.0, 0.0, 0.0, 0.0, 0.0, 0.0, 0.0, 0.0, 0.0, 0.0, 0.0, 0.0, 0.0, 0.0, 0.0, 0.0, 0.0, 0.0, 0.0, 0.0, 0.0, 0.0, 0.0, 0.0, 0.0, 0.0, 0.0, 0.0, 0.0, 0.0, 0.0, 0.0, 0.0, 0.0, 0.0, 0.0, 0.0, 0.0, 0.0, 0.0, 0.0, 0.0, 0.0, 0.0, 0.0, 0.0, 0.0, 0.0, 0.0, 0.0, 0.0, 0.0, 0.0, 0.0, 0.0, 0.0, 0.0, 0.0, 3.1415927410125732, 3.1415927410125732, 3.1415927410125732, 3.1415927410125732, 3.1415927410125732, 3.1415927410125732, 3.1415927410125732, 3.1415927410125732, 0.0, 0.0, 0.0, 0.0, 0.0, 0.0, 0.0, 0.0, 0.0, 0.0, 0.0, 0.0, 0.0, 0.0, 0.0, 0.0, 0.0, 0.0, 0.0, 0.0, 0.0, 0.0, 0.0, 0.0, 3.1415927410125732, 3.1415927410125732, 3.1415927410125732, 3.1415927410125732, 3.1415927410125732, 3.1415927410125732, 3.1415927410125732, 3.1415927410125732, 0.0, 0.0, 0.0, 0.0, 0.0, 0.0, 0.0, 0.0, 0.0, 0.0, 0.0, 0.0, 0.0, 0.0, 0.0, 0.0, 0.0, 0.0, 0.0, 0.0, 0.0, 0.0, 0.0, 0.0, 3.1415927410125732, 3.1415927410125732, 3.1415927410125732, 3.1415927410125732, 3.1415927410125732, 3.1415927410125732, 3.1415927410125732, 3.1415927410125732, 0.0, 0.0, 0.0, 0.0, 0.0, 0.0, 0.0, 0.0, 0.0, 0.0, 0.0, 0.0, 0.0, 0.0, 0.0, 0.0, 0.0, 0.0, 0.0, 0.0, 0.0, 0.0, 0.0, 0.0, 3.1415927410125732, 3.1415927410125732, 3.1415927410125732, 3.1415927410125732, 3.1415927410125732, 3.1415927410125732, 3.1415927410125732, 3.1415927410125732, 0.0, 0.0, 0.0, 0.0, 0.0, 0.0, 0.0, 0.0, 0.0, 0.0, 0.0, 0.0, 0.0, 0.0, 0.0, 0.0, 0.0, 0.0, 0.0, 0.0, 0.0, 0.0, 0.0, 0.0, 3.1415927410125732, 3.1415927410125732, 3.1415927410125732, 3.1415927410125732, 3.1415927410125732, 3.1415927410125732, 3.1415927410125732, 3.1415927410125732, 0.0, 0.0, 0.0, 0.0, 0.0, 0.0, 0.0, 0.0, 0.0, 0.0, 0.0, 0.0, 0.0, 0.0, 0.0, 0.0, 0.0, 0.0, 0.0, 0.0, 0.0, 0.0, 0.0, 0.0, 3.1415927410125732, 3.1415927410125732, 3.1415927410125732, 3.1415927410125732, 3.1415927410125732, 3.1415927410125732, 3.1415927410125732, 3.1415927410125732, 0.0, 0.0, 0.0, 0.0, 0.0, 0.0, 0.0, 0.0, 0.0, 0.0, 0.0, 0.0, 0.0, 0.0, 0.0, 0.0, 0.0, 0.0, 0.0, 0.0, 0.0, 0.0, 0.0, 0.0, 3.1415927410125732, 3.1415927410125732, 3.1415927410125732, 3.1415927410125732, 3.1415927410125732, 3.1415927410125732, 3.1415927410125732, 3.1415927410125732, 0.0, 0.0, 0.0, 0.0, 0.0, 0.0, 0.0, 0.0, 0.0, 0.0, 0.0, 0.0, 0.0, 0.0, 0.0, 0.0, 0.0, 0.0, 0.0, 0.0, 0.0, 0.0, 0.0, 0.0, 3.1415927410125732, 3.1415927410125732, 3.1415927410125732, 3.1415927410125732, 3.1415927410125732, 3.1415927410125732, 3.1415927410125732, 3.1415927410125732, 0.0, 0.0, 0.0, 0.0, 0.0, 0.0, 0.0, 0.0, 0.0, 0.0, 0.0, 0.0, 0.0, 0.0, 0.0, 0.0]"
0.6088365,0.15223686,0.15219523,0.15220979,0.15219462,0.15220913,-9.53539467,-9.53664207,-9.53620815,-9.53666496,"[3.1415927410125732, 3.1415927410125732, 3.1415927410125732, 3.1415927410125732, 3.1415927410125732, 3.1415927410125732, 3.1415927410125732, 3.1415927410125732, 3.1415927410125732, 3.1415927410125732, 3.1415927410125732, 3.1415927410125732, 3.1415927410125732, 3.1415927410125732, 3.1415927410125732, 3.1415927410125732, 3.1415927410125732, 3.1415927410125732, 3.1415927410125732, 3.1415927410125732, 3.1415927410125732, 3.1415927410125732, 3.1415927410125732, 3.1415927410125732, 3.1415927410125732, 3.1415927410125732, 3.1415927410125732, 3.1415927410125732, 3.1415927410125732, 3.1415927410125732, 3.1415927410125732, 3.1415927410125732, 3.1415927410125732, 3.1415927410125732, 3.1415927410125732, 3.1415927410125732, 3.1415927410125732, 3.1415927410125732, 3.1415927410125732, 3.1415927410125732, 3.1415927410125732, 3.1415927410125732, 3.1415927410125732, 3.1415927410125732, 3.1415927410125732, 3.1415927410125732, 3.1415927410125732, 3.1415927410125732, 3.1415927410125732, 3.1415927410125732, 3.1415927410125732, 3.1415927410125732, 3.1415927410125732, 3.1415927410125732, 3.1415927410125732, 3.1415927410125732, 3.1415927410125732, 3.1415927410125732, 3.1415927410125732, 3.1415927410125732, 3.1415927410125732, 3.1415927410125732, 3.1415927410125732, 3.1415927410125732, 3.1415927410125732, 3.1415927410125732, 3.1415927410125732, 3.1415927410125732, 3.1415927410125732, 3.1415927410125732, 3.1415927410125732, 3.1415927410125732, 3.1415927410125732, 3.1415927410125732, 3.1415927410125732, 3.1415927410125732, 3.1415927410125732, 3.1415927410125732, 3.1415927410125732, 3.1415927410125732, 3.1415927410125732, 3.1415927410125732, 3.1415927410125732, 3.1415927410125732, 3.1415927410125732, 3.1415927410125732, 3.1415927410125732, 3.1415927410125732, 3.1415927410125732, 3.1415927410125732, 3.1415927410125732, 3.1415927410125732, 3.1415927410125732, 3.1415927410125732, 3.1415927410125732, 3.1415927410125732, 3.1415927410125732, 3.1415927410125732, 3.1415927410125732, 3.1415927410125732, 3.1415927410125732, 3.1415927410125732, 3.1415927410125732, 3.1415927410125732, 3.1415927410125732, 3.1415927410125732, 3.1415927410125732, 3.1415927410125732, 3.1415927410125732, 3.1415927410125732, 3.1415927410125732, 3.1415927410125732, 3.1415927410125732, 3.1415927410125732, 3.1415927410125732, 3.1415927410125732, 3.1415927410125732, 3.1415927410125732, 3.1415927410125732, 3.1415927410125732, 3.1415927410125732, 3.1415927410125732, 3.1415927410125732, 3.1415927410125732, 3.1415927410125732, 3.1415927410125732, 3.1415927410125732, 3.1415927410125732, 3.1415927410125732, 3.1415927410125732, 3.1415927410125732, 3.1415927410125732, 3.1415927410125732, 3.1415927410125732, 3.1415927410125732, 3.1415927410125732, 3.1415927410125732, 3.1415927410125732, 3.1415927410125732, 3.1415927410125732, 3.1415927410125732, 3.1415927410125732, 3.1415927410125732, 3.1415927410125732, 3.1415927410125732, 3.1415927410125732, 3.1415927410125732, 3.1415927410125732, 3.1415927410125732, 3.1415927410125732, 3.1415927410125732, 3.1415927410125732, 3.1415927410125732, 3.1415927410125732, 3.1415927410125732, 3.1415927410125732, 3.1415927410125732, 3.1415927410125732, 3.1415927410125732, 3.1415927410125732, 3.1415927410125732, 3.1415927410125732, 3.1415927410125732, 3.1415927410125732, 3.1415927410125732, 3.1415927410125732, 3.1415927410125732, 3.1415927410125732, 3.1415927410125732, 3.1415927410125732, 3.1415927410125732, 3.1415927410125732, 3.1415927410125732, 3.1415927410125732, 3.1415927410125732, 3.1415927410125732, 3.1415927410125732, 3.1415927410125732, 3.1415927410125732, 3.1415927410125732, 3.1415927410125732, 3.1415927410125732, 3.1415927410125732, 3.1415927410125732, 3.1415927410125732, 3.1415927410125732, 3.1415927410125732, 3.1415927410125732, 3.1415927410125732, 3.1415927410125732, 3.1415927410125732, 3.1415927410125732, 3.1415927410125732, 3.1415927410125732, 3.1415927410125732, 3.1415927410125732, 3.1415927410125732, 3.1415927410125732, 3.1415927410125732, 3.1415927410125732, 3.1415927410125732, 3.1415927410125732, 3.1415927410125732, 3.1415927410125732, 3.1415927410125732, 3.1415927410125732, 3.1415927410125732, 3.1415927410125732, 3.1415927410125732, 3.1415927410125732, 3.1415927410125732, 3.1415927410125732, 3.1415927410125732, 3.1415927410125732, 3.1415927410125732, 3.1415927410125732, 3.1415927410125732, 3.1415927410125732, 3.1415927410125732, 3.1415927410125732, 3.1415927410125732, 3.1415927410125732, 3.1415927410125732, 3.1415927410125732, 3.1415927410125732, 3.1415927410125732, 3.1415927410125732, 3.1415927410125732, 3.1415927410125732, 3.1415927410125732, 3.1415927410125732, 3.1415927410125732, 3.1415927410125732, 3.1415927410125732, 3.1415927410125732, 3.1415927410125732, 3.1415927410125732, 3.1415927410125732, 3.1415927410125732, 3.1415927410125732, 3.1415927410125732, 3.1415927410125732, 3.1415927410125732, 3.1415927410125732, 3.1415927410125732, 3.1415927410125732, 3.1415927410125732, 3.1415927410125732, 3.1415927410125732, 3.1415927410125732, 3.1415927410125732, 3.1415927410125732, 3.1415927410125732, 3.1415927410125732, 3.1415927410125732, 3.1415927410125732, 0.0, 0.0, 0.0, 0.0, 0.0, 0.0, 0.0, 0.0, 0.0, 0.0, 0.0, 0.0, 0.0, 0.0, 0.0, 0.0, 3.1415927410125732, 3.1415927410125732, 3.1415927410125732, 3.1415927410125732, 3.1415927410125732, 3.1415927410125732, 3.1415927410125732, 3.1415927410125732, 3.1415927410125732, 3.1415927410125732, 3.1415927410125732, 3.1415927410125732, 3.1415927410125732, 3.1415927410125732, 3.1415927410125732, 3.1415927410125732, 0.0, 0.0, 0.0, 0.0, 0.0, 0.0, 0.0, 0.0, 0.0, 0.0, 0.0, 0.0, 0.0, 0.0, 0.0, 0.0, 3.1415927410125732, 3.1415927410125732, 3.1415927410125732, 3.1415927410125732, 3.1415927410125732, 3.1415927410125732, 3.1415927410125732, 3.1415927410125732, 3.1415927410125732, 3.1415927410125732, 3.1415927410125732, 3.1415927410125732, 3.1415927410125732, 3.1415927410125732, 3.1415927410125732, 3.1415927410125732, 0.0, 0.0, 0.0, 0.0, 0.0, 0.0, 0.0, 0.0, 0.0, 0.0, 0.0, 0.0, 0.0, 0.0, 0.0, 0.0, 3.1415927410125732, 3.1415927410125732, 3.1415927410125732, 3.1415927410125732, 3.1415927410125732, 3.1415927410125732, 3.1415927410125732, 3.1415927410125732, 3.1415927410125732, 3.1415927410125732, 3.1415927410125732, 3.1415927410125732, 3.1415927410125732, 3.1415927410125732, 3.1415927410125732, 3.1415927410125732, 0.0, 0.0, 0.0, 0.0, 0.0, 0.0, 0.0, 0.0, 0.0, 0.0, 0.0, 0.0, 0.0, 0.0, 0.0, 0.0, 3.1415927410125732, 3.1415927410125732, 3.1415927410125732, 3.1415927410125732, 3.1415927410125732, 3.1415927410125732, 3.1415927410125732, 3.1415927410125732, 3.1415927410125732, 3.1415927410125732, 3.1415927410125732, 3.1415927410125732, 3.1415927410125732, 3.1415927410125732, 3.1415927410125732, 3.1415927410125732, 0.0, 0.0, 0.0, 0.0, 0.0, 0.0, 0.0, 0.0, 0.0, 0.0, 0.0, 0.0, 0.0, 0.0, 0.0, 0.0, 3.1415927410125732, 3.1415927410125732, 3.1415927410125732, 3.1415927410125732, 3.1415927410125732, 3.1415927410125732, 3.1415927410125732, 3.1415927410125732, 3.1415927410125732, 3.1415927410125732, 3.1415927410125732, 3.1415927410125732, 3.1415927410125732, 3.1415927410125732, 3.1415927410125732, 3.1415927410125732, 0.0, 0.0, 0.0, 0.0, 0.0, 0.0, 0.0, 0.0, 0.0, 0.0, 0.0, 0.0, 0.0, 0.0, 0.0, 0.0, 3.1415927410125732, 3.1415927410125732, 3.1415927410125732, 3.1415927410125732, 3.1415927410125732, 3.1415927410125732, 3.1415927410125732, 3.1415927410125732, 3.1415927410125732, 3.1415927410125732, 3.1415927410125732, 3.1415927410125732, 3.1415927410125732, 3.1415927410125732, 3.1415927410125732, 3.1415927410125732, 0.0, 0.0, 0.0, 0.0, 0.0, 0.0, 0.0, 0.0, 0.0, 0.0, 0.0, 0.0, 0.0, 0.0, 0.0, 0.0, 3.1415927410125732, 3.1415927410125732, 3.1415927410125732, 3.1415927410125732, 3.1415927410125732, 3.1415927410125732, 3.1415927410125732, 3.1415927410125732, 3.1415927410125732, 3.1415927410125732, 3.1415927410125732, 3.1415927410125732, 3.1415927410125732, 3.1415927410125732, 3.1415927410125732, 3.1415927410125732, 0.0, 0.0, 0.0, 0.0, 0.0, 0.0, 0.0, 0.0, 0.0, 0.0, 0.0, 0.0, 0.0, 0.0, 0.0, 0.0, 3.1415927410125732, 3.1415927410125732, 3.1415927410125732, 3.1415927410125732, 3.1415927410125732, 3.1415927410125732, 3.1415927410125732, 3.1415927410125732, 3.1415927410125732, 3.1415927410125732, 3.1415927410125732, 3.1415927410125732, 3.1415927410125732, 3.1415927410125732, 3.1415927410125732, 3.1415927410125732, 0.0, 0.0, 0.0, 0.0, 0.0, 0.0, 0.0, 0.0, 0.0, 0.0, 0.0, 0.0, 0.0, 0.0, 0.0, 0.0, 0.0, 0.0, 0.0, 0.0, 0.0, 0.0, 0.0, 0.0, 0.0, 0.0, 0.0, 0.0, 0.0, 0.0, 0.0, 0.0, 0.0, 0.0, 0.0, 0.0, 0.0, 0.0, 0.0, 0.0, 0.0, 0.0, 0.0, 0.0, 0.0, 0.0, 0.0, 0.0, 0.0, 0.0, 0.0, 0.0, 0.0, 0.0, 0.0, 0.0, 0.0, 0.0, 0.0, 0.0, 0.0, 0.0, 0.0, 0.0, 0.0, 0.0, 0.0, 0.0, 0.0, 0.0, 0.0, 0.0, 0.0, 0.0, 0.0, 0.0, 0.0, 0.0, 0.0, 0.0, 0.0, 0.0, 0.0, 0.0, 0.0, 0.0, 0.0, 0.0, 0.0, 0.0, 0.0, 0.0, 0.0, 0.0, 0.0, 0.0, 0.0, 0.0, 0.0, 0.0, 0.0, 0.0, 0.0, 0.0, 0.0, 0.0, 0.0, 0.0, 0.0, 0.0, 0.0, 0.0, 0.0, 0.0, 0.0, 0.0, 0.0, 0.0, 0.0, 0.0, 0.0, 0.0, 0.0, 0.0, 0.0, 0.0, 0.0, 0.0, 0.0, 0.0, 0.0, 0.0, 0.0, 0.0, 0.0, 0.0, 0.0, 0.0, 0.0, 0.0, 0.0, 0.0, 0.0, 0.0, 0.0, 0.0, 0.0, 0.0, 0.0, 0.0, 0.0, 0.0, 0.0, 0.0, 0.0, 0.0, 0.0, 0.0, 0.0, 0.0, 0.0, 0.0, 0.0, 0.0, 0.0, 0.0, 0.0, 0.0, 0.0, 0.0, 0.0, 0.0, 0.0, 0.0, 0.0, 0.0, 0.0, 0.0, 0.0, 0.0, 0.0, 0.0, 0.0, 0.0, 0.0, 0.0, 0.0, 0.0, 0.0, 0.0, 0.0, 0.0, 0.0, 0.0, 0.0, 0.0, 0.0, 0.0, 0.0, 0.0, 0.0, 0.0, 0.0, 0.0, 0.0, 0.0, 0.0, 0.0, 0.0, 0.0, 0.0, 0.0, 0.0, 0.0, 0.0, 0.0, 0.0, 0.0, 0.0, 0.0, 0.0, 0.0, 0.0, 0.0, 0.0, 0.0, 0.0, 0.0, 0.0, 0.0, 0.0, 0.0, 0.0, 0.0, 0.0, 0.0, 0.0, 0.0, 0.0, 0.0, 0.0, 0.0, 0.0, 0.0, 0.0, 0.0, 0.0, 0.0, 0.0, 0.0, 0.0, 0.0, 0.0, 0.0, 0.0, 0.0, 0.0, 0.0, 0.0, 0.0, 0.0, 0.0, 0.0, 0.0, 3.1415927410125732, 3.1415927410125732, 3.1415927410125732, 3.1415927410125732, 3.1415927410125732, 3.1415927410125732, 3.1415927410125732, 3.1415927410125732, 0.0, 0.0, 0.0, 0.0, 0.0, 0.0, 0.0, 0.0, 0.0, 0.0, 0.0, 0.0, 0.0, 0.0, 0.0, 0.0, 0.0, 0.0, 0.0, 0.0, 0.0, 0.0, 0.0, 0.0, 3.1415927410125732, 3.1415927410125732, 3.1415927410125732, 3.1415927410125732, 3.1415927410125732, 3.1415927410125732, 3.1415927410125732, 3.1415927410125732, 0.0, 0.0, 0.0, 0.0, 0.0, 0.0, 0.0, 0.0, 0.0, 0.0, 0.0, 0.0, 0.0, 0.0, 0.0, 0.0, 0.0, 0.0, 0.0, 0.0, 0.0, 0.0, 0.0, 0.0, 3.1415927410125732, 3.1415927410125732, 3.1415927410125732, 3.1415927410125732, 3.1415927410125732, 3.1415927410125732, 3.1415927410125732, 3.1415927410125732, 0.0, 0.0, 0.0, 0.0, 0.0, 0.0, 0.0, 0.0, 0.0, 0.0, 0.0, 0.0, 0.0, 0.0, 0.0, 0.0, 0.0, 0.0, 0.0, 0.0, 0.0, 0.0, 0.0, 0.0, 3.1415927410125732, 3.1415927410125732, 3.1415927410125732, 3.1415927410125732, 3.1415927410125732, 3.1415927410125732, 3.1415927410125732, 3.1415927410125732, 0.0, 0.0, 0.0, 0.0, 0.0, 0.0, 0.0, 0.0, 0.0, 0.0, 0.0, 0.0, 0.0, 0.0, 0.0, 0.0, 0.0, 0.0, 0.0, 0.0, 0.0, 0.0, 0.0, 0.0, 3.1415927410125732, 3.1415927410125732, 3.1415927410125732, 3.1415927410125732, 3.1415927410125732, 3.1415927410125732, 3.1415927410125732, 3.1415927410125732, 0.0, 0.0, 0.0, 0.0, 0.0, 0.0, 0.0, 0.0, 0.0, 0.0, 0.0, 0.0, 0.0, 0.0, 0.0, 0.0, 0.0, 0.0, 0.0, 0.0, 0.0, 0.0, 0.0, 0.0, 3.1415927410125732, 3.1415927410125732, 3.1415927410125732, 3.1415927410125732, 3.1415927410125732, 3.1415927410125732, 3.1415927410125732, 3.1415927410125732, 0.0, 0.0, 0.0, 0.0, 0.0, 0.0, 0.0, 0.0, 0.0, 0.0, 0.0, 0.0, 0.0, 0.0, 0.0, 0.0, 0.0, 0.0, 0.0, 0.0, 0.0, 0.0, 0.0, 0.0, 3.1415927410125732, 3.1415927410125732, 3.1415927410125732, 3.1415927410125732, 3.1415927410125732, 3.1415927410125732, 3.1415927410125732, 3.1415927410125732, 0.0, 0.0, 0.0, 0.0, 0.0, 0.0, 0.0, 0.0, 0.0, 0.0, 0.0, 0.0, 0.0, 0.0, 0.0, 0.0, 0.0, 0.0, 0.0, 0.0, 0.0, 0.0, 0.0, 0.0, 3.1415927410125732, 3.1415927410125732, 3.1415927410125732, 3.1415927410125732, 3.1415927410125732, 3.1415927410125732, 3.1415927410125732, 3.1415927410125732, 0.0, 0.0, 0.0, 0.0, 0.0, 0.0, 0.0, 0.0, 0.0, 0.0, 0.0, 0.0, 0.0, 0.0, 0.0, 0.0]"
0.6088365,0.15223686,0.15219523,0.15220979,0.15219462,0.15220913,-9.53539467,-9.53664207,-9.53620815,-9.53666496,"[3.1415927410125732, 3.1415927410125732, 3.1415927410125732, 3.1415927410125732, 3.1415927410125732, 3.1415927410125732, 3.1415927410125732, 3.1415927410125732, 3.1415927410125732, 3.1415927410125732, 3.1415927410125732, 3.1415927410125732, 3.1415927410125732, 3.1415927410125732, 3.1415927410125732, 3.1415927410125732, 3.1415927410125732, 3.1415927410125732, 3.1415927410125732, 3.1415927410125732, 3.1415927410125732, 3.1415927410125732, 3.1415927410125732, 3.1415927410125732, 3.1415927410125732, 3.1415927410125732, 3.1415927410125732, 3.1415927410125732, 3.1415927410125732, 3.1415927410125732, 3.1415927410125732, 3.1415927410125732, 3.1415927410125732, 3.1415927410125732, 3.1415927410125732, 3.1415927410125732, 3.1415927410125732, 3.1415927410125732, 3.1415927410125732, 3.1415927410125732, 3.1415927410125732, 3.1415927410125732, 3.1415927410125732, 3.1415927410125732, 3.1415927410125732, 3.1415927410125732, 3.1415927410125732, 3.1415927410125732, 3.1415927410125732, 3.1415927410125732, 3.1415927410125732, 3.1415927410125732, 3.1415927410125732, 3.1415927410125732, 3.1415927410125732, 3.1415927410125732, 3.1415927410125732, 3.1415927410125732, 3.1415927410125732, 3.1415927410125732, 3.1415927410125732, 3.1415927410125732, 3.1415927410125732, 3.1415927410125732, 3.1415927410125732, 3.1415927410125732, 3.1415927410125732, 3.1415927410125732, 3.1415927410125732, 3.1415927410125732, 3.1415927410125732, 3.1415927410125732, 3.1415927410125732, 3.1415927410125732, 3.1415927410125732, 3.1415927410125732, 3.1415927410125732, 3.1415927410125732, 3.1415927410125732, 3.1415927410125732, 3.1415927410125732, 3.1415927410125732, 3.1415927410125732, 3.1415927410125732, 3.1415927410125732, 3.1415927410125732, 3.1415927410125732, 3.1415927410125732, 3.1415927410125732, 3.1415927410125732, 3.1415927410125732, 3.1415927410125732, 3.1415927410125732, 3.1415927410125732, 3.1415927410125732, 3.1415927410125732, 3.1415927410125732, 3.1415927410125732, 3.1415927410125732, 3.1415927410125732, 3.1415927410125732, 3.1415927410125732, 3.1415927410125732, 3.1415927410125732, 3.1415927410125732, 3.1415927410125732, 3.1415927410125732, 3.1415927410125732, 3.1415927410125732, 3.1415927410125732, 3.1415927410125732, 3.1415927410125732, 3.1415927410125732, 3.1415927410125732, 3.1415927410125732, 3.1415927410125732, 3.1415927410125732, 3.1415927410125732, 3.1415927410125732, 3.1415927410125732, 3.1415927410125732, 3.1415927410125732, 3.1415927410125732, 3.1415927410125732, 3.1415927410125732, 3.1415927410125732, 3.1415927410125732, 3.1415927410125732, 3.1415927410125732, 3.1415927410125732, 3.1415927410125732, 3.1415927410125732, 3.1415927410125732, 3.1415927410125732, 3.1415927410125732, 3.1415927410125732, 3.1415927410125732, 3.1415927410125732, 3.1415927410125732, 3.1415927410125732, 3.1415927410125732, 3.1415927410125732, 3.1415927410125732, 3.1415927410125732, 3.1415927410125732, 3.1415927410125732, 3.1415927410125732, 3.1415927410125732, 3.1415927410125732, 3.1415927410125732, 3.1415927410125732, 3.1415927410125732, 3.1415927410125732, 3.1415927410125732, 3.1415927410125732, 3.1415927410125732, 3.1415927410125732, 3.1415927410125732, 3.1415927410125732, 3.1415927410125732, 3.1415927410125732, 3.1415927410125732, 3.1415927410125732, 3.1415927410125732, 3.1415927410125732, 3.1415927410125732, 3.1415927410125732, 3.1415927410125732, 3.1415927410125732, 3.1415927410125732, 3.1415927410125732, 3.1415927410125732, 3.1415927410125732, 3.1415927410125732, 3.1415927410125732, 3.1415927410125732, 3.1415927410125732, 3.1415927410125732, 3.1415927410125732, 3.1415927410125732, 3.1415927410125732, 3.1415927410125732, 3.1415927410125732, 3.1415927410125732, 3.1415927410125732, 3.1415927410125732, 3.1415927410125732, 3.1415927410125732, 3.1415927410125732, 3.1415927410125732, 3.1415927410125732, 3.1415927410125732, 3.1415927410125732, 3.1415927410125732, 3.1415927410125732, 3.1415927410125732, 3.1415927410125732, 3.1415927410125732, 3.1415927410125732, 3.1415927410125732, 3.1415927410125732, 3.1415927410125732, 3.1415927410125732, 3.1415927410125732, 3.1415927410125732, 3.1415927410125732, 3.1415927410125732, 3.1415927410125732, 3.1415927410125732, 3.1415927410125732, 3.1415927410125732, 3.1415927410125732, 3.1415927410125732, 3.1415927410125732, 3.1415927410125732, 3.1415927410125732, 3.1415927410125732, 3.1415927410125732, 3.1415927410125732, 3.1415927410125732, 3.1415927410125732, 3.1415927410125732, 3.1415927410125732, 3.1415927410125732, 3.1415927410125732, 3.1415927410125732, 3.1415927410125732, 3.1415927410125732, 3.1415927410125732, 3.1415927410125732, 3.1415927410125732, 3.1415927410125732, 3.1415927410125732, 3.1415927410125732, 3.1415927410125732, 3.1415927410125732, 3.1415927410125732, 3.1415927410125732, 3.1415927410125732, 3.1415927410125732, 3.1415927410125732, 3.1415927410125732, 3.1415927410125732, 3.1415927410125732, 3.1415927410125732, 3.1415927410125732, 3.1415927410125732, 3.1415927410125732, 3.1415927410125732, 3.1415927410125732, 3.1415927410125732, 3.1415927410125732, 3.1415927410125732, 3.1415927410125732, 3.1415927410125732, 3.1415927410125732, 0.0, 0.0, 0.0, 0.0, 0.0, 0.0, 0.0, 0.0, 0.0, 0.0, 0.0, 0.0, 0.0, 0.0, 0.0, 0.0, 3.1415927410125732, 3.1415927410125732, 3.1415927410125732, 3.1415927410125732, 3.1415927410125732, 3.1415927410125732, 3.1415927410125732, 3.1415927410125732, 3.1415927410125732, 3.1415927410125732, 3.1415927410125732, 3.1415927410125732, 3.1415927410125732, 3.1415927410125732, 3.1415927410125732, 3.1415927410125732, 0.0, 0.0, 0.0, 0.0, 0.0, 0.0, 0.0, 0.0, 0.0, 0.0, 0.0, 0.0, 0.0, 0.0, 0.0, 0.0, 3.1415927410125732, 3.1415927410125732, 3.1415927410125732, 3.1415927410125732, 3.1415927410125732, 3.1415927410125732, 3.1415927410125732, 3.1415927410125732, 3.1415927410125732, 3.1415927410125732, 3.1415927410125732, 3.1415927410125732, 3.1415927410125732, 3.1415927410125732, 3.1415927410125732, 3.1415927410125732, 0.0, 0.0, 0.0, 0.0, 0.0, 0.0, 0.0, 0.0, 0.0, 0.0, 0.0, 0.0, 0.0, 0.0, 0.0, 0.0, 3.1415927410125732, 3.1415927410125732, 3.1415927410125732, 3.1415927410125732, 3.1415927410125732, 3.1415927410125732, 3.1415927410125732, 3.1415927410125732, 3.1415927410125732, 3.1415927410125732, 3.1415927410125732, 3.1415927410125732, 3.1415927410125732, 3.1415927410125732, 3.1415927410125732, 3.1415927410125732, 0.0, 0.0, 0.0, 0.0, 0.0, 0.0, 0.0, 0.0, 0.0, 0.0, 0.0, 0.0, 0.0, 0.0, 0.0, 0.0, 3.1415927410125732, 3.1415927410125732, 3.1415927410125732, 3.1415927410125732, 3.1415927410125732, 3.1415927410125732, 3.1415927410125732, 3.1415927410125732, 3.1415927410125732, 3.1415927410125732, 3.1415927410125732, 3.1415927410125732, 3.1415927410125732, 3.1415927410125732, 3.1415927410125732, 3.1415927410125732, 0.0, 0.0, 0.0, 0.0, 0.0, 0.0, 0.0, 0.0, 0.0, 0.0, 0.0, 0.0, 0.0, 0.0, 0.0, 0.0, 3.1415927410125732, 3.1415927410125732, 3.1415927410125732, 3.1415927410125732, 3.1415927410125732, 3.1415927410125732, 3.1415927410125732, 3.1415927410125732, 3.1415927410125732, 3.1415927410125732, 3.1415927410125732, 3.1415927410125732, 3.1415927410125732, 3.1415927410125732, 3.1415927410125732, 3.1415927410125732, 0.0, 0.0, 0.0, 0.0, 0.0, 0.0, 0.0, 0.0, 0.0, 0.0, 0.0, 0.0, 0.0, 0.0, 0.0, 0.0, 3.1415927410125732, 3.1415927410125732, 3.1415927410125732, 3.1415927410125732, 3.1415927410125732, 3.1415927410125732, 3.1415927410125732, 3.1415927410125732, 3.1415927410125732, 3.1415927410125732, 3.1415927410125732, 3.1415927410125732, 3.1415927410125732, 3.1415927410125732, 3.1415927410125732, 3.1415927410125732, 0.0, 0.0, 0.0, 0.0, 0.0, 0.0, 0.0, 0.0, 0.0, 0.0, 0.0, 0.0, 0.0, 0.0, 0.0, 0.0, 3.1415927410125732, 3.1415927410125732, 3.1415927410125732, 3.1415927410125732, 3.1415927410125732, 3.1415927410125732, 3.1415927410125732, 3.1415927410125732, 3.1415927410125732, 3.1415927410125732, 3.1415927410125732, 3.1415927410125732, 3.1415927410125732, 3.1415927410125732, 3.1415927410125732, 3.1415927410125732, 0.0, 0.0, 0.0, 0.0, 0.0, 0.0, 0.0, 0.0, 0.0, 0.0, 0.0, 0.0, 0.0, 0.0, 0.0, 0.0, 3.1415927410125732, 3.1415927410125732, 3.1415927410125732, 3.1415927410125732, 3.1415927410125732, 3.1415927410125732, 3.1415927410125732, 3.1415927410125732, 3.1415927410125732, 3.1415927410125732, 3.1415927410125732, 3.1415927410125732, 3.1415927410125732, 3.1415927410125732, 3.1415927410125732, 3.1415927410125732, 0.0, 0.0, 0.0, 0.0, 0.0, 0.0, 0.0, 0.0, 0.0, 0.0, 0.0, 0.0, 0.0, 0.0, 0.0, 0.0, 0.0, 0.0, 0.0, 0.0, 0.0, 0.0, 0.0, 0.0, 0.0, 0.0, 0.0, 0.0, 0.0, 0.0, 0.0, 0.0, 0.0, 0.0, 0.0, 0.0, 0.0, 0.0, 0.0, 0.0, 0.0, 0.0, 0.0, 0.0, 0.0, 0.0, 0.0, 0.0, 0.0, 0.0, 0.0, 0.0, 0.0, 0.0, 0.0, 0.0, 0.0, 0.0, 0.0, 0.0, 0.0, 0.0, 0.0, 0.0, 0.0, 0.0, 0.0, 0.0, 0.0, 0.0, 0.0, 0.0, 0.0, 0.0, 0.0, 0.0, 0.0, 0.0, 0.0, 0.0, 0.0, 0.0, 0.0, 0.0, 0.0, 0.0, 0.0, 0.0, 0.0, 0.0, 0.0, 0.0, 0.0, 0.0, 0.0, 0.0, 0.0, 0.0, 0.0, 0.0, 0.0, 0.0, 0.0, 0.0, 0.0, 0.0, 0.0, 0.0, 0.0, 0.0, 0.0, 0.0, 0.0, 0.0, 0.0, 0.0, 0.0, 0.0, 0.0, 0.0, 0.0, 0.0, 0.0, 0.0, 0.0, 0.0, 0.0, 0.0, 0.0, 0.0, 0.0, 0.0, 0.0, 0.0, 0.0, 0.0, 0.0, 0.0, 0.0, 0.0, 0.0, 0.0, 0.0, 0.0, 0.0, 0.0, 0.0, 0.0, 0.0, 0.0, 0.0, 0.0, 0.0, 0.0, 0.0, 0.0, 0.0, 0.0, 0.0, 0.0, 0.0, 0.0, 0.0, 0.0, 0.0, 0.0, 0.0, 0.0, 0.0, 0.0, 0.0, 0.0, 0.0, 0.0, 0.0, 0.0, 0.0, 0.0, 0.0, 0.0, 0.0, 0.0, 0.0, 0.0, 0.0, 0.0, 0.0, 0.0, 0.0, 0.0, 0.0, 0.0, 0.0, 0.0, 0.0, 0.0, 0.0, 0.0, 0.0, 0.0, 0.0, 0.0, 0.0, 0.0, 0.0, 0.0, 0.0, 0.0, 0.0, 0.0, 0.0, 0.0, 0.0, 0.0, 0.0, 0.0, 0.0, 0.0, 0.0, 0.0, 0.0, 0.0, 0.0, 0.0, 0.0, 0.0, 0.0, 0.0, 0.0, 0.0, 0.0, 0.0, 0.0, 0.0, 0.0, 0.0, 0.0, 0.0, 0.0, 0.0, 0.0, 0.0, 0.0, 0.0, 0.0, 0.0, 0.0, 0.0, 0.0, 0.0, 0.0, 0.0, 0.0, 0.0, 0.0, 0.0, 0.0, 0.0, 0.0, 0.0, 0.0, 0.0, 0.0, 0.0, 3.1415927410125732, 3.1415927410125732, 3.1415927410125732, 3.1415927410125732, 3.1415927410125732, 3.1415927410125732, 3.1415927410125732, 3.1415927410125732, 0.0, 0.0, 0.0, 0.0, 0.0, 0.0, 0.0, 0.0, 0.0, 0.0, 0.0, 0.0, 0.0, 0.0, 0.0, 0.0, 0.0, 0.0, 0.0, 0.0, 0.0, 0.0, 0.0, 0.0, 3.1415927410125732, 3.1415927410125732, 3.1415927410125732, 3.1415927410125732, 3.1415927410125732, 3.1415927410125732, 3.1415927410125732, 3.1415927410125732, 0.0, 0.0, 0.0, 0.0, 0.0, 0.0, 0.0, 0.0, 0.0, 0.0, 0.0, 0.0, 0.0, 0.0, 0.0, 0.0, 0.0, 0.0, 0.0, 0.0, 0.0, 0.0, 0.0, 0.0, 3.1415927410125732, 3.1415927410125732, 3.1415927410125732, 3.1415927410125732, 3.1415927410125732, 3.1415927410125732, 3.1415927410125732, 3.1415927410125732, 0.0, 0.0, 0.0, 0.0, 0.0, 0.0, 0.0, 0.0, 0.0, 0.0, 0.0, 0.0, 0.0, 0.0, 0.0, 0.0, 0.0, 0.0, 0.0, 0.0, 0.0, 0.0, 0.0, 0.0, 3.1415927410125732, 3.1415927410125732, 3.1415927410125732, 3.1415927410125732, 3.1415927410125732, 3.1415927410125732, 3.1415927410125732, 3.1415927410125732, 0.0, 0.0, 0.0, 0.0, 0.0, 0.0, 0.0, 0.0, 0.0, 0.0, 0.0, 0.0, 0.0, 0.0, 0.0, 0.0, 0.0, 0.0, 0.0, 0.0, 0.0, 0.0, 0.0, 0.0, 3.1415927410125732, 3.1415927410125732, 3.1415927410125732, 3.1415927410125732, 3.1415927410125732, 3.1415927410125732, 3.1415927410125732, 3.1415927410125732, 0.0, 0.0, 0.0, 0.0, 0.0, 0.0, 0.0, 0.0, 0.0, 0.0, 0.0, 0.0, 0.0, 0.0, 0.0, 0.0, 0.0, 0.0, 0.0, 0.0, 0.0, 0.0, 0.0, 0.0, 3.1415927410125732, 3.1415927410125732, 3.1415927410125732, 3.1415927410125732, 3.1415927410125732, 3.1415927410125732, 3.1415927410125732, 3.1415927410125732, 0.0, 0.0, 0.0, 0.0, 0.0, 0.0, 0.0, 0.0, 0.0, 0.0, 0.0, 0.0, 0.0, 0.0, 0.0, 0.0, 0.0, 0.0, 0.0, 0.0, 0.0, 0.0, 0.0, 0.0, 3.1415927410125732, 3.1415927410125732, 3.1415927410125732, 3.1415927410125732, 3.1415927410125732, 3.1415927410125732, 3.1415927410125732, 3.1415927410125732, 0.0, 0.0, 0.0, 0.0, 0.0, 0.0, 0.0, 0.0, 0.0, 0.0, 0.0, 0.0, 0.0, 0.0, 0.0, 0.0, 0.0, 0.0, 0.0, 0.0, 0.0, 0.0, 0.0, 0.0, 3.1415927410125732, 3.1415927410125732, 3.1415927410125732, 3.1415927410125732, 3.1415927410125732, 3.1415927410125732, 3.1415927410125732, 3.1415927410125732, 0.0, 0.0, 0.0, 0.0, 0.0, 0.0, 0.0, 0.0, 0.0, 0.0, 0.0, 0.0, 0.0, 0.0, 0.0, 0.0]"
0.6088365,0.15223686,0.15219523,0.15220979,0.15219462,0.15220913,-9.53539467,-9.53664207,-9.53620815,-9.53666496,"[3.1415927410125732, 3.1415927410125732, 3.1415927410125732, 3.1415927410125732, 3.1415927410125732, 3.1415927410125732, 3.1415927410125732, 3.1415927410125732, 3.1415927410125732, 3.1415927410125732, 3.1415927410125732, 3.1415927410125732, 3.1415927410125732, 3.1415927410125732, 3.1415927410125732, 3.1415927410125732, 3.1415927410125732, 3.1415927410125732, 3.1415927410125732, 3.1415927410125732, 3.1415927410125732, 3.1415927410125732, 3.1415927410125732, 3.1415927410125732, 3.1415927410125732, 3.1415927410125732, 3.1415927410125732, 3.1415927410125732, 3.1415927410125732, 3.1415927410125732, 3.1415927410125732, 3.1415927410125732, 3.1415927410125732, 3.1415927410125732, 3.1415927410125732, 3.1415927410125732, 3.1415927410125732, 3.1415927410125732, 3.1415927410125732, 3.1415927410125732, 3.1415927410125732, 3.1415927410125732, 3.1415927410125732, 3.1415927410125732, 3.1415927410125732, 3.1415927410125732, 3.1415927410125732, 3.1415927410125732, 3.1415927410125732, 3.1415927410125732, 3.1415927410125732, 3.1415927410125732, 3.1415927410125732, 3.1415927410125732, 3.1415927410125732, 3.1415927410125732, 3.1415927410125732, 3.1415927410125732, 3.1415927410125732, 3.1415927410125732, 3.1415927410125732, 3.1415927410125732, 3.1415927410125732, 3.1415927410125732, 3.1415927410125732, 3.1415927410125732, 3.1415927410125732, 3.1415927410125732, 3.1415927410125732, 3.1415927410125732, 3.1415927410125732, 3.1415927410125732, 3.1415927410125732, 3.1415927410125732, 3.1415927410125732, 3.1415927410125732, 3.1415927410125732, 3.1415927410125732, 3.1415927410125732, 3.1415927410125732, 3.1415927410125732, 3.1415927410125732, 3.1415927410125732, 3.1415927410125732, 3.1415927410125732, 3.1415927410125732, 3.1415927410125732, 3.1415927410125732, 3.1415927410125732, 3.1415927410125732, 3.1415927410125732, 3.1415927410125732, 3.1415927410125732, 3.1415927410125732, 3.1415927410125732, 3.1415927410125732, 3.1415927410125732, 3.1415927410125732, 3.1415927410125732, 3.1415927410125732, 3.1415927410125732, 3.1415927410125732, 3.1415927410125732, 3.1415927410125732, 3.1415927410125732, 3.1415927410125732, 3.1415927410125732, 3.1415927410125732, 3.1415927410125732, 3.1415927410125732, 3.1415927410125732, 3.1415927410125732, 3.1415927410125732, 3.1415927410125732, 3.1415927410125732, 3.1415927410125732, 3.1415927410125732, 3.1415927410125732, 3.1415927410125732, 3.1415927410125732, 3.1415927410125732, 3.1415927410125732, 3.1415927410125732, 3.1415927410125732, 3.1415927410125732, 3.1415927410125732, 3.1415927410125732, 3.1415927410125732, 3.1415927410125732, 3.1415927410125732, 3.1415927410125732, 3.1415927410125732, 3.1415927410125732, 3.1415927410125732, 3.1415927410125732, 3.1415927410125732, 3.1415927410125732, 3.1415927410125732, 3.1415927410125732, 3.1415927410125732, 3.1415927410125732, 3.1415927410125732, 3.1415927410125732, 3.1415927410125732, 3.1415927410125732, 3.1415927410125732, 3.1415927410125732, 3.1415927410125732, 3.1415927410125732, 3.1415927410125732, 3.1415927410125732, 3.1415927410125732, 3.1415927410125732, 3.1415927410125732, 3.1415927410125732, 3.1415927410125732, 3.1415927410125732, 3.1415927410125732, 3.1415927410125732, 3.1415927410125732, 3.1415927410125732, 3.1415927410125732, 3.1415927410125732, 3.1415927410125732, 3.1415927410125732, 3.1415927410125732, 3.1415927410125732, 3.1415927410125732, 3.1415927410125732, 3.1415927410125732, 3.1415927410125732, 3.1415927410125732, 3.1415927410125732, 3.1415927410125732, 3.1415927410125732, 3.1415927410125732, 3.1415927410125732, 3.1415927410125732, 3.1415927410125732, 3.1415927410125732, 3.1415927410125732, 3.1415927410125732, 3.1415927410125732, 3.1415927410125732, 3.1415927410125732, 3.1415927410125732, 3.1415927410125732, 3.1415927410125732, 3.1415927410125732, 3.1415927410125732, 3.1415927410125732, 3.1415927410125732, 3.1415927410125732, 3.1415927410125732, 3.1415927410125732, 3.1415927410125732, 3.1415927410125732, 3.1415927410125732, 3.1415927410125732, 3.1415927410125732, 3.1415927410125732, 3.1415927410125732, 3.1415927410125732, 3.1415927410125732, 3.1415927410125732, 3.1415927410125732, 3.1415927410125732, 3.1415927410125732, 3.1415927410125732, 3.1415927410125732, 3.1415927410125732, 3.1415927410125732, 3.1415927410125732, 3.1415927410125732, 3.1415927410125732, 3.1415927410125732, 3.1415927410125732, 3.1415927410125732, 3.1415927410125732, 3.1415927410125732, 3.1415927410125732, 3.1415927410125732, 3.1415927410125732, 3.1415927410125732, 3.1415927410125732, 3.1415927410125732, 3.1415927410125732, 3.1415927410125732, 3.1415927410125732, 3.1415927410125732, 3.1415927410125732, 3.1415927410125732, 3.1415927410125732, 3.1415927410125732, 3.1415927410125732, 3.1415927410125732, 3.1415927410125732, 3.1415927410125732, 3.1415927410125732, 3.1415927410125732, 3.1415927410125732, 3.1415927410125732, 3.1415927410125732, 3.1415927410125732, 3.1415927410125732, 3.1415927410125732, 3.1415927410125732, 3.1415927410125732, 3.1415927410125732, 3.1415927410125732, 3.1415927410125732, 3.1415927410125732, 3.1415927410125732, 3.1415927410125732, 3.1415927410125732, 3.1415927410125732, 0.0, 0.0, 0.0, 0.0, 0.0, 0.0, 0.0, 0.0, 0.0, 0.0, 0.0, 0.0, 0.0, 0.0, 0.0, 0.0, 3.1415927410125732, 3.1415927410125732, 3.1415927410125732, 3.1415927410125732, 3.1415927410125732, 3.1415927410125732, 3.1415927410125732, 3.1415927410125732, 3.1415927410125732, 3.1415927410125732, 3.1415927410125732, 3.1415927410125732, 3.1415927410125732, 3.1415927410125732, 3.1415927410125732, 3.1415927410125732, 0.0, 0.0, 0.0, 0.0, 0.0, 0.0, 0.0, 0.0, 0.0, 0.0, 0.0, 0.0, 0.0, 0.0, 0.0, 0.0, 3.1415927410125732, 3.1415927410125732, 3.1415927410125732, 3.1415927410125732, 3.1415927410125732, 3.1415927410125732, 3.1415927410125732, 3.1415927410125732, 3.1415927410125732, 3.1415927410125732, 3.1415927410125732, 3.1415927410125732, 3.1415927410125732, 3.1415927410125732, 3.1415927410125732, 3.1415927410125732, 0.0, 0.0, 0.0, 0.0, 0.0, 0.0, 0.0, 0.0, 0.0, 0.0, 0.0, 0.0, 0.0, 0.0, 0.0, 0.0, 3.1415927410125732, 3.1415927410125732, 3.1415927410125732, 3.1415927410125732, 3.1415927410125732, 3.1415927410125732, 3.1415927410125732, 3.1415927410125732, 3.1415927410125732, 3.1415927410125732, 3.1415927410125732, 3.1415927410125732, 3.1415927410125732, 3.1415927410125732, 3.1415927410125732, 3.1415927410125732, 0.0, 0.0, 0.0, 0.0, 0.0, 0.0, 0.0, 0.0, 0.0, 0.0, 0.0, 0.0, 0.0, 0.0, 0.0, 0.0, 3.1415927410125732, 3.1415927410125732, 3.1415927410125732, 3.1415927410125732, 3.1415927410125732, 3.1415927410125732, 3.1415927410125732, 3.1415927410125732, 3.1415927410125732, 3.1415927410125732, 3.1415927410125732, 3.1415927410125732, 3.1415927410125732, 3.1415927410125732, 3.1415927410125732, 3.1415927410125732, 0.0, 0.0, 0.0, 0.0, 0.0, 0.0, 0.0, 0.0, 0.0, 0.0, 0.0, 0.0, 0.0, 0.0, 0.0, 0.0, 3.1415927410125732, 3.1415927410125732, 3.1415927410125732, 3.1415927410125732, 3.1415927410125732, 3.1415927410125732, 3.1415927410125732, 3.1415927410125732, 3.1415927410125732, 3.1415927410125732, 3.1415927410125732, 3.1415927410125732, 3.1415927410125732, 3.1415927410125732, 3.1415927410125732, 3.1415927410125732, 0.0, 0.0, 0.0, 0.0, 0.0, 0.0, 0.0, 0.0, 0.0, 0.0, 0.0, 0.0, 0.0, 0.0, 0.0, 0.0, 3.1415927410125732, 3.1415927410125732, 3.1415927410125732, 3.1415927410125732, 3.1415927410125732, 3.1415927410125732, 3.1415927410125732, 3.1415927410125732, 3.1415927410125732, 3.1415927410125732, 3.1415927410125732, 3.1415927410125732, 3.1415927410125732, 3.1415927410125732, 3.1415927410125732, 3.1415927410125732, 0.0, 0.0, 0.0, 0.0, 0.0, 0.0, 0.0, 0.0, 0.0, 0.0, 0.0, 0.0, 0.0, 0.0, 0.0, 0.0, 3.1415927410125732, 3.1415927410125732, 3.1415927410125732, 3.1415927410125732, 3.1415927410125732, 3.1415927410125732, 3.1415927410125732, 3.1415927410125732, 3.1415927410125732, 3.1415927410125732, 3.1415927410125732, 3.1415927410125732, 3.1415927410125732, 3.1415927410125732, 3.1415927410125732, 3.1415927410125732, 0.0, 0.0, 0.0, 0.0, 0.0, 0.0, 0.0, 0.0, 0.0, 0.0, 0.0, 0.0, 0.0, 0.0, 0.0, 0.0, 3.1415927410125732, 3.1415927410125732, 3.1415927410125732, 3.1415927410125732, 3.1415927410125732, 3.1415927410125732, 3.1415927410125732, 3.1415927410125732, 3.1415927410125732, 3.1415927410125732, 3.1415927410125732, 3.1415927410125732, 3.1415927410125732, 3.1415927410125732, 3.1415927410125732, 3.1415927410125732, 0.0, 0.0, 0.0, 0.0, 0.0, 0.0, 0.0, 0.0, 0.0, 0.0, 0.0, 0.0, 0.0, 0.0, 0.0, 0.0, 0.0, 0.0, 0.0, 0.0, 0.0, 0.0, 0.0, 0.0, 0.0, 0.0, 0.0, 0.0, 0.0, 0.0, 0.0, 0.0, 0.0, 0.0, 0.0, 0.0, 0.0, 0.0, 0.0, 0.0, 0.0, 0.0, 0.0, 0.0, 0.0, 0.0, 0.0, 0.0, 0.0, 0.0, 0.0, 0.0, 0.0, 0.0, 0.0, 0.0, 0.0, 0.0, 0.0, 0.0, 0.0, 0.0, 0.0, 0.0, 0.0, 0.0, 0.0, 0.0, 0.0, 0.0, 0.0, 0.0, 0.0, 0.0, 0.0, 0.0, 0.0, 0.0, 0.0, 0.0, 0.0, 0.0, 0.0, 0.0, 0.0, 0.0, 0.0, 0.0, 0.0, 0.0, 0.0, 0.0, 0.0, 0.0, 0.0, 0.0, 0.0, 0.0, 0.0, 0.0, 0.0, 0.0, 0.0, 0.0, 0.0, 0.0, 0.0, 0.0, 0.0, 0.0, 0.0, 0.0, 0.0, 0.0, 0.0, 0.0, 0.0, 0.0, 0.0, 0.0, 0.0, 0.0, 0.0, 0.0, 0.0, 0.0, 0.0, 0.0, 0.0, 0.0, 0.0, 0.0, 0.0, 0.0, 0.0, 0.0, 0.0, 0.0, 0.0, 0.0, 0.0, 0.0, 0.0, 0.0, 0.0, 0.0, 0.0, 0.0, 0.0, 0.0, 0.0, 0.0, 0.0, 0.0, 0.0, 0.0, 0.0, 0.0, 0.0, 0.0, 0.0, 0.0, 0.0, 0.0, 0.0, 0.0, 0.0, 0.0, 0.0, 0.0, 0.0, 0.0, 0.0, 0.0, 0.0, 0.0, 0.0, 0.0, 0.0, 0.0, 0.0, 0.0, 0.0, 0.0, 0.0, 0.0, 0.0, 0.0, 0.0, 0.0, 0.0, 0.0, 0.0, 0.0, 0.0, 0.0, 0.0, 0.0, 0.0, 0.0, 0.0, 0.0, 0.0, 0.0, 0.0, 0.0, 0.0, 0.0, 0.0, 0.0, 0.0, 0.0, 0.0, 0.0, 0.0, 0.0, 0.0, 0.0, 0.0, 0.0, 0.0, 0.0, 0.0, 0.0, 0.0, 0.0, 0.0, 0.0, 0.0, 0.0, 0.0, 0.0, 0.0, 0.0, 0.0, 0.0, 0.0, 0.0, 0.0, 0.0, 0.0, 0.0, 0.0, 0.0, 0.0, 0.0, 0.0, 0.0, 0.0, 0.0, 0.0, 0.0, 0.0, 0.0, 0.0, 0.0, 0.0, 0.0, 0.0, 0.0, 0.0, 0.0, 0.0, 0.0, 3.1415927410125732, 3.1415927410125732, 3.1415927410125732, 3.1415927410125732, 3.1415927410125732, 3.1415927410125732, 3.1415927410125732, 3.1415927410125732, 0.0, 0.0, 0.0, 0.0, 0.0, 0.0, 0.0, 0.0, 0.0, 0.0, 0.0, 0.0, 0.0, 0.0, 0.0, 0.0, 0.0, 0.0, 0.0, 0.0, 0.0, 0.0, 0.0, 0.0, 3.1415927410125732, 3.1415927410125732, 3.1415927410125732, 3.1415927410125732, 3.1415927410125732, 3.1415927410125732, 3.1415927410125732, 3.1415927410125732, 0.0, 0.0, 0.0, 0.0, 0.0, 0.0, 0.0, 0.0, 0.0, 0.0, 0.0, 0.0, 0.0, 0.0, 0.0, 0.0, 0.0, 0.0, 0.0, 0.0, 0.0, 0.0, 0.0, 0.0, 3.1415927410125732, 3.1415927410125732, 3.1415927410125732, 3.1415927410125732, 3.1415927410125732, 3.1415927410125732, 3.1415927410125732, 3.1415927410125732, 0.0, 0.0, 0.0, 0.0, 0.0, 0.0, 0.0, 0.0, 0.0, 0.0, 0.0, 0.0, 0.0, 0.0, 0.0, 0.0, 0.0, 0.0, 0.0, 0.0, 0.0, 0.0, 0.0, 0.0, 3.1415927410125732, 3.1415927410125732, 3.1415927410125732, 3.1415927410125732, 3.1415927410125732, 3.1415927410125732, 3.1415927410125732, 3.1415927410125732, 0.0, 0.0, 0.0, 0.0, 0.0, 0.0, 0.0, 0.0, 0.0, 0.0, 0.0, 0.0, 0.0, 0.0, 0.0, 0.0, 0.0, 0.0, 0.0, 0.0, 0.0, 0.0, 0.0, 0.0, 3.1415927410125732, 3.1415927410125732, 3.1415927410125732, 3.1415927410125732, 3.1415927410125732, 3.1415927410125732, 3.1415927410125732, 3.1415927410125732, 0.0, 0.0, 0.0, 0.0, 0.0, 0.0, 0.0, 0.0, 0.0, 0.0, 0.0, 0.0, 0.0, 0.0, 0.0, 0.0, 0.0, 0.0, 0.0, 0.0, 0.0, 0.0, 0.0, 0.0, 3.1415927410125732, 3.1415927410125732, 3.1415927410125732, 3.1415927410125732, 3.1415927410125732, 3.1415927410125732, 3.1415927410125732, 3.1415927410125732, 0.0, 0.0, 0.0, 0.0, 0.0, 0.0, 0.0, 0.0, 0.0, 0.0, 0.0, 0.0, 0.0, 0.0, 0.0, 0.0, 0.0, 0.0, 0.0, 0.0, 0.0, 0.0, 0.0, 0.0, 3.1415927410125732, 3.1415927410125732, 3.1415927410125732, 3.1415927410125732, 3.1415927410125732, 3.1415927410125732, 3.1415927410125732, 3.1415927410125732, 0.0, 0.0, 0.0, 0.0, 0.0, 0.0, 0.0, 0.0, 0.0, 0.0, 0.0, 0.0, 0.0, 0.0, 0.0, 0.0, 0.0, 0.0, 0.0, 0.0, 0.0, 0.0, 0.0, 0.0, 3.1415927410125732, 3.1415927410125732, 3.1415927410125732, 3.1415927410125732, 3.1415927410125732, 3.1415927410125732, 3.1415927410125732, 3.1415927410125732, 0.0, 0.0, 0.0, 0.0, 0.0, 0.0, 0.0, 0.0, 0.0, 0.0, 0.0, 0.0, 0.0, 0.0, 0.0, 0.0]"
0.6088365,0.15223686,0.15219523,0.15220979,0.15219462,0.15220913,-9.53539467,-9.53664207,-9.53620815,-9.53666496,"[3.1415927410125732, 3.1415927410125732, 3.1415927410125732, 3.1415927410125732, 3.1415927410125732, 3.1415927410125732, 3.1415927410125732, 3.1415927410125732, 3.1415927410125732, 3.1415927410125732, 3.1415927410125732, 3.1415927410125732, 3.1415927410125732, 3.1415927410125732, 3.1415927410125732, 3.1415927410125732, 3.1415927410125732, 3.1415927410125732, 3.1415927410125732, 3.1415927410125732, 3.1415927410125732, 3.1415927410125732, 3.1415927410125732, 3.1415927410125732, 3.1415927410125732, 3.1415927410125732, 3.1415927410125732, 3.1415927410125732, 3.1415927410125732, 3.1415927410125732, 3.1415927410125732, 3.1415927410125732, 3.1415927410125732, 3.1415927410125732, 3.1415927410125732, 3.1415927410125732, 3.1415927410125732, 3.1415927410125732, 3.1415927410125732, 3.1415927410125732, 3.1415927410125732, 3.1415927410125732, 3.1415927410125732, 3.1415927410125732, 3.1415927410125732, 3.1415927410125732, 3.1415927410125732, 3.1415927410125732, 3.1415927410125732, 3.1415927410125732, 3.1415927410125732, 3.1415927410125732, 3.1415927410125732, 3.1415927410125732, 3.1415927410125732, 3.1415927410125732, 3.1415927410125732, 3.1415927410125732, 3.1415927410125732, 3.1415927410125732, 3.1415927410125732, 3.1415927410125732, 3.1415927410125732, 3.1415927410125732, 3.1415927410125732, 3.1415927410125732, 3.1415927410125732, 3.1415927410125732, 3.1415927410125732, 3.1415927410125732, 3.1415927410125732, 3.1415927410125732, 3.1415927410125732, 3.1415927410125732, 3.1415927410125732, 3.1415927410125732, 3.1415927410125732, 3.1415927410125732, 3.1415927410125732, 3.1415927410125732, 3.1415927410125732, 3.1415927410125732, 3.1415927410125732, 3.1415927410125732, 3.1415927410125732, 3.1415927410125732, 3.1415927410125732, 3.1415927410125732, 3.1415927410125732, 3.1415927410125732, 3.1415927410125732, 3.1415927410125732, 3.1415927410125732, 3.1415927410125732, 3.1415927410125732, 3.1415927410125732, 3.1415927410125732, 3.1415927410125732, 3.1415927410125732, 3.1415927410125732, 3.1415927410125732, 3.1415927410125732, 3.1415927410125732, 3.1415927410125732, 3.1415927410125732, 3.1415927410125732, 3.1415927410125732, 3.1415927410125732, 3.1415927410125732, 3.1415927410125732, 3.1415927410125732, 3.1415927410125732, 3.1415927410125732, 3.1415927410125732, 3.1415927410125732, 3.1415927410125732, 3.1415927410125732, 3.1415927410125732, 3.1415927410125732, 3.1415927410125732, 3.1415927410125732, 3.1415927410125732, 3.1415927410125732, 3.1415927410125732, 3.1415927410125732, 3.1415927410125732, 3.1415927410125732, 3.1415927410125732, 3.1415927410125732, 3.1415927410125732, 3.1415927410125732, 3.1415927410125732, 3.1415927410125732, 3.1415927410125732, 3.1415927410125732, 3.1415927410125732, 3.1415927410125732, 3.1415927410125732, 3.1415927410125732, 3.1415927410125732, 3.1415927410125732, 3.1415927410125732, 3.1415927410125732, 3.1415927410125732, 3.1415927410125732, 3.1415927410125732, 3.1415927410125732, 3.1415927410125732, 3.1415927410125732, 3.1415927410125732, 3.1415927410125732, 3.1415927410125732, 3.1415927410125732, 3.1415927410125732, 3.1415927410125732, 3.1415927410125732, 3.1415927410125732, 3.1415927410125732, 3.1415927410125732, 3.1415927410125732, 3.1415927410125732, 3.1415927410125732, 3.1415927410125732, 3.1415927410125732, 3.1415927410125732, 3.1415927410125732, 3.1415927410125732, 3.1415927410125732, 3.1415927410125732, 3.1415927410125732, 3.1415927410125732, 3.1415927410125732, 3.1415927410125732, 3.1415927410125732, 3.1415927410125732, 3.1415927410125732, 3.1415927410125732, 3.1415927410125732, 3.1415927410125732, 3.1415927410125732, 3.1415927410125732, 3.1415927410125732, 3.1415927410125732, 3.1415927410125732, 3.1415927410125732, 3.1415927410125732, 3.1415927410125732, 3.1415927410125732, 3.1415927410125732, 3.1415927410125732, 3.1415927410125732, 3.1415927410125732, 3.1415927410125732, 3.1415927410125732, 3.1415927410125732, 3.1415927410125732, 3.1415927410125732, 3.1415927410125732, 3.1415927410125732, 3.1415927410125732, 3.1415927410125732, 3.1415927410125732, 3.1415927410125732, 3.1415927410125732, 3.1415927410125732, 3.1415927410125732, 3.1415927410125732, 3.1415927410125732, 3.1415927410125732, 3.1415927410125732, 3.1415927410125732, 3.1415927410125732, 3.1415927410125732, 3.1415927410125732, 3.1415927410125732, 3.1415927410125732, 3.1415927410125732, 3.1415927410125732, 3.1415927410125732, 3.1415927410125732, 3.1415927410125732, 3.1415927410125732, 3.1415927410125732, 3.1415927410125732, 3.1415927410125732, 3.1415927410125732, 3.1415927410125732, 3.1415927410125732, 3.1415927410125732, 3.1415927410125732, 3.1415927410125732, 3.1415927410125732, 3.1415927410125732, 3.1415927410125732, 3.1415927410125732, 3.1415927410125732, 3.1415927410125732, 3.1415927410125732, 3.1415927410125732, 3.1415927410125732, 3.1415927410125732, 3.1415927410125732, 3.1415927410125732, 3.1415927410125732, 3.1415927410125732, 3.1415927410125732, 3.1415927410125732, 3.1415927410125732, 3.1415927410125732, 3.1415927410125732, 3.1415927410125732, 3.1415927410125732, 3.1415927410125732, 3.1415927410125732, 3.1415927410125732, 3.1415927410125732, 0.0, 0.0, 0.0, 0.0, 0.0, 0.0, 0.0, 0.0, 0.0, 0.0, 0.0, 0.0, 0.0, 0.0, 0.0, 0.0, 3.1415927410125732, 3.1415927410125732, 3.1415927410125732, 3.1415927410125732, 3.1415927410125732, 3.1415927410125732, 3.1415927410125732, 3.1415927410125732, 3.1415927410125732, 3.1415927410125732, 3.1415927410125732, 3.1415927410125732, 3.1415927410125732, 3.1415927410125732, 3.1415927410125732, 3.1415927410125732, 0.0, 0.0, 0.0, 0.0, 0.0, 0.0, 0.0, 0.0, 0.0, 0.0, 0.0, 0.0, 0.0, 0.0, 0.0, 0.0, 3.1415927410125732, 3.1415927410125732, 3.1415927410125732, 3.1415927410125732, 3.1415927410125732, 3.1415927410125732, 3.1415927410125732, 3.1415927410125732, 3.1415927410125732, 3.1415927410125732, 3.1415927410125732, 3.1415927410125732, 3.1415927410125732, 3.1415927410125732, 3.1415927410125732, 3.1415927410125732, 0.0, 0.0, 0.0, 0.0, 0.0, 0.0, 0.0, 0.0, 0.0, 0.0, 0.0, 0.0, 0.0, 0.0, 0.0, 0.0, 3.1415927410125732, 3.1415927410125732, 3.1415927410125732, 3.1415927410125732, 3.1415927410125732, 3.1415927410125732, 3.1415927410125732, 3.1415927410125732, 3.1415927410125732, 3.1415927410125732, 3.1415927410125732, 3.1415927410125732, 3.1415927410125732, 3.1415927410125732, 3.1415927410125732, 3.1415927410125732, 0.0, 0.0, 0.0, 0.0, 0.0, 0.0, 0.0, 0.0, 0.0, 0.0, 0.0, 0.0, 0.0, 0.0, 0.0, 0.0, 3.1415927410125732, 3.1415927410125732, 3.1415927410125732, 3.1415927410125732, 3.1415927410125732, 3.1415927410125732, 3.1415927410125732, 3.1415927410125732, 3.1415927410125732, 3.1415927410125732, 3.1415927410125732, 3.1415927410125732, 3.1415927410125732, 3.1415927410125732, 3.1415927410125732, 3.1415927410125732, 0.0, 0.0, 0.0, 0.0, 0.0, 0.0, 0.0, 0.0, 0.0, 0.0, 0.0, 0.0, 0.0, 0.0, 0.0, 0.0, 3.1415927410125732, 3.1415927410125732, 3.1415927410125732, 3.1415927410125732, 3.1415927410125732, 3.1415927410125732, 3.1415927410125732, 3.1415927410125732, 3.1415927410125732, 3.1415927410125732, 3.1415927410125732, 3.1415927410125732, 3.1415927410125732, 3.1415927410125732, 3.1415927410125732, 3.1415927410125732, 0.0, 0.0, 0.0, 0.0, 0.0, 0.0, 0.0, 0.0, 0.0, 0.0, 0.0, 0.0, 0.0, 0.0, 0.0, 0.0, 3.1415927410125732, 3.1415927410125732, 3.1415927410125732, 3.1415927410125732, 3.1415927410125732, 3.1415927410125732, 3.1415927410125732, 3.1415927410125732, 3.1415927410125732, 3.1415927410125732, 3.1415927410125732, 3.1415927410125732, 3.1415927410125732, 3.1415927410125732, 3.1415927410125732, 3.1415927410125732, 0.0, 0.0, 0.0, 0.0, 0.0, 0.0, 0.0, 0.0, 0.0, 0.0, 0.0, 0.0, 0.0, 0.0, 0.0, 0.0, 3.1415927410125732, 3.1415927410125732, 3.1415927410125732, 3.1415927410125732, 3.1415927410125732, 3.1415927410125732, 3.1415927410125732, 3.1415927410125732, 3.1415927410125732, 3.1415927410125732, 3.1415927410125732, 3.1415927410125732, 3.1415927410125732, 3.1415927410125732, 3.1415927410125732, 3.1415927410125732, 0.0, 0.0, 0.0, 0.0, 0.0, 0.0, 0.0, 0.0, 0.0, 0.0, 0.0, 0.0, 0.0, 0.0, 0.0, 0.0, 3.1415927410125732, 3.1415927410125732, 3.1415927410125732, 3.1415927410125732, 3.1415927410125732, 3.1415927410125732, 3.1415927410125732, 3.1415927410125732, 3.1415927410125732, 3.1415927410125732, 3.1415927410125732, 3.1415927410125732, 3.1415927410125732, 3.1415927410125732, 3.1415927410125732, 3.1415927410125732, 0.0, 0.0, 0.0, 0.0, 0.0, 0.0, 0.0, 0.0, 0.0, 0.0, 0.0, 0.0, 0.0, 0.0, 0.0, 0.0, 0.0, 0.0, 0.0, 0.0, 0.0, 0.0, 0.0, 0.0, 0.0, 0.0, 0.0, 0.0, 0.0, 0.0, 0.0, 0.0, 0.0, 0.0, 0.0, 0.0, 0.0, 0.0, 0.0, 0.0, 0.0, 0.0, 0.0, 0.0, 0.0, 0.0, 0.0, 0.0, 0.0, 0.0, 0.0, 0.0, 0.0, 0.0, 0.0, 0.0, 0.0, 0.0, 0.0, 0.0, 0.0, 0.0, 0.0, 0.0, 0.0, 0.0, 0.0, 0.0, 0.0, 0.0, 0.0, 0.0, 0.0, 0.0, 0.0, 0.0, 0.0, 0.0, 0.0, 0.0, 0.0, 0.0, 0.0, 0.0, 0.0, 0.0, 0.0, 0.0, 0.0, 0.0, 0.0, 0.0, 0.0, 0.0, 0.0, 0.0, 0.0, 0.0, 0.0, 0.0, 0.0, 0.0, 0.0, 0.0, 0.0, 0.0, 0.0, 0.0, 0.0, 0.0, 0.0, 0.0, 0.0, 0.0, 0.0, 0.0, 0.0, 0.0, 0.0, 0.0, 0.0, 0.0, 0.0, 0.0, 0.0, 0.0, 0.0, 0.0, 0.0, 0.0, 0.0, 0.0, 0.0, 0.0, 0.0, 0.0, 0.0, 0.0, 0.0, 0.0, 0.0, 0.0, 0.0, 0.0, 0.0, 0.0, 0.0, 0.0, 0.0, 0.0, 0.0, 0.0, 0.0, 0.0, 0.0, 0.0, 0.0, 0.0, 0.0, 0.0, 0.0, 0.0, 0.0, 0.0, 0.0, 0.0, 0.0, 0.0, 0.0, 0.0, 0.0, 0.0, 0.0, 0.0, 0.0, 0.0, 0.0, 0.0, 0.0, 0.0, 0.0, 0.0, 0.0, 0.0, 0.0, 0.0, 0.0, 0.0, 0.0, 0.0, 0.0, 0.0, 0.0, 0.0, 0.0, 0.0, 0.0, 0.0, 0.0, 0.0, 0.0, 0.0, 0.0, 0.0, 0.0, 0.0, 0.0, 0.0, 0.0, 0.0, 0.0, 0.0, 0.0, 0.0, 0.0, 0.0, 0.0, 0.0, 0.0, 0.0, 0.0, 0.0, 0.0, 0.0, 0.0, 0.0, 0.0, 0.0, 0.0, 0.0, 0.0, 0.0, 0.0, 0.0, 0.0, 0.0, 0.0, 0.0, 0.0, 0.0, 0.0, 0.0, 0.0, 0.0, 0.0, 0.0, 0.0, 0.0, 0.0, 0.0, 0.0, 0.0, 0.0, 0.0, 0.0, 0.0, 0.0, 0.0, 0.0, 0.0, 0.0, 0.0, 0.0, 0.0, 3.1415927410125732, 3.1415927410125732, 3.1415927410125732, 3.1415927410125732, 3.1415927410125732, 3.1415927410125732, 3.1415927410125732, 3.1415927410125732, 0.0, 0.0, 0.0, 0.0, 0.0, 0.0, 0.0, 0.0, 0.0, 0.0, 0.0, 0.0, 0.0, 0.0, 0.0, 0.0, 0.0, 0.0, 0.0, 0.0, 0.0, 0.0, 0.0, 0.0, 3.1415927410125732, 3.1415927410125732, 3.1415927410125732, 3.1415927410125732, 3.1415927410125732, 3.1415927410125732, 3.1415927410125732, 3.1415927410125732, 0.0, 0.0, 0.0, 0.0, 0.0, 0.0, 0.0, 0.0, 0.0, 0.0, 0.0, 0.0, 0.0, 0.0, 0.0, 0.0, 0.0, 0.0, 0.0, 0.0, 0.0, 0.0, 0.0, 0.0, 3.1415927410125732, 3.1415927410125732, 3.1415927410125732, 3.1415927410125732, 3.1415927410125732, 3.1415927410125732, 3.1415927410125732, 3.1415927410125732, 0.0, 0.0, 0.0, 0.0, 0.0, 0.0, 0.0, 0.0, 0.0, 0.0, 0.0, 0.0, 0.0, 0.0, 0.0, 0.0, 0.0, 0.0, 0.0, 0.0, 0.0, 0.0, 0.0, 0.0, 3.1415927410125732, 3.1415927410125732, 3.1415927410125732, 3.1415927410125732, 3.1415927410125732, 3.1415927410125732, 3.1415927410125732, 3.1415927410125732, 0.0, 0.0, 0.0, 0.0, 0.0, 0.0, 0.0, 0.0, 0.0, 0.0, 0.0, 0.0, 0.0, 0.0, 0.0, 0.0, 0.0, 0.0, 0.0, 0.0, 0.0, 0.0, 0.0, 0.0, 3.1415927410125732, 3.1415927410125732, 3.1415927410125732, 3.1415927410125732, 3.1415927410125732, 3.1415927410125732, 3.1415927410125732, 3.1415927410125732, 0.0, 0.0, 0.0, 0.0, 0.0, 0.0, 0.0, 0.0, 0.0, 0.0, 0.0, 0.0, 0.0, 0.0, 0.0, 0.0, 0.0, 0.0, 0.0, 0.0, 0.0, 0.0, 0.0, 0.0, 3.1415927410125732, 3.1415927410125732, 3.1415927410125732, 3.1415927410125732, 3.1415927410125732, 3.1415927410125732, 3.1415927410125732, 3.1415927410125732, 0.0, 0.0, 0.0, 0.0, 0.0, 0.0, 0.0, 0.0, 0.0, 0.0, 0.0, 0.0, 0.0, 0.0, 0.0, 0.0, 0.0, 0.0, 0.0, 0.0, 0.0, 0.0, 0.0, 0.0, 3.1415927410125732, 3.1415927410125732, 3.1415927410125732, 3.1415927410125732, 3.1415927410125732, 3.1415927410125732, 3.1415927410125732, 3.1415927410125732, 0.0, 0.0, 0.0, 0.0, 0.0, 0.0, 0.0, 0.0, 0.0, 0.0, 0.0, 0.0, 0.0, 0.0, 0.0, 0.0, 0.0, 0.0, 0.0, 0.0, 0.0, 0.0, 0.0, 0.0, 3.1415927410125732, 3.1415927410125732, 3.1415927410125732, 3.1415927410125732, 3.1415927410125732, 3.1415927410125732, 3.1415927410125732, 3.1415927410125732, 0.0, 0.0, 0.0, 0.0, 0.0, 0.0, 0.0, 0.0, 0.0, 0.0, 0.0, 0.0, 0.0, 0.0, 0.0, 0.0]"
0.6088365,0.15223686,0.15219523,0.15220979,0.15219462,0.15220913,-9.53539467,-9.53664207,-9.53620815,-9.53666496,"[3.1415927410125732, 3.1415927410125732, 3.1415927410125732, 3.1415927410125732, 3.1415927410125732, 3.1415927410125732, 3.1415927410125732, 3.1415927410125732, 3.1415927410125732, 3.1415927410125732, 3.1415927410125732, 3.1415927410125732, 3.1415927410125732, 3.1415927410125732, 3.1415927410125732, 3.1415927410125732, 3.1415927410125732, 3.1415927410125732, 3.1415927410125732, 3.1415927410125732, 3.1415927410125732, 3.1415927410125732, 3.1415927410125732, 3.1415927410125732, 3.1415927410125732, 3.1415927410125732, 3.1415927410125732, 3.1415927410125732, 3.1415927410125732, 3.1415927410125732, 3.1415927410125732, 3.1415927410125732, 3.1415927410125732, 3.1415927410125732, 3.1415927410125732, 3.1415927410125732, 3.1415927410125732, 3.1415927410125732, 3.1415927410125732, 3.1415927410125732, 3.1415927410125732, 3.1415927410125732, 3.1415927410125732, 3.1415927410125732, 3.1415927410125732, 3.1415927410125732, 3.1415927410125732, 3.1415927410125732, 3.1415927410125732, 3.1415927410125732, 3.1415927410125732, 3.1415927410125732, 3.1415927410125732, 3.1415927410125732, 3.1415927410125732, 3.1415927410125732, 3.1415927410125732, 3.1415927410125732, 3.1415927410125732, 3.1415927410125732, 3.1415927410125732, 3.1415927410125732, 3.1415927410125732, 3.1415927410125732, 3.1415927410125732, 3.1415927410125732, 3.1415927410125732, 3.1415927410125732, 3.1415927410125732, 3.1415927410125732, 3.1415927410125732, 3.1415927410125732, 3.1415927410125732, 3.1415927410125732, 3.1415927410125732, 3.1415927410125732, 3.1415927410125732, 3.1415927410125732, 3.1415927410125732, 3.1415927410125732, 3.1415927410125732, 3.1415927410125732, 3.1415927410125732, 3.1415927410125732, 3.1415927410125732, 3.1415927410125732, 3.1415927410125732, 3.1415927410125732, 3.1415927410125732, 3.1415927410125732, 3.1415927410125732, 3.1415927410125732, 3.1415927410125732, 3.1415927410125732, 3.1415927410125732, 3.1415927410125732, 3.1415927410125732, 3.1415927410125732, 3.1415927410125732, 3.1415927410125732, 3.1415927410125732, 3.1415927410125732, 3.1415927410125732, 3.1415927410125732, 3.1415927410125732, 3.1415927410125732, 3.1415927410125732, 3.1415927410125732, 3.1415927410125732, 3.1415927410125732, 3.1415927410125732, 3.1415927410125732, 3.1415927410125732, 3.1415927410125732, 3.1415927410125732, 3.1415927410125732, 3.1415927410125732, 3.1415927410125732, 3.1415927410125732, 3.1415927410125732, 3.1415927410125732, 3.1415927410125732, 3.1415927410125732, 3.1415927410125732, 3.1415927410125732, 3.1415927410125732, 3.1415927410125732, 3.1415927410125732, 3.1415927410125732, 3.1415927410125732, 3.1415927410125732, 3.1415927410125732, 3.1415927410125732, 3.1415927410125732, 3.1415927410125732, 3.1415927410125732, 3.1415927410125732, 3.1415927410125732, 3.1415927410125732, 3.1415927410125732, 3.1415927410125732, 3.1415927410125732, 3.1415927410125732, 3.1415927410125732, 3.1415927410125732, 3.1415927410125732, 3.1415927410125732, 3.1415927410125732, 3.1415927410125732, 3.1415927410125732, 3.1415927410125732, 3.1415927410125732, 3.1415927410125732, 3.1415927410125732, 3.1415927410125732, 3.1415927410125732, 3.1415927410125732, 3.1415927410125732, 3.1415927410125732, 3.1415927410125732, 3.1415927410125732, 3.1415927410125732, 3.1415927410125732, 3.1415927410125732, 3.1415927410125732, 3.1415927410125732, 3.1415927410125732, 3.1415927410125732, 3.1415927410125732, 3.1415927410125732, 3.1415927410125732, 3.1415927410125732, 3.1415927410125732, 3.1415927410125732, 3.1415927410125732, 3.1415927410125732, 3.1415927410125732, 3.1415927410125732, 3.1415927410125732, 3.1415927410125732, 3.1415927410125732, 3.1415927410125732, 3.1415927410125732, 3.1415927410125732, 3.1415927410125732, 3.1415927410125732, 3.1415927410125732, 3.1415927410125732, 3.1415927410125732, 3.1415927410125732, 3.1415927410125732, 3.1415927410125732, 3.1415927410125732, 3.1415927410125732, 3.1415927410125732, 3.1415927410125732, 3.1415927410125732, 3.1415927410125732, 3.1415927410125732, 3.1415927410125732, 3.1415927410125732, 3.1415927410125732, 3.1415927410125732, 3.1415927410125732, 3.1415927410125732, 3.1415927410125732, 3.1415927410125732, 3.1415927410125732, 3.1415927410125732, 3.1415927410125732, 3.1415927410125732, 3.1415927410125732, 3.1415927410125732, 3.1415927410125732, 3.1415927410125732, 3.1415927410125732, 3.1415927410125732, 3.1415927410125732, 3.1415927410125732, 3.1415927410125732, 3.1415927410125732, 3.1415927410125732, 3.1415927410125732, 3.1415927410125732, 3.1415927410125732, 3.1415927410125732, 3.1415927410125732, 3.1415927410125732, 3.1415927410125732, 3.1415927410125732, 3.1415927410125732, 3.1415927410125732, 3.1415927410125732, 3.1415927410125732, 3.1415927410125732, 3.1415927410125732, 3.1415927410125732, 3.1415927410125732, 3.1415927410125732, 3.1415927410125732, 3.1415927410125732, 3.1415927410125732, 3.1415927410125732, 3.1415927410125732, 3.1415927410125732, 3.1415927410125732, 3.1415927410125732, 3.1415927410125732, 3.1415927410125732, 3.1415927410125732, 3.1415927410125732, 3.1415927410125732, 3.1415927410125732, 3.1415927410125732, 3.1415927410125732, 3.1415927410125732, 0.0, 0.0, 0.0, 0.0, 0.0, 0.0, 0.0, 0.0, 0.0, 0.0, 0.0, 0.0, 0.0, 0.0, 0.0, 0.0, 3.1415927410125732, 3.1415927410125732, 3.1415927410125732, 3.1415927410125732, 3.1415927410125732, 3.1415927410125732, 3.1415927410125732, 3.1415927410125732, 3.1415927410125732, 3.1415927410125732, 3.1415927410125732, 3.1415927410125732, 3.1415927410125732, 3.1415927410125732, 3.1415927410125732, 3.1415927410125732, 0.0, 0.0, 0.0, 0.0, 0.0, 0.0, 0.0, 0.0, 0.0, 0.0, 0.0, 0.0, 0.0, 0.0, 0.0, 0.0, 3.1415927410125732, 3.1415927410125732, 3.1415927410125732, 3.1415927410125732, 3.1415927410125732, 3.1415927410125732, 3.1415927410125732, 3.1415927410125732, 3.1415927410125732, 3.1415927410125732, 3.1415927410125732, 3.1415927410125732, 3.1415927410125732, 3.1415927410125732, 3.1415927410125732, 3.1415927410125732, 0.0, 0.0, 0.0, 0.0, 0.0, 0.0, 0.0, 0.0, 0.0, 0.0, 0.0, 0.0, 0.0, 0.0, 0.0, 0.0, 3.1415927410125732, 3.1415927410125732, 3.1415927410125732, 3.1415927410125732, 3.1415927410125732, 3.1415927410125732, 3.1415927410125732, 3.1415927410125732, 3.1415927410125732, 3.1415927410125732, 3.1415927410125732, 3.1415927410125732, 3.1415927410125732, 3.1415927410125732, 3.1415927410125732, 3.1415927410125732, 0.0, 0.0, 0.0, 0.0, 0.0, 0.0, 0.0, 0.0, 0.0, 0.0, 0.0, 0.0, 0.0, 0.0, 0.0, 0.0, 3.1415927410125732, 3.1415927410125732, 3.1415927410125732, 3.1415927410125732, 3.1415927410125732, 3.1415927410125732, 3.1415927410125732, 3.1415927410125732, 3.1415927410125732, 3.1415927410125732, 3.1415927410125732, 3.1415927410125732, 3.1415927410125732, 3.1415927410125732, 3.1415927410125732, 3.1415927410125732, 0.0, 0.0, 0.0, 0.0, 0.0, 0.0, 0.0, 0.0, 0.0, 0.0, 0.0, 0.0, 0.0, 0.0, 0.0, 0.0, 3.1415927410125732, 3.1415927410125732, 3.1415927410125732, 3.1415927410125732, 3.1415927410125732, 3.1415927410125732, 3.1415927410125732, 3.1415927410125732, 3.1415927410125732, 3.1415927410125732, 3.1415927410125732, 3.1415927410125732, 3.1415927410125732, 3.1415927410125732, 3.1415927410125732, 3.1415927410125732, 0.0, 0.0, 0.0, 0.0, 0.0, 0.0, 0.0, 0.0, 0.0, 0.0, 0.0, 0.0, 0.0, 0.0, 0.0, 0.0, 3.1415927410125732, 3.1415927410125732, 3.1415927410125732, 3.1415927410125732, 3.1415927410125732, 3.1415927410125732, 3.1415927410125732, 3.1415927410125732, 3.1415927410125732, 3.1415927410125732, 3.1415927410125732, 3.1415927410125732, 3.1415927410125732, 3.1415927410125732, 3.1415927410125732, 3.1415927410125732, 0.0, 0.0, 0.0, 0.0, 0.0, 0.0, 0.0, 0.0, 0.0, 0.0, 0.0, 0.0, 0.0, 0.0, 0.0, 0.0, 3.1415927410125732, 3.1415927410125732, 3.1415927410125732, 3.1415927410125732, 3.1415927410125732, 3.1415927410125732, 3.1415927410125732, 3.1415927410125732, 3.1415927410125732, 3.1415927410125732, 3.1415927410125732, 3.1415927410125732, 3.1415927410125732, 3.1415927410125732, 3.1415927410125732, 3.1415927410125732, 0.0, 0.0, 0.0, 0.0, 0.0, 0.0, 0.0, 0.0, 0.0, 0.0, 0.0, 0.0, 0.0, 0.0, 0.0, 0.0, 3.1415927410125732, 3.1415927410125732, 3.1415927410125732, 3.1415927410125732, 3.1415927410125732, 3.1415927410125732, 3.1415927410125732, 3.1415927410125732, 3.1415927410125732, 3.1415927410125732, 3.1415927410125732, 3.1415927410125732, 3.1415927410125732, 3.1415927410125732, 3.1415927410125732, 3.1415927410125732, 0.0, 0.0, 0.0, 0.0, 0.0, 0.0, 0.0, 0.0, 0.0, 0.0, 0.0, 0.0, 0.0, 0.0, 0.0, 0.0, 0.0, 0.0, 0.0, 0.0, 0.0, 0.0, 0.0, 0.0, 0.0, 0.0, 0.0, 0.0, 0.0, 0.0, 0.0, 0.0, 0.0, 0.0, 0.0, 0.0, 0.0, 0.0, 0.0, 0.0, 0.0, 0.0, 0.0, 0.0, 0.0, 0.0, 0.0, 0.0, 0.0, 0.0, 0.0, 0.0, 0.0, 0.0, 0.0, 0.0, 0.0, 0.0, 0.0, 0.0, 0.0, 0.0, 0.0, 0.0, 0.0, 0.0, 0.0, 0.0, 0.0, 0.0, 0.0, 0.0, 0.0, 0.0, 0.0, 0.0, 0.0, 0.0, 0.0, 0.0, 0.0, 0.0, 0.0, 0.0, 0.0, 0.0, 0.0, 0.0, 0.0, 0.0, 0.0, 0.0, 0.0, 0.0, 0.0, 0.0, 0.0, 0.0, 0.0, 0.0, 0.0, 0.0, 0.0, 0.0, 0.0, 0.0, 0.0, 0.0, 0.0, 0.0, 0.0, 0.0, 0.0, 0.0, 0.0, 0.0, 0.0, 0.0, 0.0, 0.0, 0.0, 0.0, 0.0, 0.0, 0.0, 0.0, 0.0, 0.0, 0.0, 0.0, 0.0, 0.0, 0.0, 0.0, 0.0, 0.0, 0.0, 0.0, 0.0, 0.0, 0.0, 0.0, 0.0, 0.0, 0.0, 0.0, 0.0, 0.0, 0.0, 0.0, 0.0, 0.0, 0.0, 0.0, 0.0, 0.0, 0.0, 0.0, 0.0, 0.0, 0.0, 0.0, 0.0, 0.0, 0.0, 0.0, 0.0, 0.0, 0.0, 0.0, 0.0, 0.0, 0.0, 0.0, 0.0, 0.0, 0.0, 0.0, 0.0, 0.0, 0.0, 0.0, 0.0, 0.0, 0.0, 0.0, 0.0, 0.0, 0.0, 0.0, 0.0, 0.0, 0.0, 0.0, 0.0, 0.0, 0.0, 0.0, 0.0, 0.0, 0.0, 0.0, 0.0, 0.0, 0.0, 0.0, 0.0, 0.0, 0.0, 0.0, 0.0, 0.0, 0.0, 0.0, 0.0, 0.0, 0.0, 0.0, 0.0, 0.0, 0.0, 0.0, 0.0, 0.0, 0.0, 0.0, 0.0, 0.0, 0.0, 0.0, 0.0, 0.0, 0.0, 0.0, 0.0, 0.0, 0.0, 0.0, 0.0, 0.0, 0.0, 0.0, 0.0, 0.0, 0.0, 0.0, 0.0, 0.0, 0.0, 0.0, 0.0, 0.0, 0.0, 0.0, 0.0, 0.0, 0.0, 0.0, 0.0, 0.0, 0.0, 0.0, 0.0, 0.0, 3.1415927410125732, 3.1415927410125732, 3.1415927410125732, 3.1415927410125732, 3.1415927410125732, 3.1415927410125732, 3.1415927410125732, 3.1415927410125732, 0.0, 0.0, 0.0, 0.0, 0.0, 0.0, 0.0, 0.0, 0.0, 0.0, 0.0, 0.0, 0.0, 0.0, 0.0, 0.0, 0.0, 0.0, 0.0, 0.0, 0.0, 0.0, 0.0, 0.0, 3.1415927410125732, 3.1415927410125732, 3.1415927410125732, 3.1415927410125732, 3.1415927410125732, 3.1415927410125732, 3.1415927410125732, 3.1415927410125732, 0.0, 0.0, 0.0, 0.0, 0.0, 0.0, 0.0, 0.0, 0.0, 0.0, 0.0, 0.0, 0.0, 0.0, 0.0, 0.0, 0.0, 0.0, 0.0, 0.0, 0.0, 0.0, 0.0, 0.0, 3.1415927410125732, 3.1415927410125732, 3.1415927410125732, 3.1415927410125732, 3.1415927410125732, 3.1415927410125732, 3.1415927410125732, 3.1415927410125732, 0.0, 0.0, 0.0, 0.0, 0.0, 0.0, 0.0, 0.0, 0.0, 0.0, 0.0, 0.0, 0.0, 0.0, 0.0, 0.0, 0.0, 0.0, 0.0, 0.0, 0.0, 0.0, 0.0, 0.0, 3.1415927410125732, 3.1415927410125732, 3.1415927410125732, 3.1415927410125732, 3.1415927410125732, 3.1415927410125732, 3.1415927410125732, 3.1415927410125732, 0.0, 0.0, 0.0, 0.0, 0.0, 0.0, 0.0, 0.0, 0.0, 0.0, 0.0, 0.0, 0.0, 0.0, 0.0, 0.0, 0.0, 0.0, 0.0, 0.0, 0.0, 0.0, 0.0, 0.0, 3.1415927410125732, 3.1415927410125732, 3.1415927410125732, 3.1415927410125732, 3.1415927410125732, 3.1415927410125732, 3.1415927410125732, 3.1415927410125732, 0.0, 0.0, 0.0, 0.0, 0.0, 0.0, 0.0, 0.0, 0.0, 0.0, 0.0, 0.0, 0.0, 0.0, 0.0, 0.0, 0.0, 0.0, 0.0, 0.0, 0.0, 0.0, 0.0, 0.0, 3.1415927410125732, 3.1415927410125732, 3.1415927410125732, 3.1415927410125732, 3.1415927410125732, 3.1415927410125732, 3.1415927410125732, 3.1415927410125732, 0.0, 0.0, 0.0, 0.0, 0.0, 0.0, 0.0, 0.0, 0.0, 0.0, 0.0, 0.0, 0.0, 0.0, 0.0, 0.0, 0.0, 0.0, 0.0, 0.0, 0.0, 0.0, 0.0, 0.0, 3.1415927410125732, 3.1415927410125732, 3.1415927410125732, 3.1415927410125732, 3.1415927410125732, 3.1415927410125732, 3.1415927410125732, 3.1415927410125732, 0.0, 0.0, 0.0, 0.0, 0.0, 0.0, 0.0, 0.0, 0.0, 0.0, 0.0, 0.0, 0.0, 0.0, 0.0, 0.0, 0.0, 0.0, 0.0, 0.0, 0.0, 0.0, 0.0, 0.0, 3.1415927410125732, 3.1415927410125732, 3.1415927410125732, 3.1415927410125732, 3.1415927410125732, 3.1415927410125732, 3.1415927410125732, 3.1415927410125732, 0.0, 0.0, 0.0, 0.0, 0.0, 0.0, 0.0, 0.0, 0.0, 0.0, 0.0, 0.0, 0.0, 0.0, 0.0, 0.0]"
0.6088365,0.15223686,0.15219523,0.15220979,0.15219462,0.15220913,-9.53539467,-9.53664207,-9.53620815,-9.53666496,"[3.1415927410125732, 3.1415927410125732, 3.1415927410125732, 3.1415927410125732, 3.1415927410125732, 3.1415927410125732, 3.1415927410125732, 3.1415927410125732, 3.1415927410125732, 3.1415927410125732, 3.1415927410125732, 3.1415927410125732, 3.1415927410125732, 3.1415927410125732, 3.1415927410125732, 3.1415927410125732, 3.1415927410125732, 3.1415927410125732, 3.1415927410125732, 3.1415927410125732, 3.1415927410125732, 3.1415927410125732, 3.1415927410125732, 3.1415927410125732, 3.1415927410125732, 3.1415927410125732, 3.1415927410125732, 3.1415927410125732, 3.1415927410125732, 3.1415927410125732, 3.1415927410125732, 3.1415927410125732, 3.1415927410125732, 3.1415927410125732, 3.1415927410125732, 3.1415927410125732, 3.1415927410125732, 3.1415927410125732, 3.1415927410125732, 3.1415927410125732, 3.1415927410125732, 3.1415927410125732, 3.1415927410125732, 3.1415927410125732, 3.1415927410125732, 3.1415927410125732, 3.1415927410125732, 3.1415927410125732, 3.1415927410125732, 3.1415927410125732, 3.1415927410125732, 3.1415927410125732, 3.1415927410125732, 3.1415927410125732, 3.1415927410125732, 3.1415927410125732, 3.1415927410125732, 3.1415927410125732, 3.1415927410125732, 3.1415927410125732, 3.1415927410125732, 3.1415927410125732, 3.1415927410125732, 3.1415927410125732, 3.1415927410125732, 3.1415927410125732, 3.1415927410125732, 3.1415927410125732, 3.1415927410125732, 3.1415927410125732, 3.1415927410125732, 3.1415927410125732, 3.1415927410125732, 3.1415927410125732, 3.1415927410125732, 3.1415927410125732, 3.1415927410125732, 3.1415927410125732, 3.1415927410125732, 3.1415927410125732, 3.1415927410125732, 3.1415927410125732, 3.1415927410125732, 3.1415927410125732, 3.1415927410125732, 3.1415927410125732, 3.1415927410125732, 3.1415927410125732, 3.1415927410125732, 3.1415927410125732, 3.1415927410125732, 3.1415927410125732, 3.1415927410125732, 3.1415927410125732, 3.1415927410125732, 3.1415927410125732, 3.1415927410125732, 3.1415927410125732, 3.1415927410125732, 3.1415927410125732, 3.1415927410125732, 3.1415927410125732, 3.1415927410125732, 3.1415927410125732, 3.1415927410125732, 3.1415927410125732, 3.1415927410125732, 3.1415927410125732, 3.1415927410125732, 3.1415927410125732, 3.1415927410125732, 3.1415927410125732, 3.1415927410125732, 3.1415927410125732, 3.1415927410125732, 3.1415927410125732, 3.1415927410125732, 3.1415927410125732, 3.1415927410125732, 3.1415927410125732, 3.1415927410125732, 3.1415927410125732, 3.1415927410125732, 3.1415927410125732, 3.1415927410125732, 3.1415927410125732, 3.1415927410125732, 3.1415927410125732, 3.1415927410125732, 3.1415927410125732, 3.1415927410125732, 3.1415927410125732, 3.1415927410125732, 3.1415927410125732, 3.1415927410125732, 3.1415927410125732, 3.1415927410125732, 3.1415927410125732, 3.1415927410125732, 3.1415927410125732, 3.1415927410125732, 3.1415927410125732, 3.1415927410125732, 3.1415927410125732, 3.1415927410125732, 3.1415927410125732, 3.1415927410125732, 3.1415927410125732, 3.1415927410125732, 3.1415927410125732, 3.1415927410125732, 3.1415927410125732, 3.1415927410125732, 3.1415927410125732, 3.1415927410125732, 3.1415927410125732, 3.1415927410125732, 3.1415927410125732, 3.1415927410125732, 3.1415927410125732, 3.1415927410125732, 3.1415927410125732, 3.1415927410125732, 3.1415927410125732, 3.1415927410125732, 3.1415927410125732, 3.1415927410125732, 3.1415927410125732, 3.1415927410125732, 3.1415927410125732, 3.1415927410125732, 3.1415927410125732, 3.1415927410125732, 3.1415927410125732, 3.1415927410125732, 3.1415927410125732, 3.1415927410125732, 3.1415927410125732, 3.1415927410125732, 3.1415927410125732, 3.1415927410125732, 3.1415927410125732, 3.1415927410125732, 3.1415927410125732, 3.1415927410125732, 3.1415927410125732, 3.1415927410125732, 3.1415927410125732, 3.1415927410125732, 3.1415927410125732, 3.1415927410125732, 3.1415927410125732, 3.1415927410125732, 3.1415927410125732, 3.1415927410125732, 3.1415927410125732, 3.1415927410125732, 3.1415927410125732, 3.1415927410125732, 3.1415927410125732, 3.1415927410125732, 3.1415927410125732, 3.1415927410125732, 3.1415927410125732, 3.1415927410125732, 3.1415927410125732, 3.1415927410125732, 3.1415927410125732, 3.1415927410125732, 3.1415927410125732, 3.1415927410125732, 3.1415927410125732, 3.1415927410125732, 3.1415927410125732, 3.1415927410125732, 3.1415927410125732, 3.1415927410125732, 3.1415927410125732, 3.1415927410125732, 3.1415927410125732, 3.1415927410125732, 3.1415927410125732, 3.1415927410125732, 3.1415927410125732, 3.1415927410125732, 3.1415927410125732, 3.1415927410125732, 3.1415927410125732, 3.1415927410125732, 3.1415927410125732, 3.1415927410125732, 3.1415927410125732, 3.1415927410125732, 3.1415927410125732, 3.1415927410125732, 3.1415927410125732, 3.1415927410125732, 3.1415927410125732, 3.1415927410125732, 3.1415927410125732, 3.1415927410125732, 3.1415927410125732, 3.1415927410125732, 3.1415927410125732, 3.1415927410125732, 3.1415927410125732, 3.1415927410125732, 3.1415927410125732, 3.1415927410125732, 3.1415927410125732, 3.1415927410125732, 3.1415927410125732, 3.1415927410125732, 3.1415927410125732, 3.1415927410125732, 3.1415927410125732, 0.0, 0.0, 0.0, 0.0, 0.0, 0.0, 0.0, 0.0, 0.0, 0.0, 0.0, 0.0, 0.0, 0.0, 0.0, 0.0, 3.1415927410125732, 3.1415927410125732, 3.1415927410125732, 3.1415927410125732, 3.1415927410125732, 3.1415927410125732, 3.1415927410125732, 3.1415927410125732, 3.1415927410125732, 3.1415927410125732, 3.1415927410125732, 3.1415927410125732, 3.1415927410125732, 3.1415927410125732, 3.1415927410125732, 3.1415927410125732, 0.0, 0.0, 0.0, 0.0, 0.0, 0.0, 0.0, 0.0, 0.0, 0.0, 0.0, 0.0, 0.0, 0.0, 0.0, 0.0, 3.1415927410125732, 3.1415927410125732, 3.1415927410125732, 3.1415927410125732, 3.1415927410125732, 3.1415927410125732, 3.1415927410125732, 3.1415927410125732, 3.1415927410125732, 3.1415927410125732, 3.1415927410125732, 3.1415927410125732, 3.1415927410125732, 3.1415927410125732, 3.1415927410125732, 3.1415927410125732, 0.0, 0.0, 0.0, 0.0, 0.0, 0.0, 0.0, 0.0, 0.0, 0.0, 0.0, 0.0, 0.0, 0.0, 0.0, 0.0, 3.1415927410125732, 3.1415927410125732, 3.1415927410125732, 3.1415927410125732, 3.1415927410125732, 3.1415927410125732, 3.1415927410125732, 3.1415927410125732, 3.1415927410125732, 3.1415927410125732, 3.1415927410125732, 3.1415927410125732, 3.1415927410125732, 3.1415927410125732, 3.1415927410125732, 3.1415927410125732, 0.0, 0.0, 0.0, 0.0, 0.0, 0.0, 0.0, 0.0, 0.0, 0.0, 0.0, 0.0, 0.0, 0.0, 0.0, 0.0, 3.1415927410125732, 3.1415927410125732, 3.1415927410125732, 3.1415927410125732, 3.1415927410125732, 3.1415927410125732, 3.1415927410125732, 3.1415927410125732, 3.1415927410125732, 3.1415927410125732, 3.1415927410125732, 3.1415927410125732, 3.1415927410125732, 3.1415927410125732, 3.1415927410125732, 3.1415927410125732, 0.0, 0.0, 0.0, 0.0, 0.0, 0.0, 0.0, 0.0, 0.0, 0.0, 0.0, 0.0, 0.0, 0.0, 0.0, 0.0, 3.1415927410125732, 3.1415927410125732, 3.1415927410125732, 3.1415927410125732, 3.1415927410125732, 3.1415927410125732, 3.1415927410125732, 3.1415927410125732, 3.1415927410125732, 3.1415927410125732, 3.1415927410125732, 3.1415927410125732, 3.1415927410125732, 3.1415927410125732, 3.1415927410125732, 3.1415927410125732, 0.0, 0.0, 0.0, 0.0, 0.0, 0.0, 0.0, 0.0, 0.0, 0.0, 0.0, 0.0, 0.0, 0.0, 0.0, 0.0, 3.1415927410125732, 3.1415927410125732, 3.1415927410125732, 3.1415927410125732, 3.1415927410125732, 3.1415927410125732, 3.1415927410125732, 3.1415927410125732, 3.1415927410125732, 3.1415927410125732, 3.1415927410125732, 3.1415927410125732, 3.1415927410125732, 3.1415927410125732, 3.1415927410125732, 3.1415927410125732, 0.0, 0.0, 0.0, 0.0, 0.0, 0.0, 0.0, 0.0, 0.0, 0.0, 0.0, 0.0, 0.0, 0.0, 0.0, 0.0, 3.1415927410125732, 3.1415927410125732, 3.1415927410125732, 3.1415927410125732, 3.1415927410125732, 3.1415927410125732, 3.1415927410125732, 3.1415927410125732, 3.1415927410125732, 3.1415927410125732, 3.1415927410125732, 3.1415927410125732, 3.1415927410125732, 3.1415927410125732, 3.1415927410125732, 3.1415927410125732, 0.0, 0.0, 0.0, 0.0, 0.0, 0.0, 0.0, 0.0, 0.0, 0.0, 0.0, 0.0, 0.0, 0.0, 0.0, 0.0, 3.1415927410125732, 3.1415927410125732, 3.1415927410125732, 3.1415927410125732, 3.1415927410125732, 3.1415927410125732, 3.1415927410125732, 3.1415927410125732, 3.1415927410125732, 3.1415927410125732, 3.1415927410125732, 3.1415927410125732, 3.1415927410125732, 3.1415927410125732, 3.1415927410125732, 3.1415927410125732, 0.0, 0.0, 0.0, 0.0, 0.0, 0.0, 0.0, 0.0, 0.0, 0.0, 0.0, 0.0, 0.0, 0.0, 0.0, 0.0, 0.0, 0.0, 0.0, 0.0, 0.0, 0.0, 0.0, 0.0, 0.0, 0.0, 0.0, 0.0, 0.0, 0.0, 0.0, 0.0, 0.0, 0.0, 0.0, 0.0, 0.0, 0.0, 0.0, 0.0, 0.0, 0.0, 0.0, 0.0, 0.0, 0.0, 0.0, 0.0, 0.0, 0.0, 0.0, 0.0, 0.0, 0.0, 0.0, 0.0, 0.0, 0.0, 0.0, 0.0, 0.0, 0.0, 0.0, 0.0, 0.0, 0.0, 0.0, 0.0, 0.0, 0.0, 0.0, 0.0, 0.0, 0.0, 0.0, 0.0, 0.0, 0.0, 0.0, 0.0, 0.0, 0.0, 0.0, 0.0, 0.0, 0.0, 0.0, 0.0, 0.0, 0.0, 0.0, 0.0, 0.0, 0.0, 0.0, 0.0, 0.0, 0.0, 0.0, 0.0, 0.0, 0.0, 0.0, 0.0, 0.0, 0.0, 0.0, 0.0, 0.0, 0.0, 0.0, 0.0, 0.0, 0.0, 0.0, 0.0, 0.0, 0.0, 0.0, 0.0, 0.0, 0.0, 0.0, 0.0, 0.0, 0.0, 0.0, 0.0, 0.0, 0.0, 0.0, 0.0, 0.0, 0.0, 0.0, 0.0, 0.0, 0.0, 0.0, 0.0, 0.0, 0.0, 0.0, 0.0, 0.0, 0.0, 0.0, 0.0, 0.0, 0.0, 0.0, 0.0, 0.0, 0.0, 0.0, 0.0, 0.0, 0.0, 0.0, 0.0, 0.0, 0.0, 0.0, 0.0, 0.0, 0.0, 0.0, 0.0, 0.0, 0.0, 0.0, 0.0, 0.0, 0.0, 0.0, 0.0, 0.0, 0.0, 0.0, 0.0, 0.0, 0.0, 0.0, 0.0, 0.0, 0.0, 0.0, 0.0, 0.0, 0.0, 0.0, 0.0, 0.0, 0.0, 0.0, 0.0, 0.0, 0.0, 0.0, 0.0, 0.0, 0.0, 0.0, 0.0, 0.0, 0.0, 0.0, 0.0, 0.0, 0.0, 0.0, 0.0, 0.0, 0.0, 0.0, 0.0, 0.0, 0.0, 0.0, 0.0, 0.0, 0.0, 0.0, 0.0, 0.0, 0.0, 0.0, 0.0, 0.0, 0.0, 0.0, 0.0, 0.0, 0.0, 0.0, 0.0, 0.0, 0.0, 0.0, 0.0, 0.0, 0.0, 0.0, 0.0, 0.0, 0.0, 0.0, 0.0, 0.0, 0.0, 0.0, 0.0, 0.0, 0.0, 0.0, 0.0, 0.0, 0.0, 0.0, 0.0, 0.0, 0.0, 0.0, 0.0, 3.1415927410125732, 3.1415927410125732, 3.1415927410125732, 3.1415927410125732, 3.1415927410125732, 3.1415927410125732, 3.1415927410125732, 3.1415927410125732, 0.0, 0.0, 0.0, 0.0, 0.0, 0.0, 0.0, 0.0, 0.0, 0.0, 0.0, 0.0, 0.0, 0.0, 0.0, 0.0, 0.0, 0.0, 0.0, 0.0, 0.0, 0.0, 0.0, 0.0, 3.1415927410125732, 3.1415927410125732, 3.1415927410125732, 3.1415927410125732, 3.1415927410125732, 3.1415927410125732, 3.1415927410125732, 3.1415927410125732, 0.0, 0.0, 0.0, 0.0, 0.0, 0.0, 0.0, 0.0, 0.0, 0.0, 0.0, 0.0, 0.0, 0.0, 0.0, 0.0, 0.0, 0.0, 0.0, 0.0, 0.0, 0.0, 0.0, 0.0, 3.1415927410125732, 3.1415927410125732, 3.1415927410125732, 3.1415927410125732, 3.1415927410125732, 3.1415927410125732, 3.1415927410125732, 3.1415927410125732, 0.0, 0.0, 0.0, 0.0, 0.0, 0.0, 0.0, 0.0, 0.0, 0.0, 0.0, 0.0, 0.0, 0.0, 0.0, 0.0, 0.0, 0.0, 0.0, 0.0, 0.0, 0.0, 0.0, 0.0, 3.1415927410125732, 3.1415927410125732, 3.1415927410125732, 3.1415927410125732, 3.1415927410125732, 3.1415927410125732, 3.1415927410125732, 3.1415927410125732, 0.0, 0.0, 0.0, 0.0, 0.0, 0.0, 0.0, 0.0, 0.0, 0.0, 0.0, 0.0, 0.0, 0.0, 0.0, 0.0, 0.0, 0.0, 0.0, 0.0, 0.0, 0.0, 0.0, 0.0, 3.1415927410125732, 3.1415927410125732, 3.1415927410125732, 3.1415927410125732, 3.1415927410125732, 3.1415927410125732, 3.1415927410125732, 3.1415927410125732, 0.0, 0.0, 0.0, 0.0, 0.0, 0.0, 0.0, 0.0, 0.0, 0.0, 0.0, 0.0, 0.0, 0.0, 0.0, 0.0, 0.0, 0.0, 0.0, 0.0, 0.0, 0.0, 0.0, 0.0, 3.1415927410125732, 3.1415927410125732, 3.1415927410125732, 3.1415927410125732, 3.1415927410125732, 3.1415927410125732, 3.1415927410125732, 3.1415927410125732, 0.0, 0.0, 0.0, 0.0, 0.0, 0.0, 0.0, 0.0, 0.0, 0.0, 0.0, 0.0, 0.0, 0.0, 0.0, 0.0, 0.0, 0.0, 0.0, 0.0, 0.0, 0.0, 0.0, 0.0, 3.1415927410125732, 3.1415927410125732, 3.1415927410125732, 3.1415927410125732, 3.1415927410125732, 3.1415927410125732, 3.1415927410125732, 3.1415927410125732, 0.0, 0.0, 0.0, 0.0, 0.0, 0.0, 0.0, 0.0, 0.0, 0.0, 0.0, 0.0, 0.0, 0.0, 0.0, 0.0, 0.0, 0.0, 0.0, 0.0, 0.0, 0.0, 0.0, 0.0, 3.1415927410125732, 3.1415927410125732, 3.1415927410125732, 3.1415927410125732, 3.1415927410125732, 3.1415927410125732, 3.1415927410125732, 3.1415927410125732, 0.0, 0.0, 0.0, 0.0, 0.0, 0.0, 0.0, 0.0, 0.0, 0.0, 0.0, 0.0, 0.0, 0.0, 0.0, 0.0]"
0.6088365,0.15223686,0.15219523,0.15220979,0.15219462,0.15220913,-9.53539467,-9.53664207,-9.53620815,-9.53666496,"[3.1415927410125732, 3.1415927410125732, 3.1415927410125732, 3.1415927410125732, 3.1415927410125732, 3.1415927410125732, 3.1415927410125732, 3.1415927410125732, 3.1415927410125732, 3.1415927410125732, 3.1415927410125732, 3.1415927410125732, 3.1415927410125732, 3.1415927410125732, 3.1415927410125732, 3.1415927410125732, 3.1415927410125732, 3.1415927410125732, 3.1415927410125732, 3.1415927410125732, 3.1415927410125732, 3.1415927410125732, 3.1415927410125732, 3.1415927410125732, 3.1415927410125732, 3.1415927410125732, 3.1415927410125732, 3.1415927410125732, 3.1415927410125732, 3.1415927410125732, 3.1415927410125732, 3.1415927410125732, 3.1415927410125732, 3.1415927410125732, 3.1415927410125732, 3.1415927410125732, 3.1415927410125732, 3.1415927410125732, 3.1415927410125732, 3.1415927410125732, 3.1415927410125732, 3.1415927410125732, 3.1415927410125732, 3.1415927410125732, 3.1415927410125732, 3.1415927410125732, 3.1415927410125732, 3.1415927410125732, 3.1415927410125732, 3.1415927410125732, 3.1415927410125732, 3.1415927410125732, 3.1415927410125732, 3.1415927410125732, 3.1415927410125732, 3.1415927410125732, 3.1415927410125732, 3.1415927410125732, 3.1415927410125732, 3.1415927410125732, 3.1415927410125732, 3.1415927410125732, 3.1415927410125732, 3.1415927410125732, 3.1415927410125732, 3.1415927410125732, 3.1415927410125732, 3.1415927410125732, 3.1415927410125732, 3.1415927410125732, 3.1415927410125732, 3.1415927410125732, 3.1415927410125732, 3.1415927410125732, 3.1415927410125732, 3.1415927410125732, 3.1415927410125732, 3.1415927410125732, 3.1415927410125732, 3.1415927410125732, 3.1415927410125732, 3.1415927410125732, 3.1415927410125732, 3.1415927410125732, 3.1415927410125732, 3.1415927410125732, 3.1415927410125732, 3.1415927410125732, 3.1415927410125732, 3.1415927410125732, 3.1415927410125732, 3.1415927410125732, 3.1415927410125732, 3.1415927410125732, 3.1415927410125732, 3.1415927410125732, 3.1415927410125732, 3.1415927410125732, 3.1415927410125732, 3.1415927410125732, 3.1415927410125732, 3.1415927410125732, 3.1415927410125732, 3.1415927410125732, 3.1415927410125732, 3.1415927410125732, 3.1415927410125732, 3.1415927410125732, 3.1415927410125732, 3.1415927410125732, 3.1415927410125732, 3.1415927410125732, 3.1415927410125732, 3.1415927410125732, 3.1415927410125732, 3.1415927410125732, 3.1415927410125732, 3.1415927410125732, 3.1415927410125732, 3.1415927410125732, 3.1415927410125732, 3.1415927410125732, 3.1415927410125732, 3.1415927410125732, 3.1415927410125732, 3.1415927410125732, 3.1415927410125732, 3.1415927410125732, 3.1415927410125732, 3.1415927410125732, 3.1415927410125732, 3.1415927410125732, 3.1415927410125732, 3.1415927410125732, 3.1415927410125732, 3.1415927410125732, 3.1415927410125732, 3.1415927410125732, 3.1415927410125732, 3.1415927410125732, 3.1415927410125732, 3.1415927410125732, 3.1415927410125732, 3.1415927410125732, 3.1415927410125732, 3.1415927410125732, 3.1415927410125732, 3.1415927410125732, 3.1415927410125732, 3.1415927410125732, 3.1415927410125732, 3.1415927410125732, 3.1415927410125732, 3.1415927410125732, 3.1415927410125732, 3.1415927410125732, 3.1415927410125732, 3.1415927410125732, 3.1415927410125732, 3.1415927410125732, 3.1415927410125732, 3.1415927410125732, 3.1415927410125732, 3.1415927410125732, 3.1415927410125732, 3.1415927410125732, 3.1415927410125732, 3.1415927410125732, 3.1415927410125732, 3.1415927410125732, 3.1415927410125732, 3.1415927410125732, 3.1415927410125732, 3.1415927410125732, 3.1415927410125732, 3.1415927410125732, 3.1415927410125732, 3.1415927410125732, 3.1415927410125732, 3.1415927410125732, 3.1415927410125732, 3.1415927410125732, 3.1415927410125732, 3.1415927410125732, 3.1415927410125732, 3.1415927410125732, 3.1415927410125732, 3.1415927410125732, 3.1415927410125732, 3.1415927410125732, 3.1415927410125732, 3.1415927410125732, 3.1415927410125732, 3.1415927410125732, 3.1415927410125732, 3.1415927410125732, 3.1415927410125732, 3.1415927410125732, 3.1415927410125732, 3.1415927410125732, 3.1415927410125732, 3.1415927410125732, 3.1415927410125732, 3.1415927410125732, 3.1415927410125732, 3.1415927410125732, 3.1415927410125732, 3.1415927410125732, 3.1415927410125732, 3.1415927410125732, 3.1415927410125732, 3.1415927410125732, 3.1415927410125732, 3.1415927410125732, 3.1415927410125732, 3.1415927410125732, 3.1415927410125732, 3.1415927410125732, 3.1415927410125732, 3.1415927410125732, 3.1415927410125732, 3.1415927410125732, 3.1415927410125732, 3.1415927410125732, 3.1415927410125732, 3.1415927410125732, 3.1415927410125732, 3.1415927410125732, 3.1415927410125732, 3.1415927410125732, 3.1415927410125732, 3.1415927410125732, 3.1415927410125732, 3.1415927410125732, 3.1415927410125732, 3.1415927410125732, 3.1415927410125732, 3.1415927410125732, 3.1415927410125732, 3.1415927410125732, 3.1415927410125732, 3.1415927410125732, 3.1415927410125732, 3.1415927410125732, 3.1415927410125732, 3.1415927410125732, 3.1415927410125732, 3.1415927410125732, 3.1415927410125732, 3.1415927410125732, 3.1415927410125732, 3.1415927410125732, 3.1415927410125732, 3.1415927410125732, 3.1415927410125732, 3.1415927410125732, 0.0, 0.0, 0.0, 0.0, 0.0, 0.0, 0.0, 0.0, 0.0, 0.0, 0.0, 0.0, 0.0, 0.0, 0.0, 0.0, 3.1415927410125732, 3.1415927410125732, 3.1415927410125732, 3.1415927410125732, 3.1415927410125732, 3.1415927410125732, 3.1415927410125732, 3.1415927410125732, 3.1415927410125732, 3.1415927410125732, 3.1415927410125732, 3.1415927410125732, 3.1415927410125732, 3.1415927410125732, 3.1415927410125732, 3.1415927410125732, 0.0, 0.0, 0.0, 0.0, 0.0, 0.0, 0.0, 0.0, 0.0, 0.0, 0.0, 0.0, 0.0, 0.0, 0.0, 0.0, 3.1415927410125732, 3.1415927410125732, 3.1415927410125732, 3.1415927410125732, 3.1415927410125732, 3.1415927410125732, 3.1415927410125732, 3.1415927410125732, 3.1415927410125732, 3.1415927410125732, 3.1415927410125732, 3.1415927410125732, 3.1415927410125732, 3.1415927410125732, 3.1415927410125732, 3.1415927410125732, 0.0, 0.0, 0.0, 0.0, 0.0, 0.0, 0.0, 0.0, 0.0, 0.0, 0.0, 0.0, 0.0, 0.0, 0.0, 0.0, 3.1415927410125732, 3.1415927410125732, 3.1415927410125732, 3.1415927410125732, 3.1415927410125732, 3.1415927410125732, 3.1415927410125732, 3.1415927410125732, 3.1415927410125732, 3.1415927410125732, 3.1415927410125732, 3.1415927410125732, 3.1415927410125732, 3.1415927410125732, 3.1415927410125732, 3.1415927410125732, 0.0, 0.0, 0.0, 0.0, 0.0, 0.0, 0.0, 0.0, 0.0, 0.0, 0.0, 0.0, 0.0, 0.0, 0.0, 0.0, 3.1415927410125732, 3.1415927410125732, 3.1415927410125732, 3.1415927410125732, 3.1415927410125732, 3.1415927410125732, 3.1415927410125732, 3.1415927410125732, 3.1415927410125732, 3.1415927410125732, 3.1415927410125732, 3.1415927410125732, 3.1415927410125732, 3.1415927410125732, 3.1415927410125732, 3.1415927410125732, 0.0, 0.0, 0.0, 0.0, 0.0, 0.0, 0.0, 0.0, 0.0, 0.0, 0.0, 0.0, 0.0, 0.0, 0.0, 0.0, 3.1415927410125732, 3.1415927410125732, 3.1415927410125732, 3.1415927410125732, 3.1415927410125732, 3.1415927410125732, 3.1415927410125732, 3.1415927410125732, 3.1415927410125732, 3.1415927410125732, 3.1415927410125732, 3.1415927410125732, 3.1415927410125732, 3.1415927410125732, 3.1415927410125732, 3.1415927410125732, 0.0, 0.0, 0.0, 0.0, 0.0, 0.0, 0.0, 0.0, 0.0, 0.0, 0.0, 0.0, 0.0, 0.0, 0.0, 0.0, 3.1415927410125732, 3.1415927410125732, 3.1415927410125732, 3.1415927410125732, 3.1415927410125732, 3.1415927410125732, 3.1415927410125732, 3.1415927410125732, 3.1415927410125732, 3.1415927410125732, 3.1415927410125732, 3.1415927410125732, 3.1415927410125732, 3.1415927410125732, 3.1415927410125732, 3.1415927410125732, 0.0, 0.0, 0.0, 0.0, 0.0, 0.0, 0.0, 0.0, 0.0, 0.0, 0.0, 0.0, 0.0, 0.0, 0.0, 0.0, 3.1415927410125732, 3.1415927410125732, 3.1415927410125732, 3.1415927410125732, 3.1415927410125732, 3.1415927410125732, 3.1415927410125732, 3.1415927410125732, 3.1415927410125732, 3.1415927410125732, 3.1415927410125732, 3.1415927410125732, 3.1415927410125732, 3.1415927410125732, 3.1415927410125732, 3.1415927410125732, 0.0, 0.0, 0.0, 0.0, 0.0, 0.0, 0.0, 0.0, 0.0, 0.0, 0.0, 0.0, 0.0, 0.0, 0.0, 0.0, 3.1415927410125732, 3.1415927410125732, 3.1415927410125732, 3.1415927410125732, 3.1415927410125732, 3.1415927410125732, 3.1415927410125732, 3.1415927410125732, 3.1415927410125732, 3.1415927410125732, 3.1415927410125732, 3.1415927410125732, 3.1415927410125732, 3.1415927410125732, 3.1415927410125732, 3.1415927410125732, 0.0, 0.0, 0.0, 0.0, 0.0, 0.0, 0.0, 0.0, 0.0, 0.0, 0.0, 0.0, 0.0, 0.0, 0.0, 0.0, 0.0, 0.0, 0.0, 0.0, 0.0, 0.0, 0.0, 0.0, 0.0, 0.0, 0.0, 0.0, 0.0, 0.0, 0.0, 0.0, 0.0, 0.0, 0.0, 0.0, 0.0, 0.0, 0.0, 0.0, 0.0, 0.0, 0.0, 0.0, 0.0, 0.0, 0.0, 0.0, 0.0, 0.0, 0.0, 0.0, 0.0, 0.0, 0.0, 0.0, 0.0, 0.0, 0.0, 0.0, 0.0, 0.0, 0.0, 0.0, 0.0, 0.0, 0.0, 0.0, 0.0, 0.0, 0.0, 0.0, 0.0, 0.0, 0.0, 0.0, 0.0, 0.0, 0.0, 0.0, 0.0, 0.0, 0.0, 0.0, 0.0, 0.0, 0.0, 0.0, 0.0, 0.0, 0.0, 0.0, 0.0, 0.0, 0.0, 0.0, 0.0, 0.0, 0.0, 0.0, 0.0, 0.0, 0.0, 0.0, 0.0, 0.0, 0.0, 0.0, 0.0, 0.0, 0.0, 0.0, 0.0, 0.0, 0.0, 0.0, 0.0, 0.0, 0.0, 0.0, 0.0, 0.0, 0.0, 0.0, 0.0, 0.0, 0.0, 0.0, 0.0, 0.0, 0.0, 0.0, 0.0, 0.0, 0.0, 0.0, 0.0, 0.0, 0.0, 0.0, 0.0, 0.0, 0.0, 0.0, 0.0, 0.0, 0.0, 0.0, 0.0, 0.0, 0.0, 0.0, 0.0, 0.0, 0.0, 0.0, 0.0, 0.0, 0.0, 0.0, 0.0, 0.0, 0.0, 0.0, 0.0, 0.0, 0.0, 0.0, 0.0, 0.0, 0.0, 0.0, 0.0, 0.0, 0.0, 0.0, 0.0, 0.0, 0.0, 0.0, 0.0, 0.0, 0.0, 0.0, 0.0, 0.0, 0.0, 0.0, 0.0, 0.0, 0.0, 0.0, 0.0, 0.0, 0.0, 0.0, 0.0, 0.0, 0.0, 0.0, 0.0, 0.0, 0.0, 0.0, 0.0, 0.0, 0.0, 0.0, 0.0, 0.0, 0.0, 0.0, 0.0, 0.0, 0.0, 0.0, 0.0, 0.0, 0.0, 0.0, 0.0, 0.0, 0.0, 0.0, 0.0, 0.0, 0.0, 0.0, 0.0, 0.0, 0.0, 0.0, 0.0, 0.0, 0.0, 0.0, 0.0, 0.0, 0.0, 0.0, 0.0, 0.0, 0.0, 0.0, 0.0, 0.0, 0.0, 0.0, 0.0, 0.0, 0.0, 0.0, 0.0, 0.0, 0.0, 0.0, 0.0, 0.0, 0.0, 0.0, 0.0, 0.0, 0.0, 0.0, 3.1415927410125732, 3.1415927410125732, 3.1415927410125732, 3.1415927410125732, 3.1415927410125732, 3.1415927410125732, 3.1415927410125732, 3.1415927410125732, 0.0, 0.0, 0.0, 0.0, 0.0, 0.0, 0.0, 0.0, 0.0, 0.0, 0.0, 0.0, 0.0, 0.0, 0.0, 0.0, 0.0, 0.0, 0.0, 0.0, 0.0, 0.0, 0.0, 0.0, 3.1415927410125732, 3.1415927410125732, 3.1415927410125732, 3.1415927410125732, 3.1415927410125732, 3.1415927410125732, 3.1415927410125732, 3.1415927410125732, 0.0, 0.0, 0.0, 0.0, 0.0, 0.0, 0.0, 0.0, 0.0, 0.0, 0.0, 0.0, 0.0, 0.0, 0.0, 0.0, 0.0, 0.0, 0.0, 0.0, 0.0, 0.0, 0.0, 0.0, 3.1415927410125732, 3.1415927410125732, 3.1415927410125732, 3.1415927410125732, 3.1415927410125732, 3.1415927410125732, 3.1415927410125732, 3.1415927410125732, 0.0, 0.0, 0.0, 0.0, 0.0, 0.0, 0.0, 0.0, 0.0, 0.0, 0.0, 0.0, 0.0, 0.0, 0.0, 0.0, 0.0, 0.0, 0.0, 0.0, 0.0, 0.0, 0.0, 0.0, 3.1415927410125732, 3.1415927410125732, 3.1415927410125732, 3.1415927410125732, 3.1415927410125732, 3.1415927410125732, 3.1415927410125732, 3.1415927410125732, 0.0, 0.0, 0.0, 0.0, 0.0, 0.0, 0.0, 0.0, 0.0, 0.0, 0.0, 0.0, 0.0, 0.0, 0.0, 0.0, 0.0, 0.0, 0.0, 0.0, 0.0, 0.0, 0.0, 0.0, 3.1415927410125732, 3.1415927410125732, 3.1415927410125732, 3.1415927410125732, 3.1415927410125732, 3.1415927410125732, 3.1415927410125732, 3.1415927410125732, 0.0, 0.0, 0.0, 0.0, 0.0, 0.0, 0.0, 0.0, 0.0, 0.0, 0.0, 0.0, 0.0, 0.0, 0.0, 0.0, 0.0, 0.0, 0.0, 0.0, 0.0, 0.0, 0.0, 0.0, 3.1415927410125732, 3.1415927410125732, 3.1415927410125732, 3.1415927410125732, 3.1415927410125732, 3.1415927410125732, 3.1415927410125732, 3.1415927410125732, 0.0, 0.0, 0.0, 0.0, 0.0, 0.0, 0.0, 0.0, 0.0, 0.0, 0.0, 0.0, 0.0, 0.0, 0.0, 0.0, 0.0, 0.0, 0.0, 0.0, 0.0, 0.0, 0.0, 0.0, 3.1415927410125732, 3.1415927410125732, 3.1415927410125732, 3.1415927410125732, 3.1415927410125732, 3.1415927410125732, 3.1415927410125732, 3.1415927410125732, 0.0, 0.0, 0.0, 0.0, 0.0, 0.0, 0.0, 0.0, 0.0, 0.0, 0.0, 0.0, 0.0, 0.0, 0.0, 0.0, 0.0, 0.0, 0.0, 0.0, 0.0, 0.0, 0.0, 0.0, 3.1415927410125732, 3.1415927410125732, 3.1415927410125732, 3.1415927410125732, 3.1415927410125732, 3.1415927410125732, 3.1415927410125732, 3.1415927410125732, 0.0, 0.0, 0.0, 0.0, 0.0, 0.0, 0.0, 0.0, 0.0, 0.0, 0.0, 0.0, 0.0, 0.0, 0.0, 0.0]"
0.6088365,0.15223686,0.15219523,0.15220979,0.15219462,0.15220913,-9.53539467,-9.53664207,-9.53620815,-9.53666496,"[3.1415927410125732, 3.1415927410125732, 3.1415927410125732, 3.1415927410125732, 3.1415927410125732, 3.1415927410125732, 3.1415927410125732, 3.1415927410125732, 3.1415927410125732, 3.1415927410125732, 3.1415927410125732, 3.1415927410125732, 3.1415927410125732, 3.1415927410125732, 3.1415927410125732, 3.1415927410125732, 3.1415927410125732, 3.1415927410125732, 3.1415927410125732, 3.1415927410125732, 3.1415927410125732, 3.1415927410125732, 3.1415927410125732, 3.1415927410125732, 3.1415927410125732, 3.1415927410125732, 3.1415927410125732, 3.1415927410125732, 3.1415927410125732, 3.1415927410125732, 3.1415927410125732, 3.1415927410125732, 3.1415927410125732, 3.1415927410125732, 3.1415927410125732, 3.1415927410125732, 3.1415927410125732, 3.1415927410125732, 3.1415927410125732, 3.1415927410125732, 3.1415927410125732, 3.1415927410125732, 3.1415927410125732, 3.1415927410125732, 3.1415927410125732, 3.1415927410125732, 3.1415927410125732, 3.1415927410125732, 3.1415927410125732, 3.1415927410125732, 3.1415927410125732, 3.1415927410125732, 3.1415927410125732, 3.1415927410125732, 3.1415927410125732, 3.1415927410125732, 3.1415927410125732, 3.1415927410125732, 3.1415927410125732, 3.1415927410125732, 3.1415927410125732, 3.1415927410125732, 3.1415927410125732, 3.1415927410125732, 3.1415927410125732, 3.1415927410125732, 3.1415927410125732, 3.1415927410125732, 3.1415927410125732, 3.1415927410125732, 3.1415927410125732, 3.1415927410125732, 3.1415927410125732, 3.1415927410125732, 3.1415927410125732, 3.1415927410125732, 3.1415927410125732, 3.1415927410125732, 3.1415927410125732, 3.1415927410125732, 3.1415927410125732, 3.1415927410125732, 3.1415927410125732, 3.1415927410125732, 3.1415927410125732, 3.1415927410125732, 3.1415927410125732, 3.1415927410125732, 3.1415927410125732, 3.1415927410125732, 3.1415927410125732, 3.1415927410125732, 3.1415927410125732, 3.1415927410125732, 3.1415927410125732, 3.1415927410125732, 3.1415927410125732, 3.1415927410125732, 3.1415927410125732, 3.1415927410125732, 3.1415927410125732, 3.1415927410125732, 3.1415927410125732, 3.1415927410125732, 3.1415927410125732, 3.1415927410125732, 3.1415927410125732, 3.1415927410125732, 3.1415927410125732, 3.1415927410125732, 3.1415927410125732, 3.1415927410125732, 3.1415927410125732, 3.1415927410125732, 3.1415927410125732, 3.1415927410125732, 3.1415927410125732, 3.1415927410125732, 3.1415927410125732, 3.1415927410125732, 3.1415927410125732, 3.1415927410125732, 3.1415927410125732, 3.1415927410125732, 3.1415927410125732, 3.1415927410125732, 3.1415927410125732, 3.1415927410125732, 3.1415927410125732, 3.1415927410125732, 3.1415927410125732, 3.1415927410125732, 3.1415927410125732, 3.1415927410125732, 3.1415927410125732, 3.1415927410125732, 3.1415927410125732, 3.1415927410125732, 3.1415927410125732, 3.1415927410125732, 3.1415927410125732, 3.1415927410125732, 3.1415927410125732, 3.1415927410125732, 3.1415927410125732, 3.1415927410125732, 3.1415927410125732, 3.1415927410125732, 3.1415927410125732, 3.1415927410125732, 3.1415927410125732, 3.1415927410125732, 3.1415927410125732, 3.1415927410125732, 3.1415927410125732, 3.1415927410125732, 3.1415927410125732, 3.1415927410125732, 3.1415927410125732, 3.1415927410125732, 3.1415927410125732, 3.1415927410125732, 3.1415927410125732, 3.1415927410125732, 3.1415927410125732, 3.1415927410125732, 3.1415927410125732, 3.1415927410125732, 3.1415927410125732, 3.1415927410125732, 3.1415927410125732, 3.1415927410125732, 3.1415927410125732, 3.1415927410125732, 3.1415927410125732, 3.1415927410125732, 3.1415927410125732, 3.1415927410125732, 3.1415927410125732, 3.1415927410125732, 3.1415927410125732, 3.1415927410125732, 3.1415927410125732, 3.1415927410125732, 3.1415927410125732, 3.1415927410125732, 3.1415927410125732, 3.1415927410125732, 3.1415927410125732, 3.1415927410125732, 3.1415927410125732, 3.1415927410125732, 3.1415927410125732, 3.1415927410125732, 3.1415927410125732, 3.1415927410125732, 3.1415927410125732, 3.1415927410125732, 3.1415927410125732, 3.1415927410125732, 3.1415927410125732, 3.1415927410125732, 3.1415927410125732, 3.1415927410125732, 3.1415927410125732, 3.1415927410125732, 3.1415927410125732, 3.1415927410125732, 3.1415927410125732, 3.1415927410125732, 3.1415927410125732, 3.1415927410125732, 3.1415927410125732, 3.1415927410125732, 3.1415927410125732, 3.1415927410125732, 3.1415927410125732, 3.1415927410125732, 3.1415927410125732, 3.1415927410125732, 3.1415927410125732, 3.1415927410125732, 3.1415927410125732, 3.1415927410125732, 3.1415927410125732, 3.1415927410125732, 3.1415927410125732, 3.1415927410125732, 3.1415927410125732, 3.1415927410125732, 3.1415927410125732, 3.1415927410125732, 3.1415927410125732, 3.1415927410125732, 3.1415927410125732, 3.1415927410125732, 3.1415927410125732, 3.1415927410125732, 3.1415927410125732, 3.1415927410125732, 3.1415927410125732, 3.1415927410125732, 3.1415927410125732, 3.1415927410125732, 3.1415927410125732, 3.1415927410125732, 3.1415927410125732, 3.1415927410125732, 3.1415927410125732, 3.1415927410125732, 3.1415927410125732, 3.1415927410125732, 3.1415927410125732, 3.1415927410125732, 3.1415927410125732, 3.1415927410125732, 0.0, 0.0, 0.0, 0.0, 0.0, 0.0, 0.0, 0.0, 0.0, 0.0, 0.0, 0.0, 0.0, 0.0, 0.0, 0.0, 3.1415927410125732, 3.1415927410125732, 3.1415927410125732, 3.1415927410125732, 3.1415927410125732, 3.1415927410125732, 3.1415927410125732, 3.1415927410125732, 3.1415927410125732, 3.1415927410125732, 3.1415927410125732, 3.1415927410125732, 3.1415927410125732, 3.1415927410125732, 3.1415927410125732, 3.1415927410125732, 0.0, 0.0, 0.0, 0.0, 0.0, 0.0, 0.0, 0.0, 0.0, 0.0, 0.0, 0.0, 0.0, 0.0, 0.0, 0.0, 3.1415927410125732, 3.1415927410125732, 3.1415927410125732, 3.1415927410125732, 3.1415927410125732, 3.1415927410125732, 3.1415927410125732, 3.1415927410125732, 3.1415927410125732, 3.1415927410125732, 3.1415927410125732, 3.1415927410125732, 3.1415927410125732, 3.1415927410125732, 3.1415927410125732, 3.1415927410125732, 0.0, 0.0, 0.0, 0.0, 0.0, 0.0, 0.0, 0.0, 0.0, 0.0, 0.0, 0.0, 0.0, 0.0, 0.0, 0.0, 3.1415927410125732, 3.1415927410125732, 3.1415927410125732, 3.1415927410125732, 3.1415927410125732, 3.1415927410125732, 3.1415927410125732, 3.1415927410125732, 3.1415927410125732, 3.1415927410125732, 3.1415927410125732, 3.1415927410125732, 3.1415927410125732, 3.1415927410125732, 3.1415927410125732, 3.1415927410125732, 0.0, 0.0, 0.0, 0.0, 0.0, 0.0, 0.0, 0.0, 0.0, 0.0, 0.0, 0.0, 0.0, 0.0, 0.0, 0.0, 3.1415927410125732, 3.1415927410125732, 3.1415927410125732, 3.1415927410125732, 3.1415927410125732, 3.1415927410125732, 3.1415927410125732, 3.1415927410125732, 3.1415927410125732, 3.1415927410125732, 3.1415927410125732, 3.1415927410125732, 3.1415927410125732, 3.1415927410125732, 3.1415927410125732, 3.1415927410125732, 0.0, 0.0, 0.0, 0.0, 0.0, 0.0, 0.0, 0.0, 0.0, 0.0, 0.0, 0.0, 0.0, 0.0, 0.0, 0.0, 3.1415927410125732, 3.1415927410125732, 3.1415927410125732, 3.1415927410125732, 3.1415927410125732, 3.1415927410125732, 3.1415927410125732, 3.1415927410125732, 3.1415927410125732, 3.1415927410125732, 3.1415927410125732, 3.1415927410125732, 3.1415927410125732, 3.1415927410125732, 3.1415927410125732, 3.1415927410125732, 0.0, 0.0, 0.0, 0.0, 0.0, 0.0, 0.0, 0.0, 0.0, 0.0, 0.0, 0.0, 0.0, 0.0, 0.0, 0.0, 3.1415927410125732, 3.1415927410125732, 3.1415927410125732, 3.1415927410125732, 3.1415927410125732, 3.1415927410125732, 3.1415927410125732, 3.1415927410125732, 3.1415927410125732, 3.1415927410125732, 3.1415927410125732, 3.1415927410125732, 3.1415927410125732, 3.1415927410125732, 3.1415927410125732, 3.1415927410125732, 0.0, 0.0, 0.0, 0.0, 0.0, 0.0, 0.0, 0.0, 0.0, 0.0, 0.0, 0.0, 0.0, 0.0, 0.0, 0.0, 3.1415927410125732, 3.1415927410125732, 3.1415927410125732, 3.1415927410125732, 3.1415927410125732, 3.1415927410125732, 3.1415927410125732, 3.1415927410125732, 3.1415927410125732, 3.1415927410125732, 3.1415927410125732, 3.1415927410125732, 3.1415927410125732, 3.1415927410125732, 3.1415927410125732, 3.1415927410125732, 0.0, 0.0, 0.0, 0.0, 0.0, 0.0, 0.0, 0.0, 0.0, 0.0, 0.0, 0.0, 0.0, 0.0, 0.0, 0.0, 3.1415927410125732, 3.1415927410125732, 3.1415927410125732, 3.1415927410125732, 3.1415927410125732, 3.1415927410125732, 3.1415927410125732, 3.1415927410125732, 3.1415927410125732, 3.1415927410125732, 3.1415927410125732, 3.1415927410125732, 3.1415927410125732, 3.1415927410125732, 3.1415927410125732, 3.1415927410125732, 0.0, 0.0, 0.0, 0.0, 0.0, 0.0, 0.0, 0.0, 0.0, 0.0, 0.0, 0.0, 0.0, 0.0, 0.0, 0.0, 0.0, 0.0, 0.0, 0.0, 0.0, 0.0, 0.0, 0.0, 0.0, 0.0, 0.0, 0.0, 0.0, 0.0, 0.0, 0.0, 0.0, 0.0, 0.0, 0.0, 0.0, 0.0, 0.0, 0.0, 0.0, 0.0, 0.0, 0.0, 0.0, 0.0, 0.0, 0.0, 0.0, 0.0, 0.0, 0.0, 0.0, 0.0, 0.0, 0.0, 0.0, 0.0, 0.0, 0.0, 0.0, 0.0, 0.0, 0.0, 0.0, 0.0, 0.0, 0.0, 0.0, 0.0, 0.0, 0.0, 0.0, 0.0, 0.0, 0.0, 0.0, 0.0, 0.0, 0.0, 0.0, 0.0, 0.0, 0.0, 0.0, 0.0, 0.0, 0.0, 0.0, 0.0, 0.0, 0.0, 0.0, 0.0, 0.0, 0.0, 0.0, 0.0, 0.0, 0.0, 0.0, 0.0, 0.0, 0.0, 0.0, 0.0, 0.0, 0.0, 0.0, 0.0, 0.0, 0.0, 0.0, 0.0, 0.0, 0.0, 0.0, 0.0, 0.0, 0.0, 0.0, 0.0, 0.0, 0.0, 0.0, 0.0, 0.0, 0.0, 0.0, 0.0, 0.0, 0.0, 0.0, 0.0, 0.0, 0.0, 0.0, 0.0, 0.0, 0.0, 0.0, 0.0, 0.0, 0.0, 0.0, 0.0, 0.0, 0.0, 0.0, 0.0, 0.0, 0.0, 0.0, 0.0, 0.0, 0.0, 0.0, 0.0, 0.0, 0.0, 0.0, 0.0, 0.0, 0.0, 0.0, 0.0, 0.0, 0.0, 0.0, 0.0, 0.0, 0.0, 0.0, 0.0, 0.0, 0.0, 0.0, 0.0, 0.0, 0.0, 0.0, 0.0, 0.0, 0.0, 0.0, 0.0, 0.0, 0.0, 0.0, 0.0, 0.0, 0.0, 0.0, 0.0, 0.0, 0.0, 0.0, 0.0, 0.0, 0.0, 0.0, 0.0, 0.0, 0.0, 0.0, 0.0, 0.0, 0.0, 0.0, 0.0, 0.0, 0.0, 0.0, 0.0, 0.0, 0.0, 0.0, 0.0, 0.0, 0.0, 0.0, 0.0, 0.0, 0.0, 0.0, 0.0, 0.0, 0.0, 0.0, 0.0, 0.0, 0.0, 0.0, 0.0, 0.0, 0.0, 0.0, 0.0, 0.0, 0.0, 0.0, 0.0, 0.0, 0.0, 0.0, 0.0, 0.0, 0.0, 0.0, 0.0, 0.0, 0.0, 0.0, 0.0, 0.0, 0.0, 0.0, 0.0, 0.0, 0.0, 0.0, 0.0, 0.0, 0.0, 3.1415927410125732, 3.1415927410125732, 3.1415927410125732, 3.1415927410125732, 3.1415927410125732, 3.1415927410125732, 3.1415927410125732, 3.1415927410125732, 0.0, 0.0, 0.0, 0.0, 0.0, 0.0, 0.0, 0.0, 0.0, 0.0, 0.0, 0.0, 0.0, 0.0, 0.0, 0.0, 0.0, 0.0, 0.0, 0.0, 0.0, 0.0, 0.0, 0.0, 3.1415927410125732, 3.1415927410125732, 3.1415927410125732, 3.1415927410125732, 3.1415927410125732, 3.1415927410125732, 3.1415927410125732, 3.1415927410125732, 0.0, 0.0, 0.0, 0.0, 0.0, 0.0, 0.0, 0.0, 0.0, 0.0, 0.0, 0.0, 0.0, 0.0, 0.0, 0.0, 0.0, 0.0, 0.0, 0.0, 0.0, 0.0, 0.0, 0.0, 3.1415927410125732, 3.1415927410125732, 3.1415927410125732, 3.1415927410125732, 3.1415927410125732, 3.1415927410125732, 3.1415927410125732, 3.1415927410125732, 0.0, 0.0, 0.0, 0.0, 0.0, 0.0, 0.0, 0.0, 0.0, 0.0, 0.0, 0.0, 0.0, 0.0, 0.0, 0.0, 0.0, 0.0, 0.0, 0.0, 0.0, 0.0, 0.0, 0.0, 3.1415927410125732, 3.1415927410125732, 3.1415927410125732, 3.1415927410125732, 3.1415927410125732, 3.1415927410125732, 3.1415927410125732, 3.1415927410125732, 0.0, 0.0, 0.0, 0.0, 0.0, 0.0, 0.0, 0.0, 0.0, 0.0, 0.0, 0.0, 0.0, 0.0, 0.0, 0.0, 0.0, 0.0, 0.0, 0.0, 0.0, 0.0, 0.0, 0.0, 3.1415927410125732, 3.1415927410125732, 3.1415927410125732, 3.1415927410125732, 3.1415927410125732, 3.1415927410125732, 3.1415927410125732, 3.1415927410125732, 0.0, 0.0, 0.0, 0.0, 0.0, 0.0, 0.0, 0.0, 0.0, 0.0, 0.0, 0.0, 0.0, 0.0, 0.0, 0.0, 0.0, 0.0, 0.0, 0.0, 0.0, 0.0, 0.0, 0.0, 3.1415927410125732, 3.1415927410125732, 3.1415927410125732, 3.1415927410125732, 3.1415927410125732, 3.1415927410125732, 3.1415927410125732, 3.1415927410125732, 0.0, 0.0, 0.0, 0.0, 0.0, 0.0, 0.0, 0.0, 0.0, 0.0, 0.0, 0.0, 0.0, 0.0, 0.0, 0.0, 0.0, 0.0, 0.0, 0.0, 0.0, 0.0, 0.0, 0.0, 3.1415927410125732, 3.1415927410125732, 3.1415927410125732, 3.1415927410125732, 3.1415927410125732, 3.1415927410125732, 3.1415927410125732, 3.1415927410125732, 0.0, 0.0, 0.0, 0.0, 0.0, 0.0, 0.0, 0.0, 0.0, 0.0, 0.0, 0.0, 0.0, 0.0, 0.0, 0.0, 0.0, 0.0, 0.0, 0.0, 0.0, 0.0, 0.0, 0.0, 3.1415927410125732, 3.1415927410125732, 3.1415927410125732, 3.1415927410125732, 3.1415927410125732, 3.1415927410125732, 3.1415927410125732, 3.1415927410125732, 0.0, 0.0, 0.0, 0.0, 0.0, 0.0, 0.0, 0.0, 0.0, 0.0, 0.0, 0.0, 0.0, 0.0, 0.0, 0.0]"
0.6088365,0.15223686,0.15219523,0.15220979,0.15219462,0.15220913,-9.53539467,-9.53664207,-9.53620815,-9.53666496,"[3.1415927410125732, 3.1415927410125732, 3.1415927410125732, 3.1415927410125732, 3.1415927410125732, 3.1415927410125732, 3.1415927410125732, 3.1415927410125732, 3.1415927410125732, 3.1415927410125732, 3.1415927410125732, 3.1415927410125732, 3.1415927410125732, 3.1415927410125732, 3.1415927410125732, 3.1415927410125732, 3.1415927410125732, 3.1415927410125732, 3.1415927410125732, 3.1415927410125732, 3.1415927410125732, 3.1415927410125732, 3.1415927410125732, 3.1415927410125732, 3.1415927410125732, 3.1415927410125732, 3.1415927410125732, 3.1415927410125732, 3.1415927410125732, 3.1415927410125732, 3.1415927410125732, 3.1415927410125732, 3.1415927410125732, 3.1415927410125732, 3.1415927410125732, 3.1415927410125732, 3.1415927410125732, 3.1415927410125732, 3.1415927410125732, 3.1415927410125732, 3.1415927410125732, 3.1415927410125732, 3.1415927410125732, 3.1415927410125732, 3.1415927410125732, 3.1415927410125732, 3.1415927410125732, 3.1415927410125732, 3.1415927410125732, 3.1415927410125732, 3.1415927410125732, 3.1415927410125732, 3.1415927410125732, 3.1415927410125732, 3.1415927410125732, 3.1415927410125732, 3.1415927410125732, 3.1415927410125732, 3.1415927410125732, 3.1415927410125732, 3.1415927410125732, 3.1415927410125732, 3.1415927410125732, 3.1415927410125732, 3.1415927410125732, 3.1415927410125732, 3.1415927410125732, 3.1415927410125732, 3.1415927410125732, 3.1415927410125732, 3.1415927410125732, 3.1415927410125732, 3.1415927410125732, 3.1415927410125732, 3.1415927410125732, 3.1415927410125732, 3.1415927410125732, 3.1415927410125732, 3.1415927410125732, 3.1415927410125732, 3.1415927410125732, 3.1415927410125732, 3.1415927410125732, 3.1415927410125732, 3.1415927410125732, 3.1415927410125732, 3.1415927410125732, 3.1415927410125732, 3.1415927410125732, 3.1415927410125732, 3.1415927410125732, 3.1415927410125732, 3.1415927410125732, 3.1415927410125732, 3.1415927410125732, 3.1415927410125732, 3.1415927410125732, 3.1415927410125732, 3.1415927410125732, 3.1415927410125732, 3.1415927410125732, 3.1415927410125732, 3.1415927410125732, 3.1415927410125732, 3.1415927410125732, 3.1415927410125732, 3.1415927410125732, 3.1415927410125732, 3.1415927410125732, 3.1415927410125732, 3.1415927410125732, 3.1415927410125732, 3.1415927410125732, 3.1415927410125732, 3.1415927410125732, 3.1415927410125732, 3.1415927410125732, 3.1415927410125732, 3.1415927410125732, 3.1415927410125732, 3.1415927410125732, 3.1415927410125732, 3.1415927410125732, 3.1415927410125732, 3.1415927410125732, 3.1415927410125732, 3.1415927410125732, 3.1415927410125732, 3.1415927410125732, 3.1415927410125732, 3.1415927410125732, 3.1415927410125732, 3.1415927410125732, 3.1415927410125732, 3.1415927410125732, 3.1415927410125732, 3.1415927410125732, 3.1415927410125732, 3.1415927410125732, 3.1415927410125732, 3.1415927410125732, 3.1415927410125732, 3.1415927410125732, 3.1415927410125732, 3.1415927410125732, 3.1415927410125732, 3.1415927410125732, 3.1415927410125732, 3.1415927410125732, 3.1415927410125732, 3.1415927410125732, 3.1415927410125732, 3.1415927410125732, 3.1415927410125732, 3.1415927410125732, 3.1415927410125732, 3.1415927410125732, 3.1415927410125732, 3.1415927410125732, 3.1415927410125732, 3.1415927410125732, 3.1415927410125732, 3.1415927410125732, 3.1415927410125732, 3.1415927410125732, 3.1415927410125732, 3.1415927410125732, 3.1415927410125732, 3.1415927410125732, 3.1415927410125732, 3.1415927410125732, 3.1415927410125732, 3.1415927410125732, 3.1415927410125732, 3.1415927410125732, 3.1415927410125732, 3.1415927410125732, 3.1415927410125732, 3.1415927410125732, 3.1415927410125732, 3.1415927410125732, 3.1415927410125732, 3.1415927410125732, 3.1415927410125732, 3.1415927410125732, 3.1415927410125732, 3.1415927410125732, 3.1415927410125732, 3.1415927410125732, 3.1415927410125732, 3.1415927410125732, 3.1415927410125732, 3.1415927410125732, 3.1415927410125732, 3.1415927410125732, 3.1415927410125732, 3.1415927410125732, 3.1415927410125732, 3.1415927410125732, 3.1415927410125732, 3.1415927410125732, 3.1415927410125732, 3.1415927410125732, 3.1415927410125732, 3.1415927410125732, 3.1415927410125732, 3.1415927410125732, 3.1415927410125732, 3.1415927410125732, 3.1415927410125732, 3.1415927410125732, 3.1415927410125732, 3.1415927410125732, 3.1415927410125732, 3.1415927410125732, 3.1415927410125732, 3.1415927410125732, 3.1415927410125732, 3.1415927410125732, 3.1415927410125732, 3.1415927410125732, 3.1415927410125732, 3.1415927410125732, 3.1415927410125732, 3.1415927410125732, 3.1415927410125732, 3.1415927410125732, 3.1415927410125732, 3.1415927410125732, 3.1415927410125732, 3.1415927410125732, 3.1415927410125732, 3.1415927410125732, 3.1415927410125732, 3.1415927410125732, 3.1415927410125732, 3.1415927410125732, 3.1415927410125732, 3.1415927410125732, 3.1415927410125732, 3.1415927410125732, 3.1415927410125732, 3.1415927410125732, 3.1415927410125732, 3.1415927410125732, 3.1415927410125732, 3.1415927410125732, 3.1415927410125732, 3.1415927410125732, 3.1415927410125732, 3.1415927410125732, 3.1415927410125732, 3.1415927410125732, 3.1415927410125732, 3.1415927410125732, 3.1415927410125732, 0.0, 0.0, 0.0, 0.0, 0.0, 0.0, 0.0, 0.0, 0.0, 0.0, 0.0, 0.0, 0.0, 0.0, 0.0, 0.0, 3.1415927410125732, 3.1415927410125732, 3.1415927410125732, 3.1415927410125732, 3.1415927410125732, 3.1415927410125732, 3.1415927410125732, 3.1415927410125732, 3.1415927410125732, 3.1415927410125732, 3.1415927410125732, 3.1415927410125732, 3.1415927410125732, 3.1415927410125732, 3.1415927410125732, 3.1415927410125732, 0.0, 0.0, 0.0, 0.0, 0.0, 0.0, 0.0, 0.0, 0.0, 0.0, 0.0, 0.0, 0.0, 0.0, 0.0, 0.0, 3.1415927410125732, 3.1415927410125732, 3.1415927410125732, 3.1415927410125732, 3.1415927410125732, 3.1415927410125732, 3.1415927410125732, 3.1415927410125732, 3.1415927410125732, 3.1415927410125732, 3.1415927410125732, 3.1415927410125732, 3.1415927410125732, 3.1415927410125732, 3.1415927410125732, 3.1415927410125732, 0.0, 0.0, 0.0, 0.0, 0.0, 0.0, 0.0, 0.0, 0.0, 0.0, 0.0, 0.0, 0.0, 0.0, 0.0, 0.0, 3.1415927410125732, 3.1415927410125732, 3.1415927410125732, 3.1415927410125732, 3.1415927410125732, 3.1415927410125732, 3.1415927410125732, 3.1415927410125732, 3.1415927410125732, 3.1415927410125732, 3.1415927410125732, 3.1415927410125732, 3.1415927410125732, 3.1415927410125732, 3.1415927410125732, 3.1415927410125732, 0.0, 0.0, 0.0, 0.0, 0.0, 0.0, 0.0, 0.0, 0.0, 0.0, 0.0, 0.0, 0.0, 0.0, 0.0, 0.0, 3.1415927410125732, 3.1415927410125732, 3.1415927410125732, 3.1415927410125732, 3.1415927410125732, 3.1415927410125732, 3.1415927410125732, 3.1415927410125732, 3.1415927410125732, 3.1415927410125732, 3.1415927410125732, 3.1415927410125732, 3.1415927410125732, 3.1415927410125732, 3.1415927410125732, 3.1415927410125732, 0.0, 0.0, 0.0, 0.0, 0.0, 0.0, 0.0, 0.0, 0.0, 0.0, 0.0, 0.0, 0.0, 0.0, 0.0, 0.0, 3.1415927410125732, 3.1415927410125732, 3.1415927410125732, 3.1415927410125732, 3.1415927410125732, 3.1415927410125732, 3.1415927410125732, 3.1415927410125732, 3.1415927410125732, 3.1415927410125732, 3.1415927410125732, 3.1415927410125732, 3.1415927410125732, 3.1415927410125732, 3.1415927410125732, 3.1415927410125732, 0.0, 0.0, 0.0, 0.0, 0.0, 0.0, 0.0, 0.0, 0.0, 0.0, 0.0, 0.0, 0.0, 0.0, 0.0, 0.0, 3.1415927410125732, 3.1415927410125732, 3.1415927410125732, 3.1415927410125732, 3.1415927410125732, 3.1415927410125732, 3.1415927410125732, 3.1415927410125732, 3.1415927410125732, 3.1415927410125732, 3.1415927410125732, 3.1415927410125732, 3.1415927410125732, 3.1415927410125732, 3.1415927410125732, 3.1415927410125732, 0.0, 0.0, 0.0, 0.0, 0.0, 0.0, 0.0, 0.0, 0.0, 0.0, 0.0, 0.0, 0.0, 0.0, 0.0, 0.0, 3.1415927410125732, 3.1415927410125732, 3.1415927410125732, 3.1415927410125732, 3.1415927410125732, 3.1415927410125732, 3.1415927410125732, 3.1415927410125732, 3.1415927410125732, 3.1415927410125732, 3.1415927410125732, 3.1415927410125732, 3.1415927410125732, 3.1415927410125732, 3.1415927410125732, 3.1415927410125732, 0.0, 0.0, 0.0, 0.0, 0.0, 0.0, 0.0, 0.0, 0.0, 0.0, 0.0, 0.0, 0.0, 0.0, 0.0, 0.0, 3.1415927410125732, 3.1415927410125732, 3.1415927410125732, 3.1415927410125732, 3.1415927410125732, 3.1415927410125732, 3.1415927410125732, 3.1415927410125732, 3.1415927410125732, 3.1415927410125732, 3.1415927410125732, 3.1415927410125732, 3.1415927410125732, 3.1415927410125732, 3.1415927410125732, 3.1415927410125732, 0.0, 0.0, 0.0, 0.0, 0.0, 0.0, 0.0, 0.0, 0.0, 0.0, 0.0, 0.0, 0.0, 0.0, 0.0, 0.0, 0.0, 0.0, 0.0, 0.0, 0.0, 0.0, 0.0, 0.0, 0.0, 0.0, 0.0, 0.0, 0.0, 0.0, 0.0, 0.0, 0.0, 0.0, 0.0, 0.0, 0.0, 0.0, 0.0, 0.0, 0.0, 0.0, 0.0, 0.0, 0.0, 0.0, 0.0, 0.0, 0.0, 0.0, 0.0, 0.0, 0.0, 0.0, 0.0, 0.0, 0.0, 0.0, 0.0, 0.0, 0.0, 0.0, 0.0, 0.0, 0.0, 0.0, 0.0, 0.0, 0.0, 0.0, 0.0, 0.0, 0.0, 0.0, 0.0, 0.0, 0.0, 0.0, 0.0, 0.0, 0.0, 0.0, 0.0, 0.0, 0.0, 0.0, 0.0, 0.0, 0.0, 0.0, 0.0, 0.0, 0.0, 0.0, 0.0, 0.0, 0.0, 0.0, 0.0, 0.0, 0.0, 0.0, 0.0, 0.0, 0.0, 0.0, 0.0, 0.0, 0.0, 0.0, 0.0, 0.0, 0.0, 0.0, 0.0, 0.0, 0.0, 0.0, 0.0, 0.0, 0.0, 0.0, 0.0, 0.0, 0.0, 0.0, 0.0, 0.0, 0.0, 0.0, 0.0, 0.0, 0.0, 0.0, 0.0, 0.0, 0.0, 0.0, 0.0, 0.0, 0.0, 0.0, 0.0, 0.0, 0.0, 0.0, 0.0, 0.0, 0.0, 0.0, 0.0, 0.0, 0.0, 0.0, 0.0, 0.0, 0.0, 0.0, 0.0, 0.0, 0.0, 0.0, 0.0, 0.0, 0.0, 0.0, 0.0, 0.0, 0.0, 0.0, 0.0, 0.0, 0.0, 0.0, 0.0, 0.0, 0.0, 0.0, 0.0, 0.0, 0.0, 0.0, 0.0, 0.0, 0.0, 0.0, 0.0, 0.0, 0.0, 0.0, 0.0, 0.0, 0.0, 0.0, 0.0, 0.0, 0.0, 0.0, 0.0, 0.0, 0.0, 0.0, 0.0, 0.0, 0.0, 0.0, 0.0, 0.0, 0.0, 0.0, 0.0, 0.0, 0.0, 0.0, 0.0, 0.0, 0.0, 0.0, 0.0, 0.0, 0.0, 0.0, 0.0, 0.0, 0.0, 0.0, 0.0, 0.0, 0.0, 0.0, 0.0, 0.0, 0.0, 0.0, 0.0, 0.0, 0.0, 0.0, 0.0, 0.0, 0.0, 0.0, 0.0, 0.0, 0.0, 0.0, 0.0, 0.0, 0.0, 0.0, 0.0, 0.0, 0.0, 0.0, 0.0, 0.0, 0.0, 0.0, 0.0, 0.0, 0.0, 0.0, 0.0, 0.0, 3.1415927410125732, 3.1415927410125732, 3.1415927410125732, 3.1415927410125732, 3.1415927410125732, 3.1415927410125732, 3.1415927410125732, 3.1415927410125732, 0.0, 0.0, 0.0, 0.0, 0.0, 0.0, 0.0, 0.0, 0.0, 0.0, 0.0, 0.0, 0.0, 0.0, 0.0, 0.0, 0.0, 0.0, 0.0, 0.0, 0.0, 0.0, 0.0, 0.0, 3.1415927410125732, 3.1415927410125732, 3.1415927410125732, 3.1415927410125732, 3.1415927410125732, 3.1415927410125732, 3.1415927410125732, 3.1415927410125732, 0.0, 0.0, 0.0, 0.0, 0.0, 0.0, 0.0, 0.0, 0.0, 0.0, 0.0, 0.0, 0.0, 0.0, 0.0, 0.0, 0.0, 0.0, 0.0, 0.0, 0.0, 0.0, 0.0, 0.0, 3.1415927410125732, 3.1415927410125732, 3.1415927410125732, 3.1415927410125732, 3.1415927410125732, 3.1415927410125732, 3.1415927410125732, 3.1415927410125732, 0.0, 0.0, 0.0, 0.0, 0.0, 0.0, 0.0, 0.0, 0.0, 0.0, 0.0, 0.0, 0.0, 0.0, 0.0, 0.0, 0.0, 0.0, 0.0, 0.0, 0.0, 0.0, 0.0, 0.0, 3.1415927410125732, 3.1415927410125732, 3.1415927410125732, 3.1415927410125732, 3.1415927410125732, 3.1415927410125732, 3.1415927410125732, 3.1415927410125732, 0.0, 0.0, 0.0, 0.0, 0.0, 0.0, 0.0, 0.0, 0.0, 0.0, 0.0, 0.0, 0.0, 0.0, 0.0, 0.0, 0.0, 0.0, 0.0, 0.0, 0.0, 0.0, 0.0, 0.0, 3.1415927410125732, 3.1415927410125732, 3.1415927410125732, 3.1415927410125732, 3.1415927410125732, 3.1415927410125732, 3.1415927410125732, 3.1415927410125732, 0.0, 0.0, 0.0, 0.0, 0.0, 0.0, 0.0, 0.0, 0.0, 0.0, 0.0, 0.0, 0.0, 0.0, 0.0, 0.0, 0.0, 0.0, 0.0, 0.0, 0.0, 0.0, 0.0, 0.0, 3.1415927410125732, 3.1415927410125732, 3.1415927410125732, 3.1415927410125732, 3.1415927410125732, 3.1415927410125732, 3.1415927410125732, 3.1415927410125732, 0.0, 0.0, 0.0, 0.0, 0.0, 0.0, 0.0, 0.0, 0.0, 0.0, 0.0, 0.0, 0.0, 0.0, 0.0, 0.0, 0.0, 0.0, 0.0, 0.0, 0.0, 0.0, 0.0, 0.0, 3.1415927410125732, 3.1415927410125732, 3.1415927410125732, 3.1415927410125732, 3.1415927410125732, 3.1415927410125732, 3.1415927410125732, 3.1415927410125732, 0.0, 0.0, 0.0, 0.0, 0.0, 0.0, 0.0, 0.0, 0.0, 0.0, 0.0, 0.0, 0.0, 0.0, 0.0, 0.0, 0.0, 0.0, 0.0, 0.0, 0.0, 0.0, 0.0, 0.0, 3.1415927410125732, 3.1415927410125732, 3.1415927410125732, 3.1415927410125732, 3.1415927410125732, 3.1415927410125732, 3.1415927410125732, 3.1415927410125732, 0.0, 0.0, 0.0, 0.0, 0.0, 0.0, 0.0, 0.0, 0.0, 0.0, 0.0, 0.0, 0.0, 0.0, 0.0, 0.0]"
0.6088365,0.15223686,0.15219523,0.15220979,0.15219462,0.15220913,-9.53539467,-9.53664207,-9.53620815,-9.53666496,"[3.1415927410125732, 3.1415927410125732, 3.1415927410125732, 3.1415927410125732, 3.1415927410125732, 3.1415927410125732, 3.1415927410125732, 3.1415927410125732, 3.1415927410125732, 3.1415927410125732, 3.1415927410125732, 3.1415927410125732, 3.1415927410125732, 3.1415927410125732, 3.1415927410125732, 3.1415927410125732, 3.1415927410125732, 3.1415927410125732, 3.1415927410125732, 3.1415927410125732, 3.1415927410125732, 3.1415927410125732, 3.1415927410125732, 3.1415927410125732, 3.1415927410125732, 3.1415927410125732, 3.1415927410125732, 3.1415927410125732, 3.1415927410125732, 3.1415927410125732, 3.1415927410125732, 3.1415927410125732, 3.1415927410125732, 3.1415927410125732, 3.1415927410125732, 3.1415927410125732, 3.1415927410125732, 3.1415927410125732, 3.1415927410125732, 3.1415927410125732, 3.1415927410125732, 3.1415927410125732, 3.1415927410125732, 3.1415927410125732, 3.1415927410125732, 3.1415927410125732, 3.1415927410125732, 3.1415927410125732, 3.1415927410125732, 3.1415927410125732, 3.1415927410125732, 3.1415927410125732, 3.1415927410125732, 3.1415927410125732, 3.1415927410125732, 3.1415927410125732, 3.1415927410125732, 3.1415927410125732, 3.1415927410125732, 3.1415927410125732, 3.1415927410125732, 3.1415927410125732, 3.1415927410125732, 3.1415927410125732, 3.1415927410125732, 3.1415927410125732, 3.1415927410125732, 3.1415927410125732, 3.1415927410125732, 3.1415927410125732, 3.1415927410125732, 3.1415927410125732, 3.1415927410125732, 3.1415927410125732, 3.1415927410125732, 3.1415927410125732, 3.1415927410125732, 3.1415927410125732, 3.1415927410125732, 3.1415927410125732, 3.1415927410125732, 3.1415927410125732, 3.1415927410125732, 3.1415927410125732, 3.1415927410125732, 3.1415927410125732, 3.1415927410125732, 3.1415927410125732, 3.1415927410125732, 3.1415927410125732, 3.1415927410125732, 3.1415927410125732, 3.1415927410125732, 3.1415927410125732, 3.1415927410125732, 3.1415927410125732, 3.1415927410125732, 3.1415927410125732, 3.1415927410125732, 3.1415927410125732, 3.1415927410125732, 3.1415927410125732, 3.1415927410125732, 3.1415927410125732, 3.1415927410125732, 3.1415927410125732, 3.1415927410125732, 3.1415927410125732, 3.1415927410125732, 3.1415927410125732, 3.1415927410125732, 3.1415927410125732, 3.1415927410125732, 3.1415927410125732, 3.1415927410125732, 3.1415927410125732, 3.1415927410125732, 3.1415927410125732, 3.1415927410125732, 3.1415927410125732, 3.1415927410125732, 3.1415927410125732, 3.1415927410125732, 3.1415927410125732, 3.1415927410125732, 3.1415927410125732, 3.1415927410125732, 3.1415927410125732, 3.1415927410125732, 3.1415927410125732, 3.1415927410125732, 3.1415927410125732, 3.1415927410125732, 3.1415927410125732, 3.1415927410125732, 3.1415927410125732, 3.1415927410125732, 3.1415927410125732, 3.1415927410125732, 3.1415927410125732, 3.1415927410125732, 3.1415927410125732, 3.1415927410125732, 3.1415927410125732, 3.1415927410125732, 3.1415927410125732, 3.1415927410125732, 3.1415927410125732, 3.1415927410125732, 3.1415927410125732, 3.1415927410125732, 3.1415927410125732, 3.1415927410125732, 3.1415927410125732, 3.1415927410125732, 3.1415927410125732, 3.1415927410125732, 3.1415927410125732, 3.1415927410125732, 3.1415927410125732, 3.1415927410125732, 3.1415927410125732, 3.1415927410125732, 3.1415927410125732, 3.1415927410125732, 3.1415927410125732, 3.1415927410125732, 3.1415927410125732, 3.1415927410125732, 3.1415927410125732, 3.1415927410125732, 3.1415927410125732, 3.1415927410125732, 3.1415927410125732, 3.1415927410125732, 3.1415927410125732, 3.1415927410125732, 3.1415927410125732, 3.1415927410125732, 3.1415927410125732, 3.1415927410125732, 3.1415927410125732, 3.1415927410125732, 3.1415927410125732, 3.1415927410125732, 3.1415927410125732, 3.1415927410125732, 3.1415927410125732, 3.1415927410125732, 3.1415927410125732, 3.1415927410125732, 3.1415927410125732, 3.1415927410125732, 3.1415927410125732, 3.1415927410125732, 3.1415927410125732, 3.1415927410125732, 3.1415927410125732, 3.1415927410125732, 3.1415927410125732, 3.1415927410125732, 3.1415927410125732, 3.1415927410125732, 3.1415927410125732, 3.1415927410125732, 3.1415927410125732, 3.1415927410125732, 3.1415927410125732, 3.1415927410125732, 3.1415927410125732, 3.1415927410125732, 3.1415927410125732, 3.1415927410125732, 3.1415927410125732, 3.1415927410125732, 3.1415927410125732, 3.1415927410125732, 3.1415927410125732, 3.1415927410125732, 3.1415927410125732, 3.1415927410125732, 3.1415927410125732, 3.1415927410125732, 3.1415927410125732, 3.1415927410125732, 3.1415927410125732, 3.1415927410125732, 3.1415927410125732, 3.1415927410125732, 3.1415927410125732, 3.1415927410125732, 3.1415927410125732, 3.1415927410125732, 3.1415927410125732, 3.1415927410125732, 3.1415927410125732, 3.1415927410125732, 3.1415927410125732, 3.1415927410125732, 3.1415927410125732, 3.1415927410125732, 3.1415927410125732, 3.1415927410125732, 3.1415927410125732, 3.1415927410125732, 3.1415927410125732, 3.1415927410125732, 3.1415927410125732, 3.1415927410125732, 3.1415927410125732, 3.1415927410125732, 3.1415927410125732, 3.1415927410125732, 3.1415927410125732, 3.1415927410125732, 3.1415927410125732, 0.0, 0.0, 0.0, 0.0, 0.0, 0.0, 0.0, 0.0, 0.0, 0.0, 0.0, 0.0, 0.0, 0.0, 0.0, 0.0, 3.1415927410125732, 3.1415927410125732, 3.1415927410125732, 3.1415927410125732, 3.1415927410125732, 3.1415927410125732, 3.1415927410125732, 3.1415927410125732, 3.1415927410125732, 3.1415927410125732, 3.1415927410125732, 3.1415927410125732, 3.1415927410125732, 3.1415927410125732, 3.1415927410125732, 3.1415927410125732, 0.0, 0.0, 0.0, 0.0, 0.0, 0.0, 0.0, 0.0, 0.0, 0.0, 0.0, 0.0, 0.0, 0.0, 0.0, 0.0, 3.1415927410125732, 3.1415927410125732, 3.1415927410125732, 3.1415927410125732, 3.1415927410125732, 3.1415927410125732, 3.1415927410125732, 3.1415927410125732, 3.1415927410125732, 3.1415927410125732, 3.1415927410125732, 3.1415927410125732, 3.1415927410125732, 3.1415927410125732, 3.1415927410125732, 3.1415927410125732, 0.0, 0.0, 0.0, 0.0, 0.0, 0.0, 0.0, 0.0, 0.0, 0.0, 0.0, 0.0, 0.0, 0.0, 0.0, 0.0, 3.1415927410125732, 3.1415927410125732, 3.1415927410125732, 3.1415927410125732, 3.1415927410125732, 3.1415927410125732, 3.1415927410125732, 3.1415927410125732, 3.1415927410125732, 3.1415927410125732, 3.1415927410125732, 3.1415927410125732, 3.1415927410125732, 3.1415927410125732, 3.1415927410125732, 3.1415927410125732, 0.0, 0.0, 0.0, 0.0, 0.0, 0.0, 0.0, 0.0, 0.0, 0.0, 0.0, 0.0, 0.0, 0.0, 0.0, 0.0, 3.1415927410125732, 3.1415927410125732, 3.1415927410125732, 3.1415927410125732, 3.1415927410125732, 3.1415927410125732, 3.1415927410125732, 3.1415927410125732, 3.1415927410125732, 3.1415927410125732, 3.1415927410125732, 3.1415927410125732, 3.1415927410125732, 3.1415927410125732, 3.1415927410125732, 3.1415927410125732, 0.0, 0.0, 0.0, 0.0, 0.0, 0.0, 0.0, 0.0, 0.0, 0.0, 0.0, 0.0, 0.0, 0.0, 0.0, 0.0, 3.1415927410125732, 3.1415927410125732, 3.1415927410125732, 3.1415927410125732, 3.1415927410125732, 3.1415927410125732, 3.1415927410125732, 3.1415927410125732, 3.1415927410125732, 3.1415927410125732, 3.1415927410125732, 3.1415927410125732, 3.1415927410125732, 3.1415927410125732, 3.1415927410125732, 3.1415927410125732, 0.0, 0.0, 0.0, 0.0, 0.0, 0.0, 0.0, 0.0, 0.0, 0.0, 0.0, 0.0, 0.0, 0.0, 0.0, 0.0, 3.1415927410125732, 3.1415927410125732, 3.1415927410125732, 3.1415927410125732, 3.1415927410125732, 3.1415927410125732, 3.1415927410125732, 3.1415927410125732, 3.1415927410125732, 3.1415927410125732, 3.1415927410125732, 3.1415927410125732, 3.1415927410125732, 3.1415927410125732, 3.1415927410125732, 3.1415927410125732, 0.0, 0.0, 0.0, 0.0, 0.0, 0.0, 0.0, 0.0, 0.0, 0.0, 0.0, 0.0, 0.0, 0.0, 0.0, 0.0, 3.1415927410125732, 3.1415927410125732, 3.1415927410125732, 3.1415927410125732, 3.1415927410125732, 3.1415927410125732, 3.1415927410125732, 3.1415927410125732, 3.1415927410125732, 3.1415927410125732, 3.1415927410125732, 3.1415927410125732, 3.1415927410125732, 3.1415927410125732, 3.1415927410125732, 3.1415927410125732, 0.0, 0.0, 0.0, 0.0, 0.0, 0.0, 0.0, 0.0, 0.0, 0.0, 0.0, 0.0, 0.0, 0.0, 0.0, 0.0, 3.1415927410125732, 3.1415927410125732, 3.1415927410125732, 3.1415927410125732, 3.1415927410125732, 3.1415927410125732, 3.1415927410125732, 3.1415927410125732, 3.1415927410125732, 3.1415927410125732, 3.1415927410125732, 3.1415927410125732, 3.1415927410125732, 3.1415927410125732, 3.1415927410125732, 3.1415927410125732, 0.0, 0.0, 0.0, 0.0, 0.0, 0.0, 0.0, 0.0, 0.0, 0.0, 0.0, 0.0, 0.0, 0.0, 0.0, 0.0, 0.0, 0.0, 0.0, 0.0, 0.0, 0.0, 0.0, 0.0, 0.0, 0.0, 0.0, 0.0, 0.0, 0.0, 0.0, 0.0, 0.0, 0.0, 0.0, 0.0, 0.0, 0.0, 0.0, 0.0, 0.0, 0.0, 0.0, 0.0, 0.0, 0.0, 0.0, 0.0, 0.0, 0.0, 0.0, 0.0, 0.0, 0.0, 0.0, 0.0, 0.0, 0.0, 0.0, 0.0, 0.0, 0.0, 0.0, 0.0, 0.0, 0.0, 0.0, 0.0, 0.0, 0.0, 0.0, 0.0, 0.0, 0.0, 0.0, 0.0, 0.0, 0.0, 0.0, 0.0, 0.0, 0.0, 0.0, 0.0, 0.0, 0.0, 0.0, 0.0, 0.0, 0.0, 0.0, 0.0, 0.0, 0.0, 0.0, 0.0, 0.0, 0.0, 0.0, 0.0, 0.0, 0.0, 0.0, 0.0, 0.0, 0.0, 0.0, 0.0, 0.0, 0.0, 0.0, 0.0, 0.0, 0.0, 0.0, 0.0, 0.0, 0.0, 0.0, 0.0, 0.0, 0.0, 0.0, 0.0, 0.0, 0.0, 0.0, 0.0, 0.0, 0.0, 0.0, 0.0, 0.0, 0.0, 0.0, 0.0, 0.0, 0.0, 0.0, 0.0, 0.0, 0.0, 0.0, 0.0, 0.0, 0.0, 0.0, 0.0, 0.0, 0.0, 0.0, 0.0, 0.0, 0.0, 0.0, 0.0, 0.0, 0.0, 0.0, 0.0, 0.0, 0.0, 0.0, 0.0, 0.0, 0.0, 0.0, 0.0, 0.0, 0.0, 0.0, 0.0, 0.0, 0.0, 0.0, 0.0, 0.0, 0.0, 0.0, 0.0, 0.0, 0.0, 0.0, 0.0, 0.0, 0.0, 0.0, 0.0, 0.0, 0.0, 0.0, 0.0, 0.0, 0.0, 0.0, 0.0, 0.0, 0.0, 0.0, 0.0, 0.0, 0.0, 0.0, 0.0, 0.0, 0.0, 0.0, 0.0, 0.0, 0.0, 0.0, 0.0, 0.0, 0.0, 0.0, 0.0, 0.0, 0.0, 0.0, 0.0, 0.0, 0.0, 0.0, 0.0, 0.0, 0.0, 0.0, 0.0, 0.0, 0.0, 0.0, 0.0, 0.0, 0.0, 0.0, 0.0, 0.0, 0.0, 0.0, 0.0, 0.0, 0.0, 0.0, 0.0, 0.0, 0.0, 0.0, 0.0, 0.0, 0.0, 0.0, 0.0, 0.0, 0.0, 0.0, 0.0, 0.0, 0.0, 0.0, 0.0, 0.0, 0.0, 0.0, 0.0, 3.1415927410125732, 3.1415927410125732, 3.1415927410125732, 3.1415927410125732, 3.1415927410125732, 3.1415927410125732, 3.1415927410125732, 3.1415927410125732, 0.0, 0.0, 0.0, 0.0, 0.0, 0.0, 0.0, 0.0, 0.0, 0.0, 0.0, 0.0, 0.0, 0.0, 0.0, 0.0, 0.0, 0.0, 0.0, 0.0, 0.0, 0.0, 0.0, 0.0, 3.1415927410125732, 3.1415927410125732, 3.1415927410125732, 3.1415927410125732, 3.1415927410125732, 3.1415927410125732, 3.1415927410125732, 3.1415927410125732, 0.0, 0.0, 0.0, 0.0, 0.0, 0.0, 0.0, 0.0, 0.0, 0.0, 0.0, 0.0, 0.0, 0.0, 0.0, 0.0, 0.0, 0.0, 0.0, 0.0, 0.0, 0.0, 0.0, 0.0, 3.1415927410125732, 3.1415927410125732, 3.1415927410125732, 3.1415927410125732, 3.1415927410125732, 3.1415927410125732, 3.1415927410125732, 3.1415927410125732, 0.0, 0.0, 0.0, 0.0, 0.0, 0.0, 0.0, 0.0, 0.0, 0.0, 0.0, 0.0, 0.0, 0.0, 0.0, 0.0, 0.0, 0.0, 0.0, 0.0, 0.0, 0.0, 0.0, 0.0, 3.1415927410125732, 3.1415927410125732, 3.1415927410125732, 3.1415927410125732, 3.1415927410125732, 3.1415927410125732, 3.1415927410125732, 3.1415927410125732, 0.0, 0.0, 0.0, 0.0, 0.0, 0.0, 0.0, 0.0, 0.0, 0.0, 0.0, 0.0, 0.0, 0.0, 0.0, 0.0, 0.0, 0.0, 0.0, 0.0, 0.0, 0.0, 0.0, 0.0, 3.1415927410125732, 3.1415927410125732, 3.1415927410125732, 3.1415927410125732, 3.1415927410125732, 3.1415927410125732, 3.1415927410125732, 3.1415927410125732, 0.0, 0.0, 0.0, 0.0, 0.0, 0.0, 0.0, 0.0, 0.0, 0.0, 0.0, 0.0, 0.0, 0.0, 0.0, 0.0, 0.0, 0.0, 0.0, 0.0, 0.0, 0.0, 0.0, 0.0, 3.1415927410125732, 3.1415927410125732, 3.1415927410125732, 3.1415927410125732, 3.1415927410125732, 3.1415927410125732, 3.1415927410125732, 3.1415927410125732, 0.0, 0.0, 0.0, 0.0, 0.0, 0.0, 0.0, 0.0, 0.0, 0.0, 0.0, 0.0, 0.0, 0.0, 0.0, 0.0, 0.0, 0.0, 0.0, 0.0, 0.0, 0.0, 0.0, 0.0, 3.1415927410125732, 3.1415927410125732, 3.1415927410125732, 3.1415927410125732, 3.1415927410125732, 3.1415927410125732, 3.1415927410125732, 3.1415927410125732, 0.0, 0.0, 0.0, 0.0, 0.0, 0.0, 0.0, 0.0, 0.0, 0.0, 0.0, 0.0, 0.0, 0.0, 0.0, 0.0, 0.0, 0.0, 0.0, 0.0, 0.0, 0.0, 0.0, 0.0, 3.1415927410125732, 3.1415927410125732, 3.1415927410125732, 3.1415927410125732, 3.1415927410125732, 3.1415927410125732, 3.1415927410125732, 3.1415927410125732, 0.0, 0.0, 0.0, 0.0, 0.0, 0.0, 0.0, 0.0, 0.0, 0.0, 0.0, 0.0, 0.0, 0.0, 0.0, 0.0]"
0.6088365,0.15223686,0.15219523,0.15220979,0.15219462,0.15220913,-9.53539467,-9.53664207,-9.53620815,-9.53666496,"[3.1415927410125732, 3.1415927410125732, 3.1415927410125732, 3.1415927410125732, 3.1415927410125732, 3.1415927410125732, 3.1415927410125732, 3.1415927410125732, 3.1415927410125732, 3.1415927410125732, 3.1415927410125732, 3.1415927410125732, 3.1415927410125732, 3.1415927410125732, 3.1415927410125732, 3.1415927410125732, 3.1415927410125732, 3.1415927410125732, 3.1415927410125732, 3.1415927410125732, 3.1415927410125732, 3.1415927410125732, 3.1415927410125732, 3.1415927410125732, 3.1415927410125732, 3.1415927410125732, 3.1415927410125732, 3.1415927410125732, 3.1415927410125732, 3.1415927410125732, 3.1415927410125732, 3.1415927410125732, 3.1415927410125732, 3.1415927410125732, 3.1415927410125732, 3.1415927410125732, 3.1415927410125732, 3.1415927410125732, 3.1415927410125732, 3.1415927410125732, 3.1415927410125732, 3.1415927410125732, 3.1415927410125732, 3.1415927410125732, 3.1415927410125732, 3.1415927410125732, 3.1415927410125732, 3.1415927410125732, 3.1415927410125732, 3.1415927410125732, 3.1415927410125732, 3.1415927410125732, 3.1415927410125732, 3.1415927410125732, 3.1415927410125732, 3.1415927410125732, 3.1415927410125732, 3.1415927410125732, 3.1415927410125732, 3.1415927410125732, 3.1415927410125732, 3.1415927410125732, 3.1415927410125732, 3.1415927410125732, 3.1415927410125732, 3.1415927410125732, 3.1415927410125732, 3.1415927410125732, 3.1415927410125732, 3.1415927410125732, 3.1415927410125732, 3.1415927410125732, 3.1415927410125732, 3.1415927410125732, 3.1415927410125732, 3.1415927410125732, 3.1415927410125732, 3.1415927410125732, 3.1415927410125732, 3.1415927410125732, 3.1415927410125732, 3.1415927410125732, 3.1415927410125732, 3.1415927410125732, 3.1415927410125732, 3.1415927410125732, 3.1415927410125732, 3.1415927410125732, 3.1415927410125732, 3.1415927410125732, 3.1415927410125732, 3.1415927410125732, 3.1415927410125732, 3.1415927410125732, 3.1415927410125732, 3.1415927410125732, 3.1415927410125732, 3.1415927410125732, 3.1415927410125732, 3.1415927410125732, 3.1415927410125732, 3.1415927410125732, 3.1415927410125732, 3.1415927410125732, 3.1415927410125732, 3.1415927410125732, 3.1415927410125732, 3.1415927410125732, 3.1415927410125732, 3.1415927410125732, 3.1415927410125732, 3.1415927410125732, 3.1415927410125732, 3.1415927410125732, 3.1415927410125732, 3.1415927410125732, 3.1415927410125732, 3.1415927410125732, 3.1415927410125732, 3.1415927410125732, 3.1415927410125732, 3.1415927410125732, 3.1415927410125732, 3.1415927410125732, 3.1415927410125732, 3.1415927410125732, 3.1415927410125732, 3.1415927410125732, 3.1415927410125732, 3.1415927410125732, 3.1415927410125732, 3.1415927410125732, 3.1415927410125732, 3.1415927410125732, 3.1415927410125732, 3.1415927410125732, 3.1415927410125732, 3.1415927410125732, 3.1415927410125732, 3.1415927410125732, 3.1415927410125732, 3.1415927410125732, 3.1415927410125732, 3.1415927410125732, 3.1415927410125732, 3.1415927410125732, 3.1415927410125732, 3.1415927410125732, 3.1415927410125732, 3.1415927410125732, 3.1415927410125732, 3.1415927410125732, 3.1415927410125732, 3.1415927410125732, 3.1415927410125732, 3.1415927410125732, 3.1415927410125732, 3.1415927410125732, 3.1415927410125732, 3.1415927410125732, 3.1415927410125732, 3.1415927410125732, 3.1415927410125732, 3.1415927410125732, 3.1415927410125732, 3.1415927410125732, 3.1415927410125732, 3.1415927410125732, 3.1415927410125732, 3.1415927410125732, 3.1415927410125732, 3.1415927410125732, 3.1415927410125732, 3.1415927410125732, 3.1415927410125732, 3.1415927410125732, 3.1415927410125732, 3.1415927410125732, 3.1415927410125732, 3.1415927410125732, 3.1415927410125732, 3.1415927410125732, 3.1415927410125732, 3.1415927410125732, 3.1415927410125732, 3.1415927410125732, 3.1415927410125732, 3.1415927410125732, 3.1415927410125732, 3.1415927410125732, 3.1415927410125732, 3.1415927410125732, 3.1415927410125732, 3.1415927410125732, 3.1415927410125732, 3.1415927410125732, 3.1415927410125732, 3.1415927410125732, 3.1415927410125732, 3.1415927410125732, 3.1415927410125732, 3.1415927410125732, 3.1415927410125732, 3.1415927410125732, 3.1415927410125732, 3.1415927410125732, 3.1415927410125732, 3.1415927410125732, 3.1415927410125732, 3.1415927410125732, 3.1415927410125732, 3.1415927410125732, 3.1415927410125732, 3.1415927410125732, 3.1415927410125732, 3.1415927410125732, 3.1415927410125732, 3.1415927410125732, 3.1415927410125732, 3.1415927410125732, 3.1415927410125732, 3.1415927410125732, 3.1415927410125732, 3.1415927410125732, 3.1415927410125732, 3.1415927410125732, 3.1415927410125732, 3.1415927410125732, 3.1415927410125732, 3.1415927410125732, 3.1415927410125732, 3.1415927410125732, 3.1415927410125732, 3.1415927410125732, 3.1415927410125732, 3.1415927410125732, 3.1415927410125732, 3.1415927410125732, 3.1415927410125732, 3.1415927410125732, 3.1415927410125732, 3.1415927410125732, 3.1415927410125732, 3.1415927410125732, 3.1415927410125732, 3.1415927410125732, 3.1415927410125732, 3.1415927410125732, 3.1415927410125732, 3.1415927410125732, 3.1415927410125732, 3.1415927410125732, 3.1415927410125732, 3.1415927410125732, 3.1415927410125732, 3.1415927410125732, 0.0, 0.0, 0.0, 0.0, 0.0, 0.0, 0.0, 0.0, 0.0, 0.0, 0.0, 0.0, 0.0, 0.0, 0.0, 0.0, 3.1415927410125732, 3.1415927410125732, 3.1415927410125732, 3.1415927410125732, 3.1415927410125732, 3.1415927410125732, 3.1415927410125732, 3.1415927410125732, 3.1415927410125732, 3.1415927410125732, 3.1415927410125732, 3.1415927410125732, 3.1415927410125732, 3.1415927410125732, 3.1415927410125732, 3.1415927410125732, 0.0, 0.0, 0.0, 0.0, 0.0, 0.0, 0.0, 0.0, 0.0, 0.0, 0.0, 0.0, 0.0, 0.0, 0.0, 0.0, 3.1415927410125732, 3.1415927410125732, 3.1415927410125732, 3.1415927410125732, 3.1415927410125732, 3.1415927410125732, 3.1415927410125732, 3.1415927410125732, 3.1415927410125732, 3.1415927410125732, 3.1415927410125732, 3.1415927410125732, 3.1415927410125732, 3.1415927410125732, 3.1415927410125732, 3.1415927410125732, 0.0, 0.0, 0.0, 0.0, 0.0, 0.0, 0.0, 0.0, 0.0, 0.0, 0.0, 0.0, 0.0, 0.0, 0.0, 0.0, 3.1415927410125732, 3.1415927410125732, 3.1415927410125732, 3.1415927410125732, 3.1415927410125732, 3.1415927410125732, 3.1415927410125732, 3.1415927410125732, 3.1415927410125732, 3.1415927410125732, 3.1415927410125732, 3.1415927410125732, 3.1415927410125732, 3.1415927410125732, 3.1415927410125732, 3.1415927410125732, 0.0, 0.0, 0.0, 0.0, 0.0, 0.0, 0.0, 0.0, 0.0, 0.0, 0.0, 0.0, 0.0, 0.0, 0.0, 0.0, 3.1415927410125732, 3.1415927410125732, 3.1415927410125732, 3.1415927410125732, 3.1415927410125732, 3.1415927410125732, 3.1415927410125732, 3.1415927410125732, 3.1415927410125732, 3.1415927410125732, 3.1415927410125732, 3.1415927410125732, 3.1415927410125732, 3.1415927410125732, 3.1415927410125732, 3.1415927410125732, 0.0, 0.0, 0.0, 0.0, 0.0, 0.0, 0.0, 0.0, 0.0, 0.0, 0.0, 0.0, 0.0, 0.0, 0.0, 0.0, 3.1415927410125732, 3.1415927410125732, 3.1415927410125732, 3.1415927410125732, 3.1415927410125732, 3.1415927410125732, 3.1415927410125732, 3.1415927410125732, 3.1415927410125732, 3.1415927410125732, 3.1415927410125732, 3.1415927410125732, 3.1415927410125732, 3.1415927410125732, 3.1415927410125732, 3.1415927410125732, 0.0, 0.0, 0.0, 0.0, 0.0, 0.0, 0.0, 0.0, 0.0, 0.0, 0.0, 0.0, 0.0, 0.0, 0.0, 0.0, 3.1415927410125732, 3.1415927410125732, 3.1415927410125732, 3.1415927410125732, 3.1415927410125732, 3.1415927410125732, 3.1415927410125732, 3.1415927410125732, 3.1415927410125732, 3.1415927410125732, 3.1415927410125732, 3.1415927410125732, 3.1415927410125732, 3.1415927410125732, 3.1415927410125732, 3.1415927410125732, 0.0, 0.0, 0.0, 0.0, 0.0, 0.0, 0.0, 0.0, 0.0, 0.0, 0.0, 0.0, 0.0, 0.0, 0.0, 0.0, 3.1415927410125732, 3.1415927410125732, 3.1415927410125732, 3.1415927410125732, 3.1415927410125732, 3.1415927410125732, 3.1415927410125732, 3.1415927410125732, 3.1415927410125732, 3.1415927410125732, 3.1415927410125732, 3.1415927410125732, 3.1415927410125732, 3.1415927410125732, 3.1415927410125732, 3.1415927410125732, 0.0, 0.0, 0.0, 0.0, 0.0, 0.0, 0.0, 0.0, 0.0, 0.0, 0.0, 0.0, 0.0, 0.0, 0.0, 0.0, 3.1415927410125732, 3.1415927410125732, 3.1415927410125732, 3.1415927410125732, 3.1415927410125732, 3.1415927410125732, 3.1415927410125732, 3.1415927410125732, 3.1415927410125732, 3.1415927410125732, 3.1415927410125732, 3.1415927410125732, 3.1415927410125732, 3.1415927410125732, 3.1415927410125732, 3.1415927410125732, 0.0, 0.0, 0.0, 0.0, 0.0, 0.0, 0.0, 0.0, 0.0, 0.0, 0.0, 0.0, 0.0, 0.0, 0.0, 0.0, 0.0, 0.0, 0.0, 0.0, 0.0, 0.0, 0.0, 0.0, 0.0, 0.0, 0.0, 0.0, 0.0, 0.0, 0.0, 0.0, 0.0, 0.0, 0.0, 0.0, 0.0, 0.0, 0.0, 0.0, 0.0, 0.0, 0.0, 0.0, 0.0, 0.0, 0.0, 0.0, 0.0, 0.0, 0.0, 0.0, 0.0, 0.0, 0.0, 0.0, 0.0, 0.0, 0.0, 0.0, 0.0, 0.0, 0.0, 0.0, 0.0, 0.0, 0.0, 0.0, 0.0, 0.0, 0.0, 0.0, 0.0, 0.0, 0.0, 0.0, 0.0, 0.0, 0.0, 0.0, 0.0, 0.0, 0.0, 0.0, 0.0, 0.0, 0.0, 0.0, 0.0, 0.0, 0.0, 0.0, 0.0, 0.0, 0.0, 0.0, 0.0, 0.0, 0.0, 0.0, 0.0, 0.0, 0.0, 0.0, 0.0, 0.0, 0.0, 0.0, 0.0, 0.0, 0.0, 0.0, 0.0, 0.0, 0.0, 0.0, 0.0, 0.0, 0.0, 0.0, 0.0, 0.0, 0.0, 0.0, 0.0, 0.0, 0.0, 0.0, 0.0, 0.0, 0.0, 0.0, 0.0, 0.0, 0.0, 0.0, 0.0, 0.0, 0.0, 0.0, 0.0, 0.0, 0.0, 0.0, 0.0, 0.0, 0.0, 0.0, 0.0, 0.0, 0.0, 0.0, 0.0, 0.0, 0.0, 0.0, 0.0, 0.0, 0.0, 0.0, 0.0, 0.0, 0.0, 0.0, 0.0, 0.0, 0.0, 0.0, 0.0, 0.0, 0.0, 0.0, 0.0, 0.0, 0.0, 0.0, 0.0, 0.0, 0.0, 0.0, 0.0, 0.0, 0.0, 0.0, 0.0, 0.0, 0.0, 0.0, 0.0, 0.0, 0.0, 0.0, 0.0, 0.0, 0.0, 0.0, 0.0, 0.0, 0.0, 0.0, 0.0, 0.0, 0.0, 0.0, 0.0, 0.0, 0.0, 0.0, 0.0, 0.0, 0.0, 0.0, 0.0, 0.0, 0.0, 0.0, 0.0, 0.0, 0.0, 0.0, 0.0, 0.0, 0.0, 0.0, 0.0, 0.0, 0.0, 0.0, 0.0, 0.0, 0.0, 0.0, 0.0, 0.0, 0.0, 0.0, 0.0, 0.0, 0.0, 0.0, 0.0, 0.0, 0.0, 0.0, 0.0, 0.0, 0.0, 0.0, 0.0, 0.0, 0.0, 0.0, 0.0, 0.0, 0.0, 0.0, 0.0, 0.0, 0.0, 0.0, 0.0, 0.0, 0.0, 0.0, 3.1415927410125732, 3.1415927410125732, 3.1415927410125732, 3.1415927410125732, 3.1415927410125732, 3.1415927410125732, 3.1415927410125732, 3.1415927410125732, 0.0, 0.0, 0.0, 0.0, 0.0, 0.0, 0.0, 0.0, 0.0, 0.0, 0.0, 0.0, 0.0, 0.0, 0.0, 0.0, 0.0, 0.0, 0.0, 0.0, 0.0, 0.0, 0.0, 0.0, 3.1415927410125732, 3.1415927410125732, 3.1415927410125732, 3.1415927410125732, 3.1415927410125732, 3.1415927410125732, 3.1415927410125732, 3.1415927410125732, 0.0, 0.0, 0.0, 0.0, 0.0, 0.0, 0.0, 0.0, 0.0, 0.0, 0.0, 0.0, 0.0, 0.0, 0.0, 0.0, 0.0, 0.0, 0.0, 0.0, 0.0, 0.0, 0.0, 0.0, 3.1415927410125732, 3.1415927410125732, 3.1415927410125732, 3.1415927410125732, 3.1415927410125732, 3.1415927410125732, 3.1415927410125732, 3.1415927410125732, 0.0, 0.0, 0.0, 0.0, 0.0, 0.0, 0.0, 0.0, 0.0, 0.0, 0.0, 0.0, 0.0, 0.0, 0.0, 0.0, 0.0, 0.0, 0.0, 0.0, 0.0, 0.0, 0.0, 0.0, 3.1415927410125732, 3.1415927410125732, 3.1415927410125732, 3.1415927410125732, 3.1415927410125732, 3.1415927410125732, 3.1415927410125732, 3.1415927410125732, 0.0, 0.0, 0.0, 0.0, 0.0, 0.0, 0.0, 0.0, 0.0, 0.0, 0.0, 0.0, 0.0, 0.0, 0.0, 0.0, 0.0, 0.0, 0.0, 0.0, 0.0, 0.0, 0.0, 0.0, 3.1415927410125732, 3.1415927410125732, 3.1415927410125732, 3.1415927410125732, 3.1415927410125732, 3.1415927410125732, 3.1415927410125732, 3.1415927410125732, 0.0, 0.0, 0.0, 0.0, 0.0, 0.0, 0.0, 0.0, 0.0, 0.0, 0.0, 0.0, 0.0, 0.0, 0.0, 0.0, 0.0, 0.0, 0.0, 0.0, 0.0, 0.0, 0.0, 0.0, 3.1415927410125732, 3.1415927410125732, 3.1415927410125732, 3.1415927410125732, 3.1415927410125732, 3.1415927410125732, 3.1415927410125732, 3.1415927410125732, 0.0, 0.0, 0.0, 0.0, 0.0, 0.0, 0.0, 0.0, 0.0, 0.0, 0.0, 0.0, 0.0, 0.0, 0.0, 0.0, 0.0, 0.0, 0.0, 0.0, 0.0, 0.0, 0.0, 0.0, 3.1415927410125732, 3.1415927410125732, 3.1415927410125732, 3.1415927410125732, 3.1415927410125732, 3.1415927410125732, 3.1415927410125732, 3.1415927410125732, 0.0, 0.0, 0.0, 0.0, 0.0, 0.0, 0.0, 0.0, 0.0, 0.0, 0.0, 0.0, 0.0, 0.0, 0.0, 0.0, 0.0, 0.0, 0.0, 0.0, 0.0, 0.0, 0.0, 0.0, 3.1415927410125732, 3.1415927410125732, 3.1415927410125732, 3.1415927410125732, 3.1415927410125732, 3.1415927410125732, 3.1415927410125732, 3.1415927410125732, 0.0, 0.0, 0.0, 0.0, 0.0, 0.0, 0.0, 0.0, 0.0, 0.0, 0.0, 0.0, 0.0, 0.0, 0.0, 0.0]"
0.6088365,0.15223686,0.15219523,0.15220979,0.15219462,0.15220913,-9.53539467,-9.53664207,-9.53620815,-9.53666496,"[3.1415927410125732, 3.1415927410125732, 3.1415927410125732, 3.1415927410125732, 3.1415927410125732, 3.1415927410125732, 3.1415927410125732, 3.1415927410125732, 3.1415927410125732, 3.1415927410125732, 3.1415927410125732, 3.1415927410125732, 3.1415927410125732, 3.1415927410125732, 3.1415927410125732, 3.1415927410125732, 3.1415927410125732, 3.1415927410125732, 3.1415927410125732, 3.1415927410125732, 3.1415927410125732, 3.1415927410125732, 3.1415927410125732, 3.1415927410125732, 3.1415927410125732, 3.1415927410125732, 3.1415927410125732, 3.1415927410125732, 3.1415927410125732, 3.1415927410125732, 3.1415927410125732, 3.1415927410125732, 3.1415927410125732, 3.1415927410125732, 3.1415927410125732, 3.1415927410125732, 3.1415927410125732, 3.1415927410125732, 3.1415927410125732, 3.1415927410125732, 3.1415927410125732, 3.1415927410125732, 3.1415927410125732, 3.1415927410125732, 3.1415927410125732, 3.1415927410125732, 3.1415927410125732, 3.1415927410125732, 3.1415927410125732, 3.1415927410125732, 3.1415927410125732, 3.1415927410125732, 3.1415927410125732, 3.1415927410125732, 3.1415927410125732, 3.1415927410125732, 3.1415927410125732, 3.1415927410125732, 3.1415927410125732, 3.1415927410125732, 3.1415927410125732, 3.1415927410125732, 3.1415927410125732, 3.1415927410125732, 3.1415927410125732, 3.1415927410125732, 3.1415927410125732, 3.1415927410125732, 3.1415927410125732, 3.1415927410125732, 3.1415927410125732, 3.1415927410125732, 3.1415927410125732, 3.1415927410125732, 3.1415927410125732, 3.1415927410125732, 3.1415927410125732, 3.1415927410125732, 3.1415927410125732, 3.1415927410125732, 3.1415927410125732, 3.1415927410125732, 3.1415927410125732, 3.1415927410125732, 3.1415927410125732, 3.1415927410125732, 3.1415927410125732, 3.1415927410125732, 3.1415927410125732, 3.1415927410125732, 3.1415927410125732, 3.1415927410125732, 3.1415927410125732, 3.1415927410125732, 3.1415927410125732, 3.1415927410125732, 3.1415927410125732, 3.1415927410125732, 3.1415927410125732, 3.1415927410125732, 3.1415927410125732, 3.1415927410125732, 3.1415927410125732, 3.1415927410125732, 3.1415927410125732, 3.1415927410125732, 3.1415927410125732, 3.1415927410125732, 3.1415927410125732, 3.1415927410125732, 3.1415927410125732, 3.1415927410125732, 3.1415927410125732, 3.1415927410125732, 3.1415927410125732, 3.1415927410125732, 3.1415927410125732, 3.1415927410125732, 3.1415927410125732, 3.1415927410125732, 3.1415927410125732, 3.1415927410125732, 3.1415927410125732, 3.1415927410125732, 3.1415927410125732, 3.1415927410125732, 3.1415927410125732, 3.1415927410125732, 3.1415927410125732, 3.1415927410125732, 3.1415927410125732, 3.1415927410125732, 3.1415927410125732, 3.1415927410125732, 3.1415927410125732, 3.1415927410125732, 3.1415927410125732, 3.1415927410125732, 3.1415927410125732, 3.1415927410125732, 3.1415927410125732, 3.1415927410125732, 3.1415927410125732, 3.1415927410125732, 3.1415927410125732, 3.1415927410125732, 3.1415927410125732, 3.1415927410125732, 3.1415927410125732, 3.1415927410125732, 3.1415927410125732, 3.1415927410125732, 3.1415927410125732, 3.1415927410125732, 3.1415927410125732, 3.1415927410125732, 3.1415927410125732, 3.1415927410125732, 3.1415927410125732, 3.1415927410125732, 3.1415927410125732, 3.1415927410125732, 3.1415927410125732, 3.1415927410125732, 3.1415927410125732, 3.1415927410125732, 3.1415927410125732, 3.1415927410125732, 3.1415927410125732, 3.1415927410125732, 3.1415927410125732, 3.1415927410125732, 3.1415927410125732, 3.1415927410125732, 3.1415927410125732, 3.1415927410125732, 3.1415927410125732, 3.1415927410125732, 3.1415927410125732, 3.1415927410125732, 3.1415927410125732, 3.1415927410125732, 3.1415927410125732, 3.1415927410125732, 3.1415927410125732, 3.1415927410125732, 3.1415927410125732, 3.1415927410125732, 3.1415927410125732, 3.1415927410125732, 3.1415927410125732, 3.1415927410125732, 3.1415927410125732, 3.1415927410125732, 3.1415927410125732, 3.1415927410125732, 3.1415927410125732, 3.1415927410125732, 3.1415927410125732, 3.1415927410125732, 3.1415927410125732, 3.1415927410125732, 3.1415927410125732, 3.1415927410125732, 3.1415927410125732, 3.1415927410125732, 3.1415927410125732, 3.1415927410125732, 3.1415927410125732, 3.1415927410125732, 3.1415927410125732, 3.1415927410125732, 3.1415927410125732, 3.1415927410125732, 3.1415927410125732, 3.1415927410125732, 3.1415927410125732, 3.1415927410125732, 3.1415927410125732, 3.1415927410125732, 3.1415927410125732, 3.1415927410125732, 3.1415927410125732, 3.1415927410125732, 3.1415927410125732, 3.1415927410125732, 3.1415927410125732, 3.1415927410125732, 3.1415927410125732, 3.1415927410125732, 3.1415927410125732, 3.1415927410125732, 3.1415927410125732, 3.1415927410125732, 3.1415927410125732, 3.1415927410125732, 3.1415927410125732, 3.1415927410125732, 3.1415927410125732, 3.1415927410125732, 3.1415927410125732, 3.1415927410125732, 3.1415927410125732, 3.1415927410125732, 3.1415927410125732, 3.1415927410125732, 3.1415927410125732, 3.1415927410125732, 3.1415927410125732, 3.1415927410125732, 3.1415927410125732, 3.1415927410125732, 3.1415927410125732, 3.1415927410125732, 3.1415927410125732, 3.1415927410125732, 0.0, 0.0, 0.0, 0.0, 0.0, 0.0, 0.0, 0.0, 0.0, 0.0, 0.0, 0.0, 0.0, 0.0, 0.0, 0.0, 3.1415927410125732, 3.1415927410125732, 3.1415927410125732, 3.1415927410125732, 3.1415927410125732, 3.1415927410125732, 3.1415927410125732, 3.1415927410125732, 3.1415927410125732, 3.1415927410125732, 3.1415927410125732, 3.1415927410125732, 3.1415927410125732, 3.1415927410125732, 3.1415927410125732, 3.1415927410125732, 0.0, 0.0, 0.0, 0.0, 0.0, 0.0, 0.0, 0.0, 0.0, 0.0, 0.0, 0.0, 0.0, 0.0, 0.0, 0.0, 3.1415927410125732, 3.1415927410125732, 3.1415927410125732, 3.1415927410125732, 3.1415927410125732, 3.1415927410125732, 3.1415927410125732, 3.1415927410125732, 3.1415927410125732, 3.1415927410125732, 3.1415927410125732, 3.1415927410125732, 3.1415927410125732, 3.1415927410125732, 3.1415927410125732, 3.1415927410125732, 0.0, 0.0, 0.0, 0.0, 0.0, 0.0, 0.0, 0.0, 0.0, 0.0, 0.0, 0.0, 0.0, 0.0, 0.0, 0.0, 3.1415927410125732, 3.1415927410125732, 3.1415927410125732, 3.1415927410125732, 3.1415927410125732, 3.1415927410125732, 3.1415927410125732, 3.1415927410125732, 3.1415927410125732, 3.1415927410125732, 3.1415927410125732, 3.1415927410125732, 3.1415927410125732, 3.1415927410125732, 3.1415927410125732, 3.1415927410125732, 0.0, 0.0, 0.0, 0.0, 0.0, 0.0, 0.0, 0.0, 0.0, 0.0, 0.0, 0.0, 0.0, 0.0, 0.0, 0.0, 3.1415927410125732, 3.1415927410125732, 3.1415927410125732, 3.1415927410125732, 3.1415927410125732, 3.1415927410125732, 3.1415927410125732, 3.1415927410125732, 3.1415927410125732, 3.1415927410125732, 3.1415927410125732, 3.1415927410125732, 3.1415927410125732, 3.1415927410125732, 3.1415927410125732, 3.1415927410125732, 0.0, 0.0, 0.0, 0.0, 0.0, 0.0, 0.0, 0.0, 0.0, 0.0, 0.0, 0.0, 0.0, 0.0, 0.0, 0.0, 3.1415927410125732, 3.1415927410125732, 3.1415927410125732, 3.1415927410125732, 3.1415927410125732, 3.1415927410125732, 3.1415927410125732, 3.1415927410125732, 3.1415927410125732, 3.1415927410125732, 3.1415927410125732, 3.1415927410125732, 3.1415927410125732, 3.1415927410125732, 3.1415927410125732, 3.1415927410125732, 0.0, 0.0, 0.0, 0.0, 0.0, 0.0, 0.0, 0.0, 0.0, 0.0, 0.0, 0.0, 0.0, 0.0, 0.0, 0.0, 3.1415927410125732, 3.1415927410125732, 3.1415927410125732, 3.1415927410125732, 3.1415927410125732, 3.1415927410125732, 3.1415927410125732, 3.1415927410125732, 3.1415927410125732, 3.1415927410125732, 3.1415927410125732, 3.1415927410125732, 3.1415927410125732, 3.1415927410125732, 3.1415927410125732, 3.1415927410125732, 0.0, 0.0, 0.0, 0.0, 0.0, 0.0, 0.0, 0.0, 0.0, 0.0, 0.0, 0.0, 0.0, 0.0, 0.0, 0.0, 3.1415927410125732, 3.1415927410125732, 3.1415927410125732, 3.1415927410125732, 3.1415927410125732, 3.1415927410125732, 3.1415927410125732, 3.1415927410125732, 3.1415927410125732, 3.1415927410125732, 3.1415927410125732, 3.1415927410125732, 3.1415927410125732, 3.1415927410125732, 3.1415927410125732, 3.1415927410125732, 0.0, 0.0, 0.0, 0.0, 0.0, 0.0, 0.0, 0.0, 0.0, 0.0, 0.0, 0.0, 0.0, 0.0, 0.0, 0.0, 3.1415927410125732, 3.1415927410125732, 3.1415927410125732, 3.1415927410125732, 3.1415927410125732, 3.1415927410125732, 3.1415927410125732, 3.1415927410125732, 3.1415927410125732, 3.1415927410125732, 3.1415927410125732, 3.1415927410125732, 3.1415927410125732, 3.1415927410125732, 3.1415927410125732, 3.1415927410125732, 0.0, 0.0, 0.0, 0.0, 0.0, 0.0, 0.0, 0.0, 0.0, 0.0, 0.0, 0.0, 0.0, 0.0, 0.0, 0.0, 0.0, 0.0, 0.0, 0.0, 0.0, 0.0, 0.0, 0.0, 0.0, 0.0, 0.0, 0.0, 0.0, 0.0, 0.0, 0.0, 0.0, 0.0, 0.0, 0.0, 0.0, 0.0, 0.0, 0.0, 0.0, 0.0, 0.0, 0.0, 0.0, 0.0, 0.0, 0.0, 0.0, 0.0, 0.0, 0.0, 0.0, 0.0, 0.0, 0.0, 0.0, 0.0, 0.0, 0.0, 0.0, 0.0, 0.0, 0.0, 0.0, 0.0, 0.0, 0.0, 0.0, 0.0, 0.0, 0.0, 0.0, 0.0, 0.0, 0.0, 0.0, 0.0, 0.0, 0.0, 0.0, 0.0, 0.0, 0.0, 0.0, 0.0, 0.0, 0.0, 0.0, 0.0, 0.0, 0.0, 0.0, 0.0, 0.0, 0.0, 0.0, 0.0, 0.0, 0.0, 0.0, 0.0, 0.0, 0.0, 0.0, 0.0, 0.0, 0.0, 0.0, 0.0, 0.0, 0.0, 0.0, 0.0, 0.0, 0.0, 0.0, 0.0, 0.0, 0.0, 0.0, 0.0, 0.0, 0.0, 0.0, 0.0, 0.0, 0.0, 0.0, 0.0, 0.0, 0.0, 0.0, 0.0, 0.0, 0.0, 0.0, 0.0, 0.0, 0.0, 0.0, 0.0, 0.0, 0.0, 0.0, 0.0, 0.0, 0.0, 0.0, 0.0, 0.0, 0.0, 0.0, 0.0, 0.0, 0.0, 0.0, 0.0, 0.0, 0.0, 0.0, 0.0, 0.0, 0.0, 0.0, 0.0, 0.0, 0.0, 0.0, 0.0, 0.0, 0.0, 0.0, 0.0, 0.0, 0.0, 0.0, 0.0, 0.0, 0.0, 0.0, 0.0, 0.0, 0.0, 0.0, 0.0, 0.0, 0.0, 0.0, 0.0, 0.0, 0.0, 0.0, 0.0, 0.0, 0.0, 0.0, 0.0, 0.0, 0.0, 0.0, 0.0, 0.0, 0.0, 0.0, 0.0, 0.0, 0.0, 0.0, 0.0, 0.0, 0.0, 0.0, 0.0, 0.0, 0.0, 0.0, 0.0, 0.0, 0.0, 0.0, 0.0, 0.0, 0.0, 0.0, 0.0, 0.0, 0.0, 0.0, 0.0, 0.0, 0.0, 0.0, 0.0, 0.0, 0.0, 0.0, 0.0, 0.0, 0.0, 0.0, 0.0, 0.0, 0.0, 0.0, 0.0, 0.0, 0.0, 0.0, 0.0, 0.0, 0.0, 0.0, 0.0, 0.0, 0.0, 0.0, 0.0, 0.0, 0.0, 0.0, 0.0, 0.0, 0.0, 3.1415927410125732, 3.1415927410125732, 3.1415927410125732, 3.1415927410125732, 3.1415927410125732, 3.1415927410125732, 3.1415927410125732, 3.1415927410125732, 0.0, 0.0, 0.0, 0.0, 0.0, 0.0, 0.0, 0.0, 0.0, 0.0, 0.0, 0.0, 0.0, 0.0, 0.0, 0.0, 0.0, 0.0, 0.0, 0.0, 0.0, 0.0, 0.0, 0.0, 3.1415927410125732, 3.1415927410125732, 3.1415927410125732, 3.1415927410125732, 3.1415927410125732, 3.1415927410125732, 3.1415927410125732, 3.1415927410125732, 0.0, 0.0, 0.0, 0.0, 0.0, 0.0, 0.0, 0.0, 0.0, 0.0, 0.0, 0.0, 0.0, 0.0, 0.0, 0.0, 0.0, 0.0, 0.0, 0.0, 0.0, 0.0, 0.0, 0.0, 3.1415927410125732, 3.1415927410125732, 3.1415927410125732, 3.1415927410125732, 3.1415927410125732, 3.1415927410125732, 3.1415927410125732, 3.1415927410125732, 0.0, 0.0, 0.0, 0.0, 0.0, 0.0, 0.0, 0.0, 0.0, 0.0, 0.0, 0.0, 0.0, 0.0, 0.0, 0.0, 0.0, 0.0, 0.0, 0.0, 0.0, 0.0, 0.0, 0.0, 3.1415927410125732, 3.1415927410125732, 3.1415927410125732, 3.1415927410125732, 3.1415927410125732, 3.1415927410125732, 3.1415927410125732, 3.1415927410125732, 0.0, 0.0, 0.0, 0.0, 0.0, 0.0, 0.0, 0.0, 0.0, 0.0, 0.0, 0.0, 0.0, 0.0, 0.0, 0.0, 0.0, 0.0, 0.0, 0.0, 0.0, 0.0, 0.0, 0.0, 3.1415927410125732, 3.1415927410125732, 3.1415927410125732, 3.1415927410125732, 3.1415927410125732, 3.1415927410125732, 3.1415927410125732, 3.1415927410125732, 0.0, 0.0, 0.0, 0.0, 0.0, 0.0, 0.0, 0.0, 0.0, 0.0, 0.0, 0.0, 0.0, 0.0, 0.0, 0.0, 0.0, 0.0, 0.0, 0.0, 0.0, 0.0, 0.0, 0.0, 3.1415927410125732, 3.1415927410125732, 3.1415927410125732, 3.1415927410125732, 3.1415927410125732, 3.1415927410125732, 3.1415927410125732, 3.1415927410125732, 0.0, 0.0, 0.0, 0.0, 0.0, 0.0, 0.0, 0.0, 0.0, 0.0, 0.0, 0.0, 0.0, 0.0, 0.0, 0.0, 0.0, 0.0, 0.0, 0.0, 0.0, 0.0, 0.0, 0.0, 3.1415927410125732, 3.1415927410125732, 3.1415927410125732, 3.1415927410125732, 3.1415927410125732, 3.1415927410125732, 3.1415927410125732, 3.1415927410125732, 0.0, 0.0, 0.0, 0.0, 0.0, 0.0, 0.0, 0.0, 0.0, 0.0, 0.0, 0.0, 0.0, 0.0, 0.0, 0.0, 0.0, 0.0, 0.0, 0.0, 0.0, 0.0, 0.0, 0.0, 3.1415927410125732, 3.1415927410125732, 3.1415927410125732, 3.1415927410125732, 3.1415927410125732, 3.1415927410125732, 3.1415927410125732, 3.1415927410125732, 0.0, 0.0, 0.0, 0.0, 0.0, 0.0, 0.0, 0.0, 0.0, 0.0, 0.0, 0.0, 0.0, 0.0, 0.0, 0.0]"
0.6088365,0.15223686,0.15219523,0.15220979,0.15219462,0.15220913,-9.53539467,-9.53664207,-9.53620815,-9.53666496,"[3.1415927410125732, 3.1415927410125732, 3.1415927410125732, 3.1415927410125732, 3.1415927410125732, 3.1415927410125732, 3.1415927410125732, 3.1415927410125732, 3.1415927410125732, 3.1415927410125732, 3.1415927410125732, 3.1415927410125732, 3.1415927410125732, 3.1415927410125732, 3.1415927410125732, 3.1415927410125732, 3.1415927410125732, 3.1415927410125732, 3.1415927410125732, 3.1415927410125732, 3.1415927410125732, 3.1415927410125732, 3.1415927410125732, 3.1415927410125732, 3.1415927410125732, 3.1415927410125732, 3.1415927410125732, 3.1415927410125732, 3.1415927410125732, 3.1415927410125732, 3.1415927410125732, 3.1415927410125732, 3.1415927410125732, 3.1415927410125732, 3.1415927410125732, 3.1415927410125732, 3.1415927410125732, 3.1415927410125732, 3.1415927410125732, 3.1415927410125732, 3.1415927410125732, 3.1415927410125732, 3.1415927410125732, 3.1415927410125732, 3.1415927410125732, 3.1415927410125732, 3.1415927410125732, 3.1415927410125732, 3.1415927410125732, 3.1415927410125732, 3.1415927410125732, 3.1415927410125732, 3.1415927410125732, 3.1415927410125732, 3.1415927410125732, 3.1415927410125732, 3.1415927410125732, 3.1415927410125732, 3.1415927410125732, 3.1415927410125732, 3.1415927410125732, 3.1415927410125732, 3.1415927410125732, 3.1415927410125732, 3.1415927410125732, 3.1415927410125732, 3.1415927410125732, 3.1415927410125732, 3.1415927410125732, 3.1415927410125732, 3.1415927410125732, 3.1415927410125732, 3.1415927410125732, 3.1415927410125732, 3.1415927410125732, 3.1415927410125732, 3.1415927410125732, 3.1415927410125732, 3.1415927410125732, 3.1415927410125732, 3.1415927410125732, 3.1415927410125732, 3.1415927410125732, 3.1415927410125732, 3.1415927410125732, 3.1415927410125732, 3.1415927410125732, 3.1415927410125732, 3.1415927410125732, 3.1415927410125732, 3.1415927410125732, 3.1415927410125732, 3.1415927410125732, 3.1415927410125732, 3.1415927410125732, 3.1415927410125732, 3.1415927410125732, 3.1415927410125732, 3.1415927410125732, 3.1415927410125732, 3.1415927410125732, 3.1415927410125732, 3.1415927410125732, 3.1415927410125732, 3.1415927410125732, 3.1415927410125732, 3.1415927410125732, 3.1415927410125732, 3.1415927410125732, 3.1415927410125732, 3.1415927410125732, 3.1415927410125732, 3.1415927410125732, 3.1415927410125732, 3.1415927410125732, 3.1415927410125732, 3.1415927410125732, 3.1415927410125732, 3.1415927410125732, 3.1415927410125732, 3.1415927410125732, 3.1415927410125732, 3.1415927410125732, 3.1415927410125732, 3.1415927410125732, 3.1415927410125732, 3.1415927410125732, 3.1415927410125732, 3.1415927410125732, 3.1415927410125732, 3.1415927410125732, 3.1415927410125732, 3.1415927410125732, 3.1415927410125732, 3.1415927410125732, 3.1415927410125732, 3.1415927410125732, 3.1415927410125732, 3.1415927410125732, 3.1415927410125732, 3.1415927410125732, 3.1415927410125732, 3.1415927410125732, 3.1415927410125732, 3.1415927410125732, 3.1415927410125732, 3.1415927410125732, 3.1415927410125732, 3.1415927410125732, 3.1415927410125732, 3.1415927410125732, 3.1415927410125732, 3.1415927410125732, 3.1415927410125732, 3.1415927410125732, 3.1415927410125732, 3.1415927410125732, 3.1415927410125732, 3.1415927410125732, 3.1415927410125732, 3.1415927410125732, 3.1415927410125732, 3.1415927410125732, 3.1415927410125732, 3.1415927410125732, 3.1415927410125732, 3.1415927410125732, 3.1415927410125732, 3.1415927410125732, 3.1415927410125732, 3.1415927410125732, 3.1415927410125732, 3.1415927410125732, 3.1415927410125732, 3.1415927410125732, 3.1415927410125732, 3.1415927410125732, 3.1415927410125732, 3.1415927410125732, 3.1415927410125732, 3.1415927410125732, 3.1415927410125732, 3.1415927410125732, 3.1415927410125732, 3.1415927410125732, 3.1415927410125732, 3.1415927410125732, 3.1415927410125732, 3.1415927410125732, 3.1415927410125732, 3.1415927410125732, 3.1415927410125732, 3.1415927410125732, 3.1415927410125732, 3.1415927410125732, 3.1415927410125732, 3.1415927410125732, 3.1415927410125732, 3.1415927410125732, 3.1415927410125732, 3.1415927410125732, 3.1415927410125732, 3.1415927410125732, 3.1415927410125732, 3.1415927410125732, 3.1415927410125732, 3.1415927410125732, 3.1415927410125732, 3.1415927410125732, 3.1415927410125732, 3.1415927410125732, 3.1415927410125732, 3.1415927410125732, 3.1415927410125732, 3.1415927410125732, 3.1415927410125732, 3.1415927410125732, 3.1415927410125732, 3.1415927410125732, 3.1415927410125732, 3.1415927410125732, 3.1415927410125732, 3.1415927410125732, 3.1415927410125732, 3.1415927410125732, 3.1415927410125732, 3.1415927410125732, 3.1415927410125732, 3.1415927410125732, 3.1415927410125732, 3.1415927410125732, 3.1415927410125732, 3.1415927410125732, 3.1415927410125732, 3.1415927410125732, 3.1415927410125732, 3.1415927410125732, 3.1415927410125732, 3.1415927410125732, 3.1415927410125732, 3.1415927410125732, 3.1415927410125732, 3.1415927410125732, 3.1415927410125732, 3.1415927410125732, 3.1415927410125732, 3.1415927410125732, 3.1415927410125732, 3.1415927410125732, 3.1415927410125732, 3.1415927410125732, 3.1415927410125732, 3.1415927410125732, 3.1415927410125732, 3.1415927410125732, 3.1415927410125732, 0.0, 0.0, 0.0, 0.0, 0.0, 0.0, 0.0, 0.0, 0.0, 0.0, 0.0, 0.0, 0.0, 0.0, 0.0, 0.0, 3.1415927410125732, 3.1415927410125732, 3.1415927410125732, 3.1415927410125732, 3.1415927410125732, 3.1415927410125732, 3.1415927410125732, 3.1415927410125732, 3.1415927410125732, 3.1415927410125732, 3.1415927410125732, 3.1415927410125732, 3.1415927410125732, 3.1415927410125732, 3.1415927410125732, 3.1415927410125732, 0.0, 0.0, 0.0, 0.0, 0.0, 0.0, 0.0, 0.0, 0.0, 0.0, 0.0, 0.0, 0.0, 0.0, 0.0, 0.0, 3.1415927410125732, 3.1415927410125732, 3.1415927410125732, 3.1415927410125732, 3.1415927410125732, 3.1415927410125732, 3.1415927410125732, 3.1415927410125732, 3.1415927410125732, 3.1415927410125732, 3.1415927410125732, 3.1415927410125732, 3.1415927410125732, 3.1415927410125732, 3.1415927410125732, 3.1415927410125732, 0.0, 0.0, 0.0, 0.0, 0.0, 0.0, 0.0, 0.0, 0.0, 0.0, 0.0, 0.0, 0.0, 0.0, 0.0, 0.0, 3.1415927410125732, 3.1415927410125732, 3.1415927410125732, 3.1415927410125732, 3.1415927410125732, 3.1415927410125732, 3.1415927410125732, 3.1415927410125732, 3.1415927410125732, 3.1415927410125732, 3.1415927410125732, 3.1415927410125732, 3.1415927410125732, 3.1415927410125732, 3.1415927410125732, 3.1415927410125732, 0.0, 0.0, 0.0, 0.0, 0.0, 0.0, 0.0, 0.0, 0.0, 0.0, 0.0, 0.0, 0.0, 0.0, 0.0, 0.0, 3.1415927410125732, 3.1415927410125732, 3.1415927410125732, 3.1415927410125732, 3.1415927410125732, 3.1415927410125732, 3.1415927410125732, 3.1415927410125732, 3.1415927410125732, 3.1415927410125732, 3.1415927410125732, 3.1415927410125732, 3.1415927410125732, 3.1415927410125732, 3.1415927410125732, 3.1415927410125732, 0.0, 0.0, 0.0, 0.0, 0.0, 0.0, 0.0, 0.0, 0.0, 0.0, 0.0, 0.0, 0.0, 0.0, 0.0, 0.0, 3.1415927410125732, 3.1415927410125732, 3.1415927410125732, 3.1415927410125732, 3.1415927410125732, 3.1415927410125732, 3.1415927410125732, 3.1415927410125732, 3.1415927410125732, 3.1415927410125732, 3.1415927410125732, 3.1415927410125732, 3.1415927410125732, 3.1415927410125732, 3.1415927410125732, 3.1415927410125732, 0.0, 0.0, 0.0, 0.0, 0.0, 0.0, 0.0, 0.0, 0.0, 0.0, 0.0, 0.0, 0.0, 0.0, 0.0, 0.0, 3.1415927410125732, 3.1415927410125732, 3.1415927410125732, 3.1415927410125732, 3.1415927410125732, 3.1415927410125732, 3.1415927410125732, 3.1415927410125732, 3.1415927410125732, 3.1415927410125732, 3.1415927410125732, 3.1415927410125732, 3.1415927410125732, 3.1415927410125732, 3.1415927410125732, 3.1415927410125732, 0.0, 0.0, 0.0, 0.0, 0.0, 0.0, 0.0, 0.0, 0.0, 0.0, 0.0, 0.0, 0.0, 0.0, 0.0, 0.0, 3.1415927410125732, 3.1415927410125732, 3.1415927410125732, 3.1415927410125732, 3.1415927410125732, 3.1415927410125732, 3.1415927410125732, 3.1415927410125732, 3.1415927410125732, 3.1415927410125732, 3.1415927410125732, 3.1415927410125732, 3.1415927410125732, 3.1415927410125732, 3.1415927410125732, 3.1415927410125732, 0.0, 0.0, 0.0, 0.0, 0.0, 0.0, 0.0, 0.0, 0.0, 0.0, 0.0, 0.0, 0.0, 0.0, 0.0, 0.0, 3.1415927410125732, 3.1415927410125732, 3.1415927410125732, 3.1415927410125732, 3.1415927410125732, 3.1415927410125732, 3.1415927410125732, 3.1415927410125732, 3.1415927410125732, 3.1415927410125732, 3.1415927410125732, 3.1415927410125732, 3.1415927410125732, 3.1415927410125732, 3.1415927410125732, 3.1415927410125732, 0.0, 0.0, 0.0, 0.0, 0.0, 0.0, 0.0, 0.0, 0.0, 0.0, 0.0, 0.0, 0.0, 0.0, 0.0, 0.0, 0.0, 0.0, 0.0, 0.0, 0.0, 0.0, 0.0, 0.0, 0.0, 0.0, 0.0, 0.0, 0.0, 0.0, 0.0, 0.0, 0.0, 0.0, 0.0, 0.0, 0.0, 0.0, 0.0, 0.0, 0.0, 0.0, 0.0, 0.0, 0.0, 0.0, 0.0, 0.0, 0.0, 0.0, 0.0, 0.0, 0.0, 0.0, 0.0, 0.0, 0.0, 0.0, 0.0, 0.0, 0.0, 0.0, 0.0, 0.0, 0.0, 0.0, 0.0, 0.0, 0.0, 0.0, 0.0, 0.0, 0.0, 0.0, 0.0, 0.0, 0.0, 0.0, 0.0, 0.0, 0.0, 0.0, 0.0, 0.0, 0.0, 0.0, 0.0, 0.0, 0.0, 0.0, 0.0, 0.0, 0.0, 0.0, 0.0, 0.0, 0.0, 0.0, 0.0, 0.0, 0.0, 0.0, 0.0, 0.0, 0.0, 0.0, 0.0, 0.0, 0.0, 0.0, 0.0, 0.0, 0.0, 0.0, 0.0, 0.0, 0.0, 0.0, 0.0, 0.0, 0.0, 0.0, 0.0, 0.0, 0.0, 0.0, 0.0, 0.0, 0.0, 0.0, 0.0, 0.0, 0.0, 0.0, 0.0, 0.0, 0.0, 0.0, 0.0, 0.0, 0.0, 0.0, 0.0, 0.0, 0.0, 0.0, 0.0, 0.0, 0.0, 0.0, 0.0, 0.0, 0.0, 0.0, 0.0, 0.0, 0.0, 0.0, 0.0, 0.0, 0.0, 0.0, 0.0, 0.0, 0.0, 0.0, 0.0, 0.0, 0.0, 0.0, 0.0, 0.0, 0.0, 0.0, 0.0, 0.0, 0.0, 0.0, 0.0, 0.0, 0.0, 0.0, 0.0, 0.0, 0.0, 0.0, 0.0, 0.0, 0.0, 0.0, 0.0, 0.0, 0.0, 0.0, 0.0, 0.0, 0.0, 0.0, 0.0, 0.0, 0.0, 0.0, 0.0, 0.0, 0.0, 0.0, 0.0, 0.0, 0.0, 0.0, 0.0, 0.0, 0.0, 0.0, 0.0, 0.0, 0.0, 0.0, 0.0, 0.0, 0.0, 0.0, 0.0, 0.0, 0.0, 0.0, 0.0, 0.0, 0.0, 0.0, 0.0, 0.0, 0.0, 0.0, 0.0, 0.0, 0.0, 0.0, 0.0, 0.0, 0.0, 0.0, 0.0, 0.0, 0.0, 0.0, 0.0, 0.0, 0.0, 0.0, 0.0, 0.0, 0.0, 0.0, 0.0, 0.0, 0.0, 0.0, 0.0, 0.0, 0.0, 0.0, 0.0, 0.0, 3.1415927410125732, 3.1415927410125732, 3.1415927410125732, 3.1415927410125732, 3.1415927410125732, 3.1415927410125732, 3.1415927410125732, 3.1415927410125732, 0.0, 0.0, 0.0, 0.0, 0.0, 0.0, 0.0, 0.0, 0.0, 0.0, 0.0, 0.0, 0.0, 0.0, 0.0, 0.0, 0.0, 0.0, 0.0, 0.0, 0.0, 0.0, 0.0, 0.0, 3.1415927410125732, 3.1415927410125732, 3.1415927410125732, 3.1415927410125732, 3.1415927410125732, 3.1415927410125732, 3.1415927410125732, 3.1415927410125732, 0.0, 0.0, 0.0, 0.0, 0.0, 0.0, 0.0, 0.0, 0.0, 0.0, 0.0, 0.0, 0.0, 0.0, 0.0, 0.0, 0.0, 0.0, 0.0, 0.0, 0.0, 0.0, 0.0, 0.0, 3.1415927410125732, 3.1415927410125732, 3.1415927410125732, 3.1415927410125732, 3.1415927410125732, 3.1415927410125732, 3.1415927410125732, 3.1415927410125732, 0.0, 0.0, 0.0, 0.0, 0.0, 0.0, 0.0, 0.0, 0.0, 0.0, 0.0, 0.0, 0.0, 0.0, 0.0, 0.0, 0.0, 0.0, 0.0, 0.0, 0.0, 0.0, 0.0, 0.0, 3.1415927410125732, 3.1415927410125732, 3.1415927410125732, 3.1415927410125732, 3.1415927410125732, 3.1415927410125732, 3.1415927410125732, 3.1415927410125732, 0.0, 0.0, 0.0, 0.0, 0.0, 0.0, 0.0, 0.0, 0.0, 0.0, 0.0, 0.0, 0.0, 0.0, 0.0, 0.0, 0.0, 0.0, 0.0, 0.0, 0.0, 0.0, 0.0, 0.0, 3.1415927410125732, 3.1415927410125732, 3.1415927410125732, 3.1415927410125732, 3.1415927410125732, 3.1415927410125732, 3.1415927410125732, 3.1415927410125732, 0.0, 0.0, 0.0, 0.0, 0.0, 0.0, 0.0, 0.0, 0.0, 0.0, 0.0, 0.0, 0.0, 0.0, 0.0, 0.0, 0.0, 0.0, 0.0, 0.0, 0.0, 0.0, 0.0, 0.0, 3.1415927410125732, 3.1415927410125732, 3.1415927410125732, 3.1415927410125732, 3.1415927410125732, 3.1415927410125732, 3.1415927410125732, 3.1415927410125732, 0.0, 0.0, 0.0, 0.0, 0.0, 0.0, 0.0, 0.0, 0.0, 0.0, 0.0, 0.0, 0.0, 0.0, 0.0, 0.0, 0.0, 0.0, 0.0, 0.0, 0.0, 0.0, 0.0, 0.0, 3.1415927410125732, 3.1415927410125732, 3.1415927410125732, 3.1415927410125732, 3.1415927410125732, 3.1415927410125732, 3.1415927410125732, 3.1415927410125732, 0.0, 0.0, 0.0, 0.0, 0.0, 0.0, 0.0, 0.0, 0.0, 0.0, 0.0, 0.0, 0.0, 0.0, 0.0, 0.0, 0.0, 0.0, 0.0, 0.0, 0.0, 0.0, 0.0, 0.0, 3.1415927410125732, 3.1415927410125732, 3.1415927410125732, 3.1415927410125732, 3.1415927410125732, 3.1415927410125732, 3.1415927410125732, 3.1415927410125732, 0.0, 0.0, 0.0, 0.0, 0.0, 0.0, 0.0, 0.0, 0.0, 0.0, 0.0, 0.0, 0.0, 0.0, 0.0, 0.0]"
0.6088365,0.15223686,0.15219523,0.15220979,0.15219462,0.15220913,-9.53539467,-9.53664207,-9.53620815,-9.53666496,"[3.1415927410125732, 3.1415927410125732, 3.1415927410125732, 3.1415927410125732, 3.1415927410125732, 3.1415927410125732, 3.1415927410125732, 3.1415927410125732, 3.1415927410125732, 3.1415927410125732, 3.1415927410125732, 3.1415927410125732, 3.1415927410125732, 3.1415927410125732, 3.1415927410125732, 3.1415927410125732, 3.1415927410125732, 3.1415927410125732, 3.1415927410125732, 3.1415927410125732, 3.1415927410125732, 3.1415927410125732, 3.1415927410125732, 3.1415927410125732, 3.1415927410125732, 3.1415927410125732, 3.1415927410125732, 3.1415927410125732, 3.1415927410125732, 3.1415927410125732, 3.1415927410125732, 3.1415927410125732, 3.1415927410125732, 3.1415927410125732, 3.1415927410125732, 3.1415927410125732, 3.1415927410125732, 3.1415927410125732, 3.1415927410125732, 3.1415927410125732, 3.1415927410125732, 3.1415927410125732, 3.1415927410125732, 3.1415927410125732, 3.1415927410125732, 3.1415927410125732, 3.1415927410125732, 3.1415927410125732, 3.1415927410125732, 3.1415927410125732, 3.1415927410125732, 3.1415927410125732, 3.1415927410125732, 3.1415927410125732, 3.1415927410125732, 3.1415927410125732, 3.1415927410125732, 3.1415927410125732, 3.1415927410125732, 3.1415927410125732, 3.1415927410125732, 3.1415927410125732, 3.1415927410125732, 3.1415927410125732, 3.1415927410125732, 3.1415927410125732, 3.1415927410125732, 3.1415927410125732, 3.1415927410125732, 3.1415927410125732, 3.1415927410125732, 3.1415927410125732, 3.1415927410125732, 3.1415927410125732, 3.1415927410125732, 3.1415927410125732, 3.1415927410125732, 3.1415927410125732, 3.1415927410125732, 3.1415927410125732, 3.1415927410125732, 3.1415927410125732, 3.1415927410125732, 3.1415927410125732, 3.1415927410125732, 3.1415927410125732, 3.1415927410125732, 3.1415927410125732, 3.1415927410125732, 3.1415927410125732, 3.1415927410125732, 3.1415927410125732, 3.1415927410125732, 3.1415927410125732, 3.1415927410125732, 3.1415927410125732, 3.1415927410125732, 3.1415927410125732, 3.1415927410125732, 3.1415927410125732, 3.1415927410125732, 3.1415927410125732, 3.1415927410125732, 3.1415927410125732, 3.1415927410125732, 3.1415927410125732, 3.1415927410125732, 3.1415927410125732, 3.1415927410125732, 3.1415927410125732, 3.1415927410125732, 3.1415927410125732, 3.1415927410125732, 3.1415927410125732, 3.1415927410125732, 3.1415927410125732, 3.1415927410125732, 3.1415927410125732, 3.1415927410125732, 3.1415927410125732, 3.1415927410125732, 3.1415927410125732, 3.1415927410125732, 3.1415927410125732, 3.1415927410125732, 3.1415927410125732, 3.1415927410125732, 3.1415927410125732, 3.1415927410125732, 3.1415927410125732, 3.1415927410125732, 3.1415927410125732, 3.1415927410125732, 3.1415927410125732, 3.1415927410125732, 3.1415927410125732, 3.1415927410125732, 3.1415927410125732, 3.1415927410125732, 3.1415927410125732, 3.1415927410125732, 3.1415927410125732, 3.1415927410125732, 3.1415927410125732, 3.1415927410125732, 3.1415927410125732, 3.1415927410125732, 3.1415927410125732, 3.1415927410125732, 3.1415927410125732, 3.1415927410125732, 3.1415927410125732, 3.1415927410125732, 3.1415927410125732, 3.1415927410125732, 3.1415927410125732, 3.1415927410125732, 3.1415927410125732, 3.1415927410125732, 3.1415927410125732, 3.1415927410125732, 3.1415927410125732, 3.1415927410125732, 3.1415927410125732, 3.1415927410125732, 3.1415927410125732, 3.1415927410125732, 3.1415927410125732, 3.1415927410125732, 3.1415927410125732, 3.1415927410125732, 3.1415927410125732, 3.1415927410125732, 3.1415927410125732, 3.1415927410125732, 3.1415927410125732, 3.1415927410125732, 3.1415927410125732, 3.1415927410125732, 3.1415927410125732, 3.1415927410125732, 3.1415927410125732, 3.1415927410125732, 3.1415927410125732, 3.1415927410125732, 3.1415927410125732, 3.1415927410125732, 3.1415927410125732, 3.1415927410125732, 3.1415927410125732, 3.1415927410125732, 3.1415927410125732, 3.1415927410125732, 3.1415927410125732, 3.1415927410125732, 3.1415927410125732, 3.1415927410125732, 3.1415927410125732, 3.1415927410125732, 3.1415927410125732, 3.1415927410125732, 3.1415927410125732, 3.1415927410125732, 3.1415927410125732, 3.1415927410125732, 3.1415927410125732, 3.1415927410125732, 3.1415927410125732, 3.1415927410125732, 3.1415927410125732, 3.1415927410125732, 3.1415927410125732, 3.1415927410125732, 3.1415927410125732, 3.1415927410125732, 3.1415927410125732, 3.1415927410125732, 3.1415927410125732, 3.1415927410125732, 3.1415927410125732, 3.1415927410125732, 3.1415927410125732, 3.1415927410125732, 3.1415927410125732, 3.1415927410125732, 3.1415927410125732, 3.1415927410125732, 3.1415927410125732, 3.1415927410125732, 3.1415927410125732, 3.1415927410125732, 3.1415927410125732, 3.1415927410125732, 3.1415927410125732, 3.1415927410125732, 3.1415927410125732, 3.1415927410125732, 3.1415927410125732, 3.1415927410125732, 3.1415927410125732, 3.1415927410125732, 3.1415927410125732, 3.1415927410125732, 3.1415927410125732, 3.1415927410125732, 3.1415927410125732, 3.1415927410125732, 3.1415927410125732, 3.1415927410125732, 3.1415927410125732, 3.1415927410125732, 3.1415927410125732, 3.1415927410125732, 3.1415927410125732, 3.1415927410125732, 3.1415927410125732, 0.0, 0.0, 0.0, 0.0, 0.0, 0.0, 0.0, 0.0, 0.0, 0.0, 0.0, 0.0, 0.0, 0.0, 0.0, 0.0, 3.1415927410125732, 3.1415927410125732, 3.1415927410125732, 3.1415927410125732, 3.1415927410125732, 3.1415927410125732, 3.1415927410125732, 3.1415927410125732, 3.1415927410125732, 3.1415927410125732, 3.1415927410125732, 3.1415927410125732, 3.1415927410125732, 3.1415927410125732, 3.1415927410125732, 3.1415927410125732, 0.0, 0.0, 0.0, 0.0, 0.0, 0.0, 0.0, 0.0, 0.0, 0.0, 0.0, 0.0, 0.0, 0.0, 0.0, 0.0, 3.1415927410125732, 3.1415927410125732, 3.1415927410125732, 3.1415927410125732, 3.1415927410125732, 3.1415927410125732, 3.1415927410125732, 3.1415927410125732, 3.1415927410125732, 3.1415927410125732, 3.1415927410125732, 3.1415927410125732, 3.1415927410125732, 3.1415927410125732, 3.1415927410125732, 3.1415927410125732, 0.0, 0.0, 0.0, 0.0, 0.0, 0.0, 0.0, 0.0, 0.0, 0.0, 0.0, 0.0, 0.0, 0.0, 0.0, 0.0, 3.1415927410125732, 3.1415927410125732, 3.1415927410125732, 3.1415927410125732, 3.1415927410125732, 3.1415927410125732, 3.1415927410125732, 3.1415927410125732, 3.1415927410125732, 3.1415927410125732, 3.1415927410125732, 3.1415927410125732, 3.1415927410125732, 3.1415927410125732, 3.1415927410125732, 3.1415927410125732, 0.0, 0.0, 0.0, 0.0, 0.0, 0.0, 0.0, 0.0, 0.0, 0.0, 0.0, 0.0, 0.0, 0.0, 0.0, 0.0, 3.1415927410125732, 3.1415927410125732, 3.1415927410125732, 3.1415927410125732, 3.1415927410125732, 3.1415927410125732, 3.1415927410125732, 3.1415927410125732, 3.1415927410125732, 3.1415927410125732, 3.1415927410125732, 3.1415927410125732, 3.1415927410125732, 3.1415927410125732, 3.1415927410125732, 3.1415927410125732, 0.0, 0.0, 0.0, 0.0, 0.0, 0.0, 0.0, 0.0, 0.0, 0.0, 0.0, 0.0, 0.0, 0.0, 0.0, 0.0, 3.1415927410125732, 3.1415927410125732, 3.1415927410125732, 3.1415927410125732, 3.1415927410125732, 3.1415927410125732, 3.1415927410125732, 3.1415927410125732, 3.1415927410125732, 3.1415927410125732, 3.1415927410125732, 3.1415927410125732, 3.1415927410125732, 3.1415927410125732, 3.1415927410125732, 3.1415927410125732, 0.0, 0.0, 0.0, 0.0, 0.0, 0.0, 0.0, 0.0, 0.0, 0.0, 0.0, 0.0, 0.0, 0.0, 0.0, 0.0, 3.1415927410125732, 3.1415927410125732, 3.1415927410125732, 3.1415927410125732, 3.1415927410125732, 3.1415927410125732, 3.1415927410125732, 3.1415927410125732, 3.1415927410125732, 3.1415927410125732, 3.1415927410125732, 3.1415927410125732, 3.1415927410125732, 3.1415927410125732, 3.1415927410125732, 3.1415927410125732, 0.0, 0.0, 0.0, 0.0, 0.0, 0.0, 0.0, 0.0, 0.0, 0.0, 0.0, 0.0, 0.0, 0.0, 0.0, 0.0, 3.1415927410125732, 3.1415927410125732, 3.1415927410125732, 3.1415927410125732, 3.1415927410125732, 3.1415927410125732, 3.1415927410125732, 3.1415927410125732, 3.1415927410125732, 3.1415927410125732, 3.1415927410125732, 3.1415927410125732, 3.1415927410125732, 3.1415927410125732, 3.1415927410125732, 3.1415927410125732, 0.0, 0.0, 0.0, 0.0, 0.0, 0.0, 0.0, 0.0, 0.0, 0.0, 0.0, 0.0, 0.0, 0.0, 0.0, 0.0, 3.1415927410125732, 3.1415927410125732, 3.1415927410125732, 3.1415927410125732, 3.1415927410125732, 3.1415927410125732, 3.1415927410125732, 3.1415927410125732, 3.1415927410125732, 3.1415927410125732, 3.1415927410125732, 3.1415927410125732, 3.1415927410125732, 3.1415927410125732, 3.1415927410125732, 3.1415927410125732, 0.0, 0.0, 0.0, 0.0, 0.0, 0.0, 0.0, 0.0, 0.0, 0.0, 0.0, 0.0, 0.0, 0.0, 0.0, 0.0, 0.0, 0.0, 0.0, 0.0, 0.0, 0.0, 0.0, 0.0, 0.0, 0.0, 0.0, 0.0, 0.0, 0.0, 0.0, 0.0, 0.0, 0.0, 0.0, 0.0, 0.0, 0.0, 0.0, 0.0, 0.0, 0.0, 0.0, 0.0, 0.0, 0.0, 0.0, 0.0, 0.0, 0.0, 0.0, 0.0, 0.0, 0.0, 0.0, 0.0, 0.0, 0.0, 0.0, 0.0, 0.0, 0.0, 0.0, 0.0, 0.0, 0.0, 0.0, 0.0, 0.0, 0.0, 0.0, 0.0, 0.0, 0.0, 0.0, 0.0, 0.0, 0.0, 0.0, 0.0, 0.0, 0.0, 0.0, 0.0, 0.0, 0.0, 0.0, 0.0, 0.0, 0.0, 0.0, 0.0, 0.0, 0.0, 0.0, 0.0, 0.0, 0.0, 0.0, 0.0, 0.0, 0.0, 0.0, 0.0, 0.0, 0.0, 0.0, 0.0, 0.0, 0.0, 0.0, 0.0, 0.0, 0.0, 0.0, 0.0, 0.0, 0.0, 0.0, 0.0, 0.0, 0.0, 0.0, 0.0, 0.0, 0.0, 0.0, 0.0, 0.0, 0.0, 0.0, 0.0, 0.0, 0.0, 0.0, 0.0, 0.0, 0.0, 0.0, 0.0, 0.0, 0.0, 0.0, 0.0, 0.0, 0.0, 0.0, 0.0, 0.0, 0.0, 0.0, 0.0, 0.0, 0.0, 0.0, 0.0, 0.0, 0.0, 0.0, 0.0, 0.0, 0.0, 0.0, 0.0, 0.0, 0.0, 0.0, 0.0, 0.0, 0.0, 0.0, 0.0, 0.0, 0.0, 0.0, 0.0, 0.0, 0.0, 0.0, 0.0, 0.0, 0.0, 0.0, 0.0, 0.0, 0.0, 0.0, 0.0, 0.0, 0.0, 0.0, 0.0, 0.0, 0.0, 0.0, 0.0, 0.0, 0.0, 0.0, 0.0, 0.0, 0.0, 0.0, 0.0, 0.0, 0.0, 0.0, 0.0, 0.0, 0.0, 0.0, 0.0, 0.0, 0.0, 0.0, 0.0, 0.0, 0.0, 0.0, 0.0, 0.0, 0.0, 0.0, 0.0, 0.0, 0.0, 0.0, 0.0, 0.0, 0.0, 0.0, 0.0, 0.0, 0.0, 0.0, 0.0, 0.0, 0.0, 0.0, 0.0, 0.0, 0.0, 0.0, 0.0, 0.0, 0.0, 0.0, 0.0, 0.0, 0.0, 0.0, 0.0, 0.0, 0.0, 0.0, 0.0, 0.0, 0.0, 0.0, 0.0, 0.0, 0.0, 0.0, 0.0, 3.1415927410125732, 3.1415927410125732, 3.1415927410125732, 3.1415927410125732, 3.1415927410125732, 3.1415927410125732, 3.1415927410125732, 3.1415927410125732, 0.0, 0.0, 0.0, 0.0, 0.0, 0.0, 0.0, 0.0, 0.0, 0.0, 0.0, 0.0, 0.0, 0.0, 0.0, 0.0, 0.0, 0.0, 0.0, 0.0, 0.0, 0.0, 0.0, 0.0, 3.1415927410125732, 3.1415927410125732, 3.1415927410125732, 3.1415927410125732, 3.1415927410125732, 3.1415927410125732, 3.1415927410125732, 3.1415927410125732, 0.0, 0.0, 0.0, 0.0, 0.0, 0.0, 0.0, 0.0, 0.0, 0.0, 0.0, 0.0, 0.0, 0.0, 0.0, 0.0, 0.0, 0.0, 0.0, 0.0, 0.0, 0.0, 0.0, 0.0, 3.1415927410125732, 3.1415927410125732, 3.1415927410125732, 3.1415927410125732, 3.1415927410125732, 3.1415927410125732, 3.1415927410125732, 3.1415927410125732, 0.0, 0.0, 0.0, 0.0, 0.0, 0.0, 0.0, 0.0, 0.0, 0.0, 0.0, 0.0, 0.0, 0.0, 0.0, 0.0, 0.0, 0.0, 0.0, 0.0, 0.0, 0.0, 0.0, 0.0, 3.1415927410125732, 3.1415927410125732, 3.1415927410125732, 3.1415927410125732, 3.1415927410125732, 3.1415927410125732, 3.1415927410125732, 3.1415927410125732, 0.0, 0.0, 0.0, 0.0, 0.0, 0.0, 0.0, 0.0, 0.0, 0.0, 0.0, 0.0, 0.0, 0.0, 0.0, 0.0, 0.0, 0.0, 0.0, 0.0, 0.0, 0.0, 0.0, 0.0, 3.1415927410125732, 3.1415927410125732, 3.1415927410125732, 3.1415927410125732, 3.1415927410125732, 3.1415927410125732, 3.1415927410125732, 3.1415927410125732, 0.0, 0.0, 0.0, 0.0, 0.0, 0.0, 0.0, 0.0, 0.0, 0.0, 0.0, 0.0, 0.0, 0.0, 0.0, 0.0, 0.0, 0.0, 0.0, 0.0, 0.0, 0.0, 0.0, 0.0, 3.1415927410125732, 3.1415927410125732, 3.1415927410125732, 3.1415927410125732, 3.1415927410125732, 3.1415927410125732, 3.1415927410125732, 3.1415927410125732, 0.0, 0.0, 0.0, 0.0, 0.0, 0.0, 0.0, 0.0, 0.0, 0.0, 0.0, 0.0, 0.0, 0.0, 0.0, 0.0, 0.0, 0.0, 0.0, 0.0, 0.0, 0.0, 0.0, 0.0, 3.1415927410125732, 3.1415927410125732, 3.1415927410125732, 3.1415927410125732, 3.1415927410125732, 3.1415927410125732, 3.1415927410125732, 3.1415927410125732, 0.0, 0.0, 0.0, 0.0, 0.0, 0.0, 0.0, 0.0, 0.0, 0.0, 0.0, 0.0, 0.0, 0.0, 0.0, 0.0, 0.0, 0.0, 0.0, 0.0, 0.0, 0.0, 0.0, 0.0, 3.1415927410125732, 3.1415927410125732, 3.1415927410125732, 3.1415927410125732, 3.1415927410125732, 3.1415927410125732, 3.1415927410125732, 3.1415927410125732, 0.0, 0.0, 0.0, 0.0, 0.0, 0.0, 0.0, 0.0, 0.0, 0.0, 0.0, 0.0, 0.0, 0.0, 0.0, 0.0]"
0.6088365,0.15223686,0.15219523,0.15220979,0.15219462,0.15220913,-9.53539467,-9.53664207,-9.53620815,-9.53666496,"[3.1415927410125732, 3.1415927410125732, 3.1415927410125732, 3.1415927410125732, 3.1415927410125732, 3.1415927410125732, 3.1415927410125732, 3.1415927410125732, 3.1415927410125732, 3.1415927410125732, 3.1415927410125732, 3.1415927410125732, 3.1415927410125732, 3.1415927410125732, 3.1415927410125732, 3.1415927410125732, 3.1415927410125732, 3.1415927410125732, 3.1415927410125732, 3.1415927410125732, 3.1415927410125732, 3.1415927410125732, 3.1415927410125732, 3.1415927410125732, 3.1415927410125732, 3.1415927410125732, 3.1415927410125732, 3.1415927410125732, 3.1415927410125732, 3.1415927410125732, 3.1415927410125732, 3.1415927410125732, 3.1415927410125732, 3.1415927410125732, 3.1415927410125732, 3.1415927410125732, 3.1415927410125732, 3.1415927410125732, 3.1415927410125732, 3.1415927410125732, 3.1415927410125732, 3.1415927410125732, 3.1415927410125732, 3.1415927410125732, 3.1415927410125732, 3.1415927410125732, 3.1415927410125732, 3.1415927410125732, 3.1415927410125732, 3.1415927410125732, 3.1415927410125732, 3.1415927410125732, 3.1415927410125732, 3.1415927410125732, 3.1415927410125732, 3.1415927410125732, 3.1415927410125732, 3.1415927410125732, 3.1415927410125732, 3.1415927410125732, 3.1415927410125732, 3.1415927410125732, 3.1415927410125732, 3.1415927410125732, 3.1415927410125732, 3.1415927410125732, 3.1415927410125732, 3.1415927410125732, 3.1415927410125732, 3.1415927410125732, 3.1415927410125732, 3.1415927410125732, 3.1415927410125732, 3.1415927410125732, 3.1415927410125732, 3.1415927410125732, 3.1415927410125732, 3.1415927410125732, 3.1415927410125732, 3.1415927410125732, 3.1415927410125732, 3.1415927410125732, 3.1415927410125732, 3.1415927410125732, 3.1415927410125732, 3.1415927410125732, 3.1415927410125732, 3.1415927410125732, 3.1415927410125732, 3.1415927410125732, 3.1415927410125732, 3.1415927410125732, 3.1415927410125732, 3.1415927410125732, 3.1415927410125732, 3.1415927410125732, 3.1415927410125732, 3.1415927410125732, 3.1415927410125732, 3.1415927410125732, 3.1415927410125732, 3.1415927410125732, 3.1415927410125732, 3.1415927410125732, 3.1415927410125732, 3.1415927410125732, 3.1415927410125732, 3.1415927410125732, 3.1415927410125732, 3.1415927410125732, 3.1415927410125732, 3.1415927410125732, 3.1415927410125732, 3.1415927410125732, 3.1415927410125732, 3.1415927410125732, 3.1415927410125732, 3.1415927410125732, 3.1415927410125732, 3.1415927410125732, 3.1415927410125732, 3.1415927410125732, 3.1415927410125732, 3.1415927410125732, 3.1415927410125732, 3.1415927410125732, 3.1415927410125732, 3.1415927410125732, 3.1415927410125732, 3.1415927410125732, 3.1415927410125732, 3.1415927410125732, 3.1415927410125732, 3.1415927410125732, 3.1415927410125732, 3.1415927410125732, 3.1415927410125732, 3.1415927410125732, 3.1415927410125732, 3.1415927410125732, 3.1415927410125732, 3.1415927410125732, 3.1415927410125732, 3.1415927410125732, 3.1415927410125732, 3.1415927410125732, 3.1415927410125732, 3.1415927410125732, 3.1415927410125732, 3.1415927410125732, 3.1415927410125732, 3.1415927410125732, 3.1415927410125732, 3.1415927410125732, 3.1415927410125732, 3.1415927410125732, 3.1415927410125732, 3.1415927410125732, 3.1415927410125732, 3.1415927410125732, 3.1415927410125732, 3.1415927410125732, 3.1415927410125732, 3.1415927410125732, 3.1415927410125732, 3.1415927410125732, 3.1415927410125732, 3.1415927410125732, 3.1415927410125732, 3.1415927410125732, 3.1415927410125732, 3.1415927410125732, 3.1415927410125732, 3.1415927410125732, 3.1415927410125732, 3.1415927410125732, 3.1415927410125732, 3.1415927410125732, 3.1415927410125732, 3.1415927410125732, 3.1415927410125732, 3.1415927410125732, 3.1415927410125732, 3.1415927410125732, 3.1415927410125732, 3.1415927410125732, 3.1415927410125732, 3.1415927410125732, 3.1415927410125732, 3.1415927410125732, 3.1415927410125732, 3.1415927410125732, 3.1415927410125732, 3.1415927410125732, 3.1415927410125732, 3.1415927410125732, 3.1415927410125732, 3.1415927410125732, 3.1415927410125732, 3.1415927410125732, 3.1415927410125732, 3.1415927410125732, 3.1415927410125732, 3.1415927410125732, 3.1415927410125732, 3.1415927410125732, 3.1415927410125732, 3.1415927410125732, 3.1415927410125732, 3.1415927410125732, 3.1415927410125732, 3.1415927410125732, 3.1415927410125732, 3.1415927410125732, 3.1415927410125732, 3.1415927410125732, 3.1415927410125732, 3.1415927410125732, 3.1415927410125732, 3.1415927410125732, 3.1415927410125732, 3.1415927410125732, 3.1415927410125732, 3.1415927410125732, 3.1415927410125732, 3.1415927410125732, 3.1415927410125732, 3.1415927410125732, 3.1415927410125732, 3.1415927410125732, 3.1415927410125732, 3.1415927410125732, 3.1415927410125732, 3.1415927410125732, 3.1415927410125732, 3.1415927410125732, 3.1415927410125732, 3.1415927410125732, 3.1415927410125732, 3.1415927410125732, 3.1415927410125732, 3.1415927410125732, 3.1415927410125732, 3.1415927410125732, 3.1415927410125732, 3.1415927410125732, 3.1415927410125732, 3.1415927410125732, 3.1415927410125732, 3.1415927410125732, 3.1415927410125732, 3.1415927410125732, 3.1415927410125732, 3.1415927410125732, 3.1415927410125732, 3.1415927410125732, 0.0, 0.0, 0.0, 0.0, 0.0, 0.0, 0.0, 0.0, 0.0, 0.0, 0.0, 0.0, 0.0, 0.0, 0.0, 0.0, 3.1415927410125732, 3.1415927410125732, 3.1415927410125732, 3.1415927410125732, 3.1415927410125732, 3.1415927410125732, 3.1415927410125732, 3.1415927410125732, 3.1415927410125732, 3.1415927410125732, 3.1415927410125732, 3.1415927410125732, 3.1415927410125732, 3.1415927410125732, 3.1415927410125732, 3.1415927410125732, 0.0, 0.0, 0.0, 0.0, 0.0, 0.0, 0.0, 0.0, 0.0, 0.0, 0.0, 0.0, 0.0, 0.0, 0.0, 0.0, 3.1415927410125732, 3.1415927410125732, 3.1415927410125732, 3.1415927410125732, 3.1415927410125732, 3.1415927410125732, 3.1415927410125732, 3.1415927410125732, 3.1415927410125732, 3.1415927410125732, 3.1415927410125732, 3.1415927410125732, 3.1415927410125732, 3.1415927410125732, 3.1415927410125732, 3.1415927410125732, 0.0, 0.0, 0.0, 0.0, 0.0, 0.0, 0.0, 0.0, 0.0, 0.0, 0.0, 0.0, 0.0, 0.0, 0.0, 0.0, 3.1415927410125732, 3.1415927410125732, 3.1415927410125732, 3.1415927410125732, 3.1415927410125732, 3.1415927410125732, 3.1415927410125732, 3.1415927410125732, 3.1415927410125732, 3.1415927410125732, 3.1415927410125732, 3.1415927410125732, 3.1415927410125732, 3.1415927410125732, 3.1415927410125732, 3.1415927410125732, 0.0, 0.0, 0.0, 0.0, 0.0, 0.0, 0.0, 0.0, 0.0, 0.0, 0.0, 0.0, 0.0, 0.0, 0.0, 0.0, 3.1415927410125732, 3.1415927410125732, 3.1415927410125732, 3.1415927410125732, 3.1415927410125732, 3.1415927410125732, 3.1415927410125732, 3.1415927410125732, 3.1415927410125732, 3.1415927410125732, 3.1415927410125732, 3.1415927410125732, 3.1415927410125732, 3.1415927410125732, 3.1415927410125732, 3.1415927410125732, 0.0, 0.0, 0.0, 0.0, 0.0, 0.0, 0.0, 0.0, 0.0, 0.0, 0.0, 0.0, 0.0, 0.0, 0.0, 0.0, 3.1415927410125732, 3.1415927410125732, 3.1415927410125732, 3.1415927410125732, 3.1415927410125732, 3.1415927410125732, 3.1415927410125732, 3.1415927410125732, 3.1415927410125732, 3.1415927410125732, 3.1415927410125732, 3.1415927410125732, 3.1415927410125732, 3.1415927410125732, 3.1415927410125732, 3.1415927410125732, 0.0, 0.0, 0.0, 0.0, 0.0, 0.0, 0.0, 0.0, 0.0, 0.0, 0.0, 0.0, 0.0, 0.0, 0.0, 0.0, 3.1415927410125732, 3.1415927410125732, 3.1415927410125732, 3.1415927410125732, 3.1415927410125732, 3.1415927410125732, 3.1415927410125732, 3.1415927410125732, 3.1415927410125732, 3.1415927410125732, 3.1415927410125732, 3.1415927410125732, 3.1415927410125732, 3.1415927410125732, 3.1415927410125732, 3.1415927410125732, 0.0, 0.0, 0.0, 0.0, 0.0, 0.0, 0.0, 0.0, 0.0, 0.0, 0.0, 0.0, 0.0, 0.0, 0.0, 0.0, 3.1415927410125732, 3.1415927410125732, 3.1415927410125732, 3.1415927410125732, 3.1415927410125732, 3.1415927410125732, 3.1415927410125732, 3.1415927410125732, 3.1415927410125732, 3.1415927410125732, 3.1415927410125732, 3.1415927410125732, 3.1415927410125732, 3.1415927410125732, 3.1415927410125732, 3.1415927410125732, 0.0, 0.0, 0.0, 0.0, 0.0, 0.0, 0.0, 0.0, 0.0, 0.0, 0.0, 0.0, 0.0, 0.0, 0.0, 0.0, 3.1415927410125732, 3.1415927410125732, 3.1415927410125732, 3.1415927410125732, 3.1415927410125732, 3.1415927410125732, 3.1415927410125732, 3.1415927410125732, 3.1415927410125732, 3.1415927410125732, 3.1415927410125732, 3.1415927410125732, 3.1415927410125732, 3.1415927410125732, 3.1415927410125732, 3.1415927410125732, 0.0, 0.0, 0.0, 0.0, 0.0, 0.0, 0.0, 0.0, 0.0, 0.0, 0.0, 0.0, 0.0, 0.0, 0.0, 0.0, 0.0, 0.0, 0.0, 0.0, 0.0, 0.0, 0.0, 0.0, 0.0, 0.0, 0.0, 0.0, 0.0, 0.0, 0.0, 0.0, 0.0, 0.0, 0.0, 0.0, 0.0, 0.0, 0.0, 0.0, 0.0, 0.0, 0.0, 0.0, 0.0, 0.0, 0.0, 0.0, 0.0, 0.0, 0.0, 0.0, 0.0, 0.0, 0.0, 0.0, 0.0, 0.0, 0.0, 0.0, 0.0, 0.0, 0.0, 0.0, 0.0, 0.0, 0.0, 0.0, 0.0, 0.0, 0.0, 0.0, 0.0, 0.0, 0.0, 0.0, 0.0, 0.0, 0.0, 0.0, 0.0, 0.0, 0.0, 0.0, 0.0, 0.0, 0.0, 0.0, 0.0, 0.0, 0.0, 0.0, 0.0, 0.0, 0.0, 0.0, 0.0, 0.0, 0.0, 0.0, 0.0, 0.0, 0.0, 0.0, 0.0, 0.0, 0.0, 0.0, 0.0, 0.0, 0.0, 0.0, 0.0, 0.0, 0.0, 0.0, 0.0, 0.0, 0.0, 0.0, 0.0, 0.0, 0.0, 0.0, 0.0, 0.0, 0.0, 0.0, 0.0, 0.0, 0.0, 0.0, 0.0, 0.0, 0.0, 0.0, 0.0, 0.0, 0.0, 0.0, 0.0, 0.0, 0.0, 0.0, 0.0, 0.0, 0.0, 0.0, 0.0, 0.0, 0.0, 0.0, 0.0, 0.0, 0.0, 0.0, 0.0, 0.0, 0.0, 0.0, 0.0, 0.0, 0.0, 0.0, 0.0, 0.0, 0.0, 0.0, 0.0, 0.0, 0.0, 0.0, 0.0, 0.0, 0.0, 0.0, 0.0, 0.0, 0.0, 0.0, 0.0, 0.0, 0.0, 0.0, 0.0, 0.0, 0.0, 0.0, 0.0, 0.0, 0.0, 0.0, 0.0, 0.0, 0.0, 0.0, 0.0, 0.0, 0.0, 0.0, 0.0, 0.0, 0.0, 0.0, 0.0, 0.0, 0.0, 0.0, 0.0, 0.0, 0.0, 0.0, 0.0, 0.0, 0.0, 0.0, 0.0, 0.0, 0.0, 0.0, 0.0, 0.0, 0.0, 0.0, 0.0, 0.0, 0.0, 0.0, 0.0, 0.0, 0.0, 0.0, 0.0, 0.0, 0.0, 0.0, 0.0, 0.0, 0.0, 0.0, 0.0, 0.0, 0.0, 0.0, 0.0, 0.0, 0.0, 0.0, 0.0, 0.0, 0.0, 0.0, 0.0, 0.0, 0.0, 0.0, 0.0, 0.0, 0.0, 0.0, 0.0, 0.0, 0.0, 0.0, 3.1415927410125732, 3.1415927410125732, 3.1415927410125732, 3.1415927410125732, 3.1415927410125732, 3.1415927410125732, 3.1415927410125732, 3.1415927410125732, 0.0, 0.0, 0.0, 0.0, 0.0, 0.0, 0.0, 0.0, 0.0, 0.0, 0.0, 0.0, 0.0, 0.0, 0.0, 0.0, 0.0, 0.0, 0.0, 0.0, 0.0, 0.0, 0.0, 0.0, 3.1415927410125732, 3.1415927410125732, 3.1415927410125732, 3.1415927410125732, 3.1415927410125732, 3.1415927410125732, 3.1415927410125732, 3.1415927410125732, 0.0, 0.0, 0.0, 0.0, 0.0, 0.0, 0.0, 0.0, 0.0, 0.0, 0.0, 0.0, 0.0, 0.0, 0.0, 0.0, 0.0, 0.0, 0.0, 0.0, 0.0, 0.0, 0.0, 0.0, 3.1415927410125732, 3.1415927410125732, 3.1415927410125732, 3.1415927410125732, 3.1415927410125732, 3.1415927410125732, 3.1415927410125732, 3.1415927410125732, 0.0, 0.0, 0.0, 0.0, 0.0, 0.0, 0.0, 0.0, 0.0, 0.0, 0.0, 0.0, 0.0, 0.0, 0.0, 0.0, 0.0, 0.0, 0.0, 0.0, 0.0, 0.0, 0.0, 0.0, 3.1415927410125732, 3.1415927410125732, 3.1415927410125732, 3.1415927410125732, 3.1415927410125732, 3.1415927410125732, 3.1415927410125732, 3.1415927410125732, 0.0, 0.0, 0.0, 0.0, 0.0, 0.0, 0.0, 0.0, 0.0, 0.0, 0.0, 0.0, 0.0, 0.0, 0.0, 0.0, 0.0, 0.0, 0.0, 0.0, 0.0, 0.0, 0.0, 0.0, 3.1415927410125732, 3.1415927410125732, 3.1415927410125732, 3.1415927410125732, 3.1415927410125732, 3.1415927410125732, 3.1415927410125732, 3.1415927410125732, 0.0, 0.0, 0.0, 0.0, 0.0, 0.0, 0.0, 0.0, 0.0, 0.0, 0.0, 0.0, 0.0, 0.0, 0.0, 0.0, 0.0, 0.0, 0.0, 0.0, 0.0, 0.0, 0.0, 0.0, 3.1415927410125732, 3.1415927410125732, 3.1415927410125732, 3.1415927410125732, 3.1415927410125732, 3.1415927410125732, 3.1415927410125732, 3.1415927410125732, 0.0, 0.0, 0.0, 0.0, 0.0, 0.0, 0.0, 0.0, 0.0, 0.0, 0.0, 0.0, 0.0, 0.0, 0.0, 0.0, 0.0, 0.0, 0.0, 0.0, 0.0, 0.0, 0.0, 0.0, 3.1415927410125732, 3.1415927410125732, 3.1415927410125732, 3.1415927410125732, 3.1415927410125732, 3.1415927410125732, 3.1415927410125732, 3.1415927410125732, 0.0, 0.0, 0.0, 0.0, 0.0, 0.0, 0.0, 0.0, 0.0, 0.0, 0.0, 0.0, 0.0, 0.0, 0.0, 0.0, 0.0, 0.0, 0.0, 0.0, 0.0, 0.0, 0.0, 0.0, 3.1415927410125732, 3.1415927410125732, 3.1415927410125732, 3.1415927410125732, 3.1415927410125732, 3.1415927410125732, 3.1415927410125732, 3.1415927410125732, 0.0, 0.0, 0.0, 0.0, 0.0, 0.0, 0.0, 0.0, 0.0, 0.0, 0.0, 0.0, 0.0, 0.0, 0.0, 0.0]"
0.6088365,0.15223686,0.15219523,0.15220979,0.15219462,0.15220913,-9.53539467,-9.53664207,-9.53620815,-9.53666496,"[3.1415927410125732, 3.1415927410125732, 3.1415927410125732, 3.1415927410125732, 3.1415927410125732, 3.1415927410125732, 3.1415927410125732, 3.1415927410125732, 3.1415927410125732, 3.1415927410125732, 3.1415927410125732, 3.1415927410125732, 3.1415927410125732, 3.1415927410125732, 3.1415927410125732, 3.1415927410125732, 3.1415927410125732, 3.1415927410125732, 3.1415927410125732, 3.1415927410125732, 3.1415927410125732, 3.1415927410125732, 3.1415927410125732, 3.1415927410125732, 3.1415927410125732, 3.1415927410125732, 3.1415927410125732, 3.1415927410125732, 3.1415927410125732, 3.1415927410125732, 3.1415927410125732, 3.1415927410125732, 3.1415927410125732, 3.1415927410125732, 3.1415927410125732, 3.1415927410125732, 3.1415927410125732, 3.1415927410125732, 3.1415927410125732, 3.1415927410125732, 3.1415927410125732, 3.1415927410125732, 3.1415927410125732, 3.1415927410125732, 3.1415927410125732, 3.1415927410125732, 3.1415927410125732, 3.1415927410125732, 3.1415927410125732, 3.1415927410125732, 3.1415927410125732, 3.1415927410125732, 3.1415927410125732, 3.1415927410125732, 3.1415927410125732, 3.1415927410125732, 3.1415927410125732, 3.1415927410125732, 3.1415927410125732, 3.1415927410125732, 3.1415927410125732, 3.1415927410125732, 3.1415927410125732, 3.1415927410125732, 3.1415927410125732, 3.1415927410125732, 3.1415927410125732, 3.1415927410125732, 3.1415927410125732, 3.1415927410125732, 3.1415927410125732, 3.1415927410125732, 3.1415927410125732, 3.1415927410125732, 3.1415927410125732, 3.1415927410125732, 3.1415927410125732, 3.1415927410125732, 3.1415927410125732, 3.1415927410125732, 3.1415927410125732, 3.1415927410125732, 3.1415927410125732, 3.1415927410125732, 3.1415927410125732, 3.1415927410125732, 3.1415927410125732, 3.1415927410125732, 3.1415927410125732, 3.1415927410125732, 3.1415927410125732, 3.1415927410125732, 3.1415927410125732, 3.1415927410125732, 3.1415927410125732, 3.1415927410125732, 3.1415927410125732, 3.1415927410125732, 3.1415927410125732, 3.1415927410125732, 3.1415927410125732, 3.1415927410125732, 3.1415927410125732, 3.1415927410125732, 3.1415927410125732, 3.1415927410125732, 3.1415927410125732, 3.1415927410125732, 3.1415927410125732, 3.1415927410125732, 3.1415927410125732, 3.1415927410125732, 3.1415927410125732, 3.1415927410125732, 3.1415927410125732, 3.1415927410125732, 3.1415927410125732, 3.1415927410125732, 3.1415927410125732, 3.1415927410125732, 3.1415927410125732, 3.1415927410125732, 3.1415927410125732, 3.1415927410125732, 3.1415927410125732, 3.1415927410125732, 3.1415927410125732, 3.1415927410125732, 3.1415927410125732, 3.1415927410125732, 3.1415927410125732, 3.1415927410125732, 3.1415927410125732, 3.1415927410125732, 3.1415927410125732, 3.1415927410125732, 3.1415927410125732, 3.1415927410125732, 3.1415927410125732, 3.1415927410125732, 3.1415927410125732, 3.1415927410125732, 3.1415927410125732, 3.1415927410125732, 3.1415927410125732, 3.1415927410125732, 3.1415927410125732, 3.1415927410125732, 3.1415927410125732, 3.1415927410125732, 3.1415927410125732, 3.1415927410125732, 3.1415927410125732, 3.1415927410125732, 3.1415927410125732, 3.1415927410125732, 3.1415927410125732, 3.1415927410125732, 3.1415927410125732, 3.1415927410125732, 3.1415927410125732, 3.1415927410125732, 3.1415927410125732, 3.1415927410125732, 3.1415927410125732, 3.1415927410125732, 3.1415927410125732, 3.1415927410125732, 3.1415927410125732, 3.1415927410125732, 3.1415927410125732, 3.1415927410125732, 3.1415927410125732, 3.1415927410125732, 3.1415927410125732, 3.1415927410125732, 3.1415927410125732, 3.1415927410125732, 3.1415927410125732, 3.1415927410125732, 3.1415927410125732, 3.1415927410125732, 3.1415927410125732, 3.1415927410125732, 3.1415927410125732, 3.1415927410125732, 3.1415927410125732, 3.1415927410125732, 3.1415927410125732, 3.1415927410125732, 3.1415927410125732, 3.1415927410125732, 3.1415927410125732, 3.1415927410125732, 3.1415927410125732, 3.1415927410125732, 3.1415927410125732, 3.1415927410125732, 3.1415927410125732, 3.1415927410125732, 3.1415927410125732, 3.1415927410125732, 3.1415927410125732, 3.1415927410125732, 3.1415927410125732, 3.1415927410125732, 3.1415927410125732, 3.1415927410125732, 3.1415927410125732, 3.1415927410125732, 3.1415927410125732, 3.1415927410125732, 3.1415927410125732, 3.1415927410125732, 3.1415927410125732, 3.1415927410125732, 3.1415927410125732, 3.1415927410125732, 3.1415927410125732, 3.1415927410125732, 3.1415927410125732, 3.1415927410125732, 3.1415927410125732, 3.1415927410125732, 3.1415927410125732, 3.1415927410125732, 3.1415927410125732, 3.1415927410125732, 3.1415927410125732, 3.1415927410125732, 3.1415927410125732, 3.1415927410125732, 3.1415927410125732, 3.1415927410125732, 3.1415927410125732, 3.1415927410125732, 3.1415927410125732, 3.1415927410125732, 3.1415927410125732, 3.1415927410125732, 3.1415927410125732, 3.1415927410125732, 3.1415927410125732, 3.1415927410125732, 3.1415927410125732, 3.1415927410125732, 3.1415927410125732, 3.1415927410125732, 3.1415927410125732, 3.1415927410125732, 3.1415927410125732, 3.1415927410125732, 3.1415927410125732, 3.1415927410125732, 3.1415927410125732, 3.1415927410125732, 0.0, 0.0, 0.0, 0.0, 0.0, 0.0, 0.0, 0.0, 0.0, 0.0, 0.0, 0.0, 0.0, 0.0, 0.0, 0.0, 3.1415927410125732, 3.1415927410125732, 3.1415927410125732, 3.1415927410125732, 3.1415927410125732, 3.1415927410125732, 3.1415927410125732, 3.1415927410125732, 3.1415927410125732, 3.1415927410125732, 3.1415927410125732, 3.1415927410125732, 3.1415927410125732, 3.1415927410125732, 3.1415927410125732, 3.1415927410125732, 0.0, 0.0, 0.0, 0.0, 0.0, 0.0, 0.0, 0.0, 0.0, 0.0, 0.0, 0.0, 0.0, 0.0, 0.0, 0.0, 3.1415927410125732, 3.1415927410125732, 3.1415927410125732, 3.1415927410125732, 3.1415927410125732, 3.1415927410125732, 3.1415927410125732, 3.1415927410125732, 3.1415927410125732, 3.1415927410125732, 3.1415927410125732, 3.1415927410125732, 3.1415927410125732, 3.1415927410125732, 3.1415927410125732, 3.1415927410125732, 0.0, 0.0, 0.0, 0.0, 0.0, 0.0, 0.0, 0.0, 0.0, 0.0, 0.0, 0.0, 0.0, 0.0, 0.0, 0.0, 3.1415927410125732, 3.1415927410125732, 3.1415927410125732, 3.1415927410125732, 3.1415927410125732, 3.1415927410125732, 3.1415927410125732, 3.1415927410125732, 3.1415927410125732, 3.1415927410125732, 3.1415927410125732, 3.1415927410125732, 3.1415927410125732, 3.1415927410125732, 3.1415927410125732, 3.1415927410125732, 0.0, 0.0, 0.0, 0.0, 0.0, 0.0, 0.0, 0.0, 0.0, 0.0, 0.0, 0.0, 0.0, 0.0, 0.0, 0.0, 3.1415927410125732, 3.1415927410125732, 3.1415927410125732, 3.1415927410125732, 3.1415927410125732, 3.1415927410125732, 3.1415927410125732, 3.1415927410125732, 3.1415927410125732, 3.1415927410125732, 3.1415927410125732, 3.1415927410125732, 3.1415927410125732, 3.1415927410125732, 3.1415927410125732, 3.1415927410125732, 0.0, 0.0, 0.0, 0.0, 0.0, 0.0, 0.0, 0.0, 0.0, 0.0, 0.0, 0.0, 0.0, 0.0, 0.0, 0.0, 3.1415927410125732, 3.1415927410125732, 3.1415927410125732, 3.1415927410125732, 3.1415927410125732, 3.1415927410125732, 3.1415927410125732, 3.1415927410125732, 3.1415927410125732, 3.1415927410125732, 3.1415927410125732, 3.1415927410125732, 3.1415927410125732, 3.1415927410125732, 3.1415927410125732, 3.1415927410125732, 0.0, 0.0, 0.0, 0.0, 0.0, 0.0, 0.0, 0.0, 0.0, 0.0, 0.0, 0.0, 0.0, 0.0, 0.0, 0.0, 3.1415927410125732, 3.1415927410125732, 3.1415927410125732, 3.1415927410125732, 3.1415927410125732, 3.1415927410125732, 3.1415927410125732, 3.1415927410125732, 3.1415927410125732, 3.1415927410125732, 3.1415927410125732, 3.1415927410125732, 3.1415927410125732, 3.1415927410125732, 3.1415927410125732, 3.1415927410125732, 0.0, 0.0, 0.0, 0.0, 0.0, 0.0, 0.0, 0.0, 0.0, 0.0, 0.0, 0.0, 0.0, 0.0, 0.0, 0.0, 3.1415927410125732, 3.1415927410125732, 3.1415927410125732, 3.1415927410125732, 3.1415927410125732, 3.1415927410125732, 3.1415927410125732, 3.1415927410125732, 3.1415927410125732, 3.1415927410125732, 3.1415927410125732, 3.1415927410125732, 3.1415927410125732, 3.1415927410125732, 3.1415927410125732, 3.1415927410125732, 0.0, 0.0, 0.0, 0.0, 0.0, 0.0, 0.0, 0.0, 0.0, 0.0, 0.0, 0.0, 0.0, 0.0, 0.0, 0.0, 3.1415927410125732, 3.1415927410125732, 3.1415927410125732, 3.1415927410125732, 3.1415927410125732, 3.1415927410125732, 3.1415927410125732, 3.1415927410125732, 3.1415927410125732, 3.1415927410125732, 3.1415927410125732, 3.1415927410125732, 3.1415927410125732, 3.1415927410125732, 3.1415927410125732, 3.1415927410125732, 0.0, 0.0, 0.0, 0.0, 0.0, 0.0, 0.0, 0.0, 0.0, 0.0, 0.0, 0.0, 0.0, 0.0, 0.0, 0.0, 0.0, 0.0, 0.0, 0.0, 0.0, 0.0, 0.0, 0.0, 0.0, 0.0, 0.0, 0.0, 0.0, 0.0, 0.0, 0.0, 0.0, 0.0, 0.0, 0.0, 0.0, 0.0, 0.0, 0.0, 0.0, 0.0, 0.0, 0.0, 0.0, 0.0, 0.0, 0.0, 0.0, 0.0, 0.0, 0.0, 0.0, 0.0, 0.0, 0.0, 0.0, 0.0, 0.0, 0.0, 0.0, 0.0, 0.0, 0.0, 0.0, 0.0, 0.0, 0.0, 0.0, 0.0, 0.0, 0.0, 0.0, 0.0, 0.0, 0.0, 0.0, 0.0, 0.0, 0.0, 0.0, 0.0, 0.0, 0.0, 0.0, 0.0, 0.0, 0.0, 0.0, 0.0, 0.0, 0.0, 0.0, 0.0, 0.0, 0.0, 0.0, 0.0, 0.0, 0.0, 0.0, 0.0, 0.0, 0.0, 0.0, 0.0, 0.0, 0.0, 0.0, 0.0, 0.0, 0.0, 0.0, 0.0, 0.0, 0.0, 0.0, 0.0, 0.0, 0.0, 0.0, 0.0, 0.0, 0.0, 0.0, 0.0, 0.0, 0.0, 0.0, 0.0, 0.0, 0.0, 0.0, 0.0, 0.0, 0.0, 0.0, 0.0, 0.0, 0.0, 0.0, 0.0, 0.0, 0.0, 0.0, 0.0, 0.0, 0.0, 0.0, 0.0, 0.0, 0.0, 0.0, 0.0, 0.0, 0.0, 0.0, 0.0, 0.0, 0.0, 0.0, 0.0, 0.0, 0.0, 0.0, 0.0, 0.0, 0.0, 0.0, 0.0, 0.0, 0.0, 0.0, 0.0, 0.0, 0.0, 0.0, 0.0, 0.0, 0.0, 0.0, 0.0, 0.0, 0.0, 0.0, 0.0, 0.0, 0.0, 0.0, 0.0, 0.0, 0.0, 0.0, 0.0, 0.0, 0.0, 0.0, 0.0, 0.0, 0.0, 0.0, 0.0, 0.0, 0.0, 0.0, 0.0, 0.0, 0.0, 0.0, 0.0, 0.0, 0.0, 0.0, 0.0, 0.0, 0.0, 0.0, 0.0, 0.0, 0.0, 0.0, 0.0, 0.0, 0.0, 0.0, 0.0, 0.0, 0.0, 0.0, 0.0, 0.0, 0.0, 0.0, 0.0, 0.0, 0.0, 0.0, 0.0, 0.0, 0.0, 0.0, 0.0, 0.0, 0.0, 0.0, 0.0, 0.0, 0.0, 0.0, 0.0, 0.0, 0.0, 0.0, 0.0, 0.0, 0.0, 0.0, 0.0, 0.0, 0.0, 0.0, 0.0, 0.0, 0.0, 3.1415927410125732, 3.1415927410125732, 3.1415927410125732, 3.1415927410125732, 3.1415927410125732, 3.1415927410125732, 3.1415927410125732, 3.1415927410125732, 0.0, 0.0, 0.0, 0.0, 0.0, 0.0, 0.0, 0.0, 0.0, 0.0, 0.0, 0.0, 0.0, 0.0, 0.0, 0.0, 0.0, 0.0, 0.0, 0.0, 0.0, 0.0, 0.0, 0.0, 3.1415927410125732, 3.1415927410125732, 3.1415927410125732, 3.1415927410125732, 3.1415927410125732, 3.1415927410125732, 3.1415927410125732, 3.1415927410125732, 0.0, 0.0, 0.0, 0.0, 0.0, 0.0, 0.0, 0.0, 0.0, 0.0, 0.0, 0.0, 0.0, 0.0, 0.0, 0.0, 0.0, 0.0, 0.0, 0.0, 0.0, 0.0, 0.0, 0.0, 3.1415927410125732, 3.1415927410125732, 3.1415927410125732, 3.1415927410125732, 3.1415927410125732, 3.1415927410125732, 3.1415927410125732, 3.1415927410125732, 0.0, 0.0, 0.0, 0.0, 0.0, 0.0, 0.0, 0.0, 0.0, 0.0, 0.0, 0.0, 0.0, 0.0, 0.0, 0.0, 0.0, 0.0, 0.0, 0.0, 0.0, 0.0, 0.0, 0.0, 3.1415927410125732, 3.1415927410125732, 3.1415927410125732, 3.1415927410125732, 3.1415927410125732, 3.1415927410125732, 3.1415927410125732, 3.1415927410125732, 0.0, 0.0, 0.0, 0.0, 0.0, 0.0, 0.0, 0.0, 0.0, 0.0, 0.0, 0.0, 0.0, 0.0, 0.0, 0.0, 0.0, 0.0, 0.0, 0.0, 0.0, 0.0, 0.0, 0.0, 3.1415927410125732, 3.1415927410125732, 3.1415927410125732, 3.1415927410125732, 3.1415927410125732, 3.1415927410125732, 3.1415927410125732, 3.1415927410125732, 0.0, 0.0, 0.0, 0.0, 0.0, 0.0, 0.0, 0.0, 0.0, 0.0, 0.0, 0.0, 0.0, 0.0, 0.0, 0.0, 0.0, 0.0, 0.0, 0.0, 0.0, 0.0, 0.0, 0.0, 3.1415927410125732, 3.1415927410125732, 3.1415927410125732, 3.1415927410125732, 3.1415927410125732, 3.1415927410125732, 3.1415927410125732, 3.1415927410125732, 0.0, 0.0, 0.0, 0.0, 0.0, 0.0, 0.0, 0.0, 0.0, 0.0, 0.0, 0.0, 0.0, 0.0, 0.0, 0.0, 0.0, 0.0, 0.0, 0.0, 0.0, 0.0, 0.0, 0.0, 3.1415927410125732, 3.1415927410125732, 3.1415927410125732, 3.1415927410125732, 3.1415927410125732, 3.1415927410125732, 3.1415927410125732, 3.1415927410125732, 0.0, 0.0, 0.0, 0.0, 0.0, 0.0, 0.0, 0.0, 0.0, 0.0, 0.0, 0.0, 0.0, 0.0, 0.0, 0.0, 0.0, 0.0, 0.0, 0.0, 0.0, 0.0, 0.0, 0.0, 3.1415927410125732, 3.1415927410125732, 3.1415927410125732, 3.1415927410125732, 3.1415927410125732, 3.1415927410125732, 3.1415927410125732, 3.1415927410125732, 0.0, 0.0, 0.0, 0.0, 0.0, 0.0, 0.0, 0.0, 0.0, 0.0, 0.0, 0.0, 0.0, 0.0, 0.0, 0.0]"
0.6088365,0.15223686,0.15219523,0.15220979,0.15219462,0.15220913,-9.53539467,-9.53664207,-9.53620815,-9.53666496,"[3.1415927410125732, 3.1415927410125732, 3.1415927410125732, 3.1415927410125732, 3.1415927410125732, 3.1415927410125732, 3.1415927410125732, 3.1415927410125732, 3.1415927410125732, 3.1415927410125732, 3.1415927410125732, 3.1415927410125732, 3.1415927410125732, 3.1415927410125732, 3.1415927410125732, 3.1415927410125732, 3.1415927410125732, 3.1415927410125732, 3.1415927410125732, 3.1415927410125732, 3.1415927410125732, 3.1415927410125732, 3.1415927410125732, 3.1415927410125732, 3.1415927410125732, 3.1415927410125732, 3.1415927410125732, 3.1415927410125732, 3.1415927410125732, 3.1415927410125732, 3.1415927410125732, 3.1415927410125732, 3.1415927410125732, 3.1415927410125732, 3.1415927410125732, 3.1415927410125732, 3.1415927410125732, 3.1415927410125732, 3.1415927410125732, 3.1415927410125732, 3.1415927410125732, 3.1415927410125732, 3.1415927410125732, 3.1415927410125732, 3.1415927410125732, 3.1415927410125732, 3.1415927410125732, 3.1415927410125732, 3.1415927410125732, 3.1415927410125732, 3.1415927410125732, 3.1415927410125732, 3.1415927410125732, 3.1415927410125732, 3.1415927410125732, 3.1415927410125732, 3.1415927410125732, 3.1415927410125732, 3.1415927410125732, 3.1415927410125732, 3.1415927410125732, 3.1415927410125732, 3.1415927410125732, 3.1415927410125732, 3.1415927410125732, 3.1415927410125732, 3.1415927410125732, 3.1415927410125732, 3.1415927410125732, 3.1415927410125732, 3.1415927410125732, 3.1415927410125732, 3.1415927410125732, 3.1415927410125732, 3.1415927410125732, 3.1415927410125732, 3.1415927410125732, 3.1415927410125732, 3.1415927410125732, 3.1415927410125732, 3.1415927410125732, 3.1415927410125732, 3.1415927410125732, 3.1415927410125732, 3.1415927410125732, 3.1415927410125732, 3.1415927410125732, 3.1415927410125732, 3.1415927410125732, 3.1415927410125732, 3.1415927410125732, 3.1415927410125732, 3.1415927410125732, 3.1415927410125732, 3.1415927410125732, 3.1415927410125732, 3.1415927410125732, 3.1415927410125732, 3.1415927410125732, 3.1415927410125732, 3.1415927410125732, 3.1415927410125732, 3.1415927410125732, 3.1415927410125732, 3.1415927410125732, 3.1415927410125732, 3.1415927410125732, 3.1415927410125732, 3.1415927410125732, 3.1415927410125732, 3.1415927410125732, 3.1415927410125732, 3.1415927410125732, 3.1415927410125732, 3.1415927410125732, 3.1415927410125732, 3.1415927410125732, 3.1415927410125732, 3.1415927410125732, 3.1415927410125732, 3.1415927410125732, 3.1415927410125732, 3.1415927410125732, 3.1415927410125732, 3.1415927410125732, 3.1415927410125732, 3.1415927410125732, 3.1415927410125732, 3.1415927410125732, 3.1415927410125732, 3.1415927410125732, 3.1415927410125732, 3.1415927410125732, 3.1415927410125732, 3.1415927410125732, 3.1415927410125732, 3.1415927410125732, 3.1415927410125732, 3.1415927410125732, 3.1415927410125732, 3.1415927410125732, 3.1415927410125732, 3.1415927410125732, 3.1415927410125732, 3.1415927410125732, 3.1415927410125732, 3.1415927410125732, 3.1415927410125732, 3.1415927410125732, 3.1415927410125732, 3.1415927410125732, 3.1415927410125732, 3.1415927410125732, 3.1415927410125732, 3.1415927410125732, 3.1415927410125732, 3.1415927410125732, 3.1415927410125732, 3.1415927410125732, 3.1415927410125732, 3.1415927410125732, 3.1415927410125732, 3.1415927410125732, 3.1415927410125732, 3.1415927410125732, 3.1415927410125732, 3.1415927410125732, 3.1415927410125732, 3.1415927410125732, 3.1415927410125732, 3.1415927410125732, 3.1415927410125732, 3.1415927410125732, 3.1415927410125732, 3.1415927410125732, 3.1415927410125732, 3.1415927410125732, 3.1415927410125732, 3.1415927410125732, 3.1415927410125732, 3.1415927410125732, 3.1415927410125732, 3.1415927410125732, 3.1415927410125732, 3.1415927410125732, 3.1415927410125732, 3.1415927410125732, 3.1415927410125732, 3.1415927410125732, 3.1415927410125732, 3.1415927410125732, 3.1415927410125732, 3.1415927410125732, 3.1415927410125732, 3.1415927410125732, 3.1415927410125732, 3.1415927410125732, 3.1415927410125732, 3.1415927410125732, 3.1415927410125732, 3.1415927410125732, 3.1415927410125732, 3.1415927410125732, 3.1415927410125732, 3.1415927410125732, 3.1415927410125732, 3.1415927410125732, 3.1415927410125732, 3.1415927410125732, 3.1415927410125732, 3.1415927410125732, 3.1415927410125732, 3.1415927410125732, 3.1415927410125732, 3.1415927410125732, 3.1415927410125732, 3.1415927410125732, 3.1415927410125732, 3.1415927410125732, 3.1415927410125732, 3.1415927410125732, 3.1415927410125732, 3.1415927410125732, 3.1415927410125732, 3.1415927410125732, 3.1415927410125732, 3.1415927410125732, 3.1415927410125732, 3.1415927410125732, 3.1415927410125732, 3.1415927410125732, 3.1415927410125732, 3.1415927410125732, 3.1415927410125732, 3.1415927410125732, 3.1415927410125732, 3.1415927410125732, 3.1415927410125732, 3.1415927410125732, 3.1415927410125732, 3.1415927410125732, 3.1415927410125732, 3.1415927410125732, 3.1415927410125732, 3.1415927410125732, 3.1415927410125732, 3.1415927410125732, 3.1415927410125732, 3.1415927410125732, 3.1415927410125732, 3.1415927410125732, 3.1415927410125732, 3.1415927410125732, 3.1415927410125732, 3.1415927410125732, 3.1415927410125732, 0.0, 0.0, 0.0, 0.0, 0.0, 0.0, 0.0, 0.0, 0.0, 0.0, 0.0, 0.0, 0.0, 0.0, 0.0, 0.0, 3.1415927410125732, 3.1415927410125732, 3.1415927410125732, 3.1415927410125732, 3.1415927410125732, 3.1415927410125732, 3.1415927410125732, 3.1415927410125732, 3.1415927410125732, 3.1415927410125732, 3.1415927410125732, 3.1415927410125732, 3.1415927410125732, 3.1415927410125732, 3.1415927410125732, 3.1415927410125732, 0.0, 0.0, 0.0, 0.0, 0.0, 0.0, 0.0, 0.0, 0.0, 0.0, 0.0, 0.0, 0.0, 0.0, 0.0, 0.0, 3.1415927410125732, 3.1415927410125732, 3.1415927410125732, 3.1415927410125732, 3.1415927410125732, 3.1415927410125732, 3.1415927410125732, 3.1415927410125732, 3.1415927410125732, 3.1415927410125732, 3.1415927410125732, 3.1415927410125732, 3.1415927410125732, 3.1415927410125732, 3.1415927410125732, 3.1415927410125732, 0.0, 0.0, 0.0, 0.0, 0.0, 0.0, 0.0, 0.0, 0.0, 0.0, 0.0, 0.0, 0.0, 0.0, 0.0, 0.0, 3.1415927410125732, 3.1415927410125732, 3.1415927410125732, 3.1415927410125732, 3.1415927410125732, 3.1415927410125732, 3.1415927410125732, 3.1415927410125732, 3.1415927410125732, 3.1415927410125732, 3.1415927410125732, 3.1415927410125732, 3.1415927410125732, 3.1415927410125732, 3.1415927410125732, 3.1415927410125732, 0.0, 0.0, 0.0, 0.0, 0.0, 0.0, 0.0, 0.0, 0.0, 0.0, 0.0, 0.0, 0.0, 0.0, 0.0, 0.0, 3.1415927410125732, 3.1415927410125732, 3.1415927410125732, 3.1415927410125732, 3.1415927410125732, 3.1415927410125732, 3.1415927410125732, 3.1415927410125732, 3.1415927410125732, 3.1415927410125732, 3.1415927410125732, 3.1415927410125732, 3.1415927410125732, 3.1415927410125732, 3.1415927410125732, 3.1415927410125732, 0.0, 0.0, 0.0, 0.0, 0.0, 0.0, 0.0, 0.0, 0.0, 0.0, 0.0, 0.0, 0.0, 0.0, 0.0, 0.0, 3.1415927410125732, 3.1415927410125732, 3.1415927410125732, 3.1415927410125732, 3.1415927410125732, 3.1415927410125732, 3.1415927410125732, 3.1415927410125732, 3.1415927410125732, 3.1415927410125732, 3.1415927410125732, 3.1415927410125732, 3.1415927410125732, 3.1415927410125732, 3.1415927410125732, 3.1415927410125732, 0.0, 0.0, 0.0, 0.0, 0.0, 0.0, 0.0, 0.0, 0.0, 0.0, 0.0, 0.0, 0.0, 0.0, 0.0, 0.0, 3.1415927410125732, 3.1415927410125732, 3.1415927410125732, 3.1415927410125732, 3.1415927410125732, 3.1415927410125732, 3.1415927410125732, 3.1415927410125732, 3.1415927410125732, 3.1415927410125732, 3.1415927410125732, 3.1415927410125732, 3.1415927410125732, 3.1415927410125732, 3.1415927410125732, 3.1415927410125732, 0.0, 0.0, 0.0, 0.0, 0.0, 0.0, 0.0, 0.0, 0.0, 0.0, 0.0, 0.0, 0.0, 0.0, 0.0, 0.0, 3.1415927410125732, 3.1415927410125732, 3.1415927410125732, 3.1415927410125732, 3.1415927410125732, 3.1415927410125732, 3.1415927410125732, 3.1415927410125732, 3.1415927410125732, 3.1415927410125732, 3.1415927410125732, 3.1415927410125732, 3.1415927410125732, 3.1415927410125732, 3.1415927410125732, 3.1415927410125732, 0.0, 0.0, 0.0, 0.0, 0.0, 0.0, 0.0, 0.0, 0.0, 0.0, 0.0, 0.0, 0.0, 0.0, 0.0, 0.0, 3.1415927410125732, 3.1415927410125732, 3.1415927410125732, 3.1415927410125732, 3.1415927410125732, 3.1415927410125732, 3.1415927410125732, 3.1415927410125732, 3.1415927410125732, 3.1415927410125732, 3.1415927410125732, 3.1415927410125732, 3.1415927410125732, 3.1415927410125732, 3.1415927410125732, 3.1415927410125732, 0.0, 0.0, 0.0, 0.0, 0.0, 0.0, 0.0, 0.0, 0.0, 0.0, 0.0, 0.0, 0.0, 0.0, 0.0, 0.0, 0.0, 0.0, 0.0, 0.0, 0.0, 0.0, 0.0, 0.0, 0.0, 0.0, 0.0, 0.0, 0.0, 0.0, 0.0, 0.0, 0.0, 0.0, 0.0, 0.0, 0.0, 0.0, 0.0, 0.0, 0.0, 0.0, 0.0, 0.0, 0.0, 0.0, 0.0, 0.0, 0.0, 0.0, 0.0, 0.0, 0.0, 0.0, 0.0, 0.0, 0.0, 0.0, 0.0, 0.0, 0.0, 0.0, 0.0, 0.0, 0.0, 0.0, 0.0, 0.0, 0.0, 0.0, 0.0, 0.0, 0.0, 0.0, 0.0, 0.0, 0.0, 0.0, 0.0, 0.0, 0.0, 0.0, 0.0, 0.0, 0.0, 0.0, 0.0, 0.0, 0.0, 0.0, 0.0, 0.0, 0.0, 0.0, 0.0, 0.0, 0.0, 0.0, 0.0, 0.0, 0.0, 0.0, 0.0, 0.0, 0.0, 0.0, 0.0, 0.0, 0.0, 0.0, 0.0, 0.0, 0.0, 0.0, 0.0, 0.0, 0.0, 0.0, 0.0, 0.0, 0.0, 0.0, 0.0, 0.0, 0.0, 0.0, 0.0, 0.0, 0.0, 0.0, 0.0, 0.0, 0.0, 0.0, 0.0, 0.0, 0.0, 0.0, 0.0, 0.0, 0.0, 0.0, 0.0, 0.0, 0.0, 0.0, 0.0, 0.0, 0.0, 0.0, 0.0, 0.0, 0.0, 0.0, 0.0, 0.0, 0.0, 0.0, 0.0, 0.0, 0.0, 0.0, 0.0, 0.0, 0.0, 0.0, 0.0, 0.0, 0.0, 0.0, 0.0, 0.0, 0.0, 0.0, 0.0, 0.0, 0.0, 0.0, 0.0, 0.0, 0.0, 0.0, 0.0, 0.0, 0.0, 0.0, 0.0, 0.0, 0.0, 0.0, 0.0, 0.0, 0.0, 0.0, 0.0, 0.0, 0.0, 0.0, 0.0, 0.0, 0.0, 0.0, 0.0, 0.0, 0.0, 0.0, 0.0, 0.0, 0.0, 0.0, 0.0, 0.0, 0.0, 0.0, 0.0, 0.0, 0.0, 0.0, 0.0, 0.0, 0.0, 0.0, 0.0, 0.0, 0.0, 0.0, 0.0, 0.0, 0.0, 0.0, 0.0, 0.0, 0.0, 0.0, 0.0, 0.0, 0.0, 0.0, 0.0, 0.0, 0.0, 0.0, 0.0, 0.0, 0.0, 0.0, 0.0, 0.0, 0.0, 0.0, 0.0, 0.0, 0.0, 0.0, 0.0, 0.0, 0.0, 0.0, 0.0, 0.0, 0.0, 0.0, 0.0, 0.0, 3.1415927410125732, 3.1415927410125732, 3.1415927410125732, 3.1415927410125732, 3.1415927410125732, 3.1415927410125732, 3.1415927410125732, 3.1415927410125732, 0.0, 0.0, 0.0, 0.0, 0.0, 0.0, 0.0, 0.0, 0.0, 0.0, 0.0, 0.0, 0.0, 0.0, 0.0, 0.0, 0.0, 0.0, 0.0, 0.0, 0.0, 0.0, 0.0, 0.0, 3.1415927410125732, 3.1415927410125732, 3.1415927410125732, 3.1415927410125732, 3.1415927410125732, 3.1415927410125732, 3.1415927410125732, 3.1415927410125732, 0.0, 0.0, 0.0, 0.0, 0.0, 0.0, 0.0, 0.0, 0.0, 0.0, 0.0, 0.0, 0.0, 0.0, 0.0, 0.0, 0.0, 0.0, 0.0, 0.0, 0.0, 0.0, 0.0, 0.0, 3.1415927410125732, 3.1415927410125732, 3.1415927410125732, 3.1415927410125732, 3.1415927410125732, 3.1415927410125732, 3.1415927410125732, 3.1415927410125732, 0.0, 0.0, 0.0, 0.0, 0.0, 0.0, 0.0, 0.0, 0.0, 0.0, 0.0, 0.0, 0.0, 0.0, 0.0, 0.0, 0.0, 0.0, 0.0, 0.0, 0.0, 0.0, 0.0, 0.0, 3.1415927410125732, 3.1415927410125732, 3.1415927410125732, 3.1415927410125732, 3.1415927410125732, 3.1415927410125732, 3.1415927410125732, 3.1415927410125732, 0.0, 0.0, 0.0, 0.0, 0.0, 0.0, 0.0, 0.0, 0.0, 0.0, 0.0, 0.0, 0.0, 0.0, 0.0, 0.0, 0.0, 0.0, 0.0, 0.0, 0.0, 0.0, 0.0, 0.0, 3.1415927410125732, 3.1415927410125732, 3.1415927410125732, 3.1415927410125732, 3.1415927410125732, 3.1415927410125732, 3.1415927410125732, 3.1415927410125732, 0.0, 0.0, 0.0, 0.0, 0.0, 0.0, 0.0, 0.0, 0.0, 0.0, 0.0, 0.0, 0.0, 0.0, 0.0, 0.0, 0.0, 0.0, 0.0, 0.0, 0.0, 0.0, 0.0, 0.0, 3.1415927410125732, 3.1415927410125732, 3.1415927410125732, 3.1415927410125732, 3.1415927410125732, 3.1415927410125732, 3.1415927410125732, 3.1415927410125732, 0.0, 0.0, 0.0, 0.0, 0.0, 0.0, 0.0, 0.0, 0.0, 0.0, 0.0, 0.0, 0.0, 0.0, 0.0, 0.0, 0.0, 0.0, 0.0, 0.0, 0.0, 0.0, 0.0, 0.0, 3.1415927410125732, 3.1415927410125732, 3.1415927410125732, 3.1415927410125732, 3.1415927410125732, 3.1415927410125732, 3.1415927410125732, 3.1415927410125732, 0.0, 0.0, 0.0, 0.0, 0.0, 0.0, 0.0, 0.0, 0.0, 0.0, 0.0, 0.0, 0.0, 0.0, 0.0, 0.0, 0.0, 0.0, 0.0, 0.0, 0.0, 0.0, 0.0, 0.0, 3.1415927410125732, 3.1415927410125732, 3.1415927410125732, 3.1415927410125732, 3.1415927410125732, 3.1415927410125732, 3.1415927410125732, 3.1415927410125732, 0.0, 0.0, 0.0, 0.0, 0.0, 0.0, 0.0, 0.0, 0.0, 0.0, 0.0, 0.0, 0.0, 0.0, 0.0, 0.0]"
0.6088365,0.15223686,0.15219523,0.15220979,0.15219462,0.15220913,-9.53539467,-9.53664207,-9.53620815,-9.53666496,"[3.1415927410125732, 3.1415927410125732, 3.1415927410125732, 3.1415927410125732, 3.1415927410125732, 3.1415927410125732, 3.1415927410125732, 3.1415927410125732, 3.1415927410125732, 3.1415927410125732, 3.1415927410125732, 3.1415927410125732, 3.1415927410125732, 3.1415927410125732, 3.1415927410125732, 3.1415927410125732, 3.1415927410125732, 3.1415927410125732, 3.1415927410125732, 3.1415927410125732, 3.1415927410125732, 3.1415927410125732, 3.1415927410125732, 3.1415927410125732, 3.1415927410125732, 3.1415927410125732, 3.1415927410125732, 3.1415927410125732, 3.1415927410125732, 3.1415927410125732, 3.1415927410125732, 3.1415927410125732, 3.1415927410125732, 3.1415927410125732, 3.1415927410125732, 3.1415927410125732, 3.1415927410125732, 3.1415927410125732, 3.1415927410125732, 3.1415927410125732, 3.1415927410125732, 3.1415927410125732, 3.1415927410125732, 3.1415927410125732, 3.1415927410125732, 3.1415927410125732, 3.1415927410125732, 3.1415927410125732, 3.1415927410125732, 3.1415927410125732, 3.1415927410125732, 3.1415927410125732, 3.1415927410125732, 3.1415927410125732, 3.1415927410125732, 3.1415927410125732, 3.1415927410125732, 3.1415927410125732, 3.1415927410125732, 3.1415927410125732, 3.1415927410125732, 3.1415927410125732, 3.1415927410125732, 3.1415927410125732, 3.1415927410125732, 3.1415927410125732, 3.1415927410125732, 3.1415927410125732, 3.1415927410125732, 3.1415927410125732, 3.1415927410125732, 3.1415927410125732, 3.1415927410125732, 3.1415927410125732, 3.1415927410125732, 3.1415927410125732, 3.1415927410125732, 3.1415927410125732, 3.1415927410125732, 3.1415927410125732, 3.1415927410125732, 3.1415927410125732, 3.1415927410125732, 3.1415927410125732, 3.1415927410125732, 3.1415927410125732, 3.1415927410125732, 3.1415927410125732, 3.1415927410125732, 3.1415927410125732, 3.1415927410125732, 3.1415927410125732, 3.1415927410125732, 3.1415927410125732, 3.1415927410125732, 3.1415927410125732, 3.1415927410125732, 3.1415927410125732, 3.1415927410125732, 3.1415927410125732, 3.1415927410125732, 3.1415927410125732, 3.1415927410125732, 3.1415927410125732, 3.1415927410125732, 3.1415927410125732, 3.1415927410125732, 3.1415927410125732, 3.1415927410125732, 3.1415927410125732, 3.1415927410125732, 3.1415927410125732, 3.1415927410125732, 3.1415927410125732, 3.1415927410125732, 3.1415927410125732, 3.1415927410125732, 3.1415927410125732, 3.1415927410125732, 3.1415927410125732, 3.1415927410125732, 3.1415927410125732, 3.1415927410125732, 3.1415927410125732, 3.1415927410125732, 3.1415927410125732, 3.1415927410125732, 3.1415927410125732, 3.1415927410125732, 3.1415927410125732, 3.1415927410125732, 3.1415927410125732, 3.1415927410125732, 3.1415927410125732, 3.1415927410125732, 3.1415927410125732, 3.1415927410125732, 3.1415927410125732, 3.1415927410125732, 3.1415927410125732, 3.1415927410125732, 3.1415927410125732, 3.1415927410125732, 3.1415927410125732, 3.1415927410125732, 3.1415927410125732, 3.1415927410125732, 3.1415927410125732, 3.1415927410125732, 3.1415927410125732, 3.1415927410125732, 3.1415927410125732, 3.1415927410125732, 3.1415927410125732, 3.1415927410125732, 3.1415927410125732, 3.1415927410125732, 3.1415927410125732, 3.1415927410125732, 3.1415927410125732, 3.1415927410125732, 3.1415927410125732, 3.1415927410125732, 3.1415927410125732, 3.1415927410125732, 3.1415927410125732, 3.1415927410125732, 3.1415927410125732, 3.1415927410125732, 3.1415927410125732, 3.1415927410125732, 3.1415927410125732, 3.1415927410125732, 3.1415927410125732, 3.1415927410125732, 3.1415927410125732, 3.1415927410125732, 3.1415927410125732, 3.1415927410125732, 3.1415927410125732, 3.1415927410125732, 3.1415927410125732, 3.1415927410125732, 3.1415927410125732, 3.1415927410125732, 3.1415927410125732, 3.1415927410125732, 3.1415927410125732, 3.1415927410125732, 3.1415927410125732, 3.1415927410125732, 3.1415927410125732, 3.1415927410125732, 3.1415927410125732, 3.1415927410125732, 3.1415927410125732, 3.1415927410125732, 3.1415927410125732, 3.1415927410125732, 3.1415927410125732, 3.1415927410125732, 3.1415927410125732, 3.1415927410125732, 3.1415927410125732, 3.1415927410125732, 3.1415927410125732, 3.1415927410125732, 3.1415927410125732, 3.1415927410125732, 3.1415927410125732, 3.1415927410125732, 3.1415927410125732, 3.1415927410125732, 3.1415927410125732, 3.1415927410125732, 3.1415927410125732, 3.1415927410125732, 3.1415927410125732, 3.1415927410125732, 3.1415927410125732, 3.1415927410125732, 3.1415927410125732, 3.1415927410125732, 3.1415927410125732, 3.1415927410125732, 3.1415927410125732, 3.1415927410125732, 3.1415927410125732, 3.1415927410125732, 3.1415927410125732, 3.1415927410125732, 3.1415927410125732, 3.1415927410125732, 3.1415927410125732, 3.1415927410125732, 3.1415927410125732, 3.1415927410125732, 3.1415927410125732, 3.1415927410125732, 3.1415927410125732, 3.1415927410125732, 3.1415927410125732, 3.1415927410125732, 3.1415927410125732, 3.1415927410125732, 3.1415927410125732, 3.1415927410125732, 3.1415927410125732, 3.1415927410125732, 3.1415927410125732, 3.1415927410125732, 3.1415927410125732, 3.1415927410125732, 3.1415927410125732, 3.1415927410125732, 3.1415927410125732, 0.0, 0.0, 0.0, 0.0, 0.0, 0.0, 0.0, 0.0, 0.0, 0.0, 0.0, 0.0, 0.0, 0.0, 0.0, 0.0, 3.1415927410125732, 3.1415927410125732, 3.1415927410125732, 3.1415927410125732, 3.1415927410125732, 3.1415927410125732, 3.1415927410125732, 3.1415927410125732, 3.1415927410125732, 3.1415927410125732, 3.1415927410125732, 3.1415927410125732, 3.1415927410125732, 3.1415927410125732, 3.1415927410125732, 3.1415927410125732, 0.0, 0.0, 0.0, 0.0, 0.0, 0.0, 0.0, 0.0, 0.0, 0.0, 0.0, 0.0, 0.0, 0.0, 0.0, 0.0, 3.1415927410125732, 3.1415927410125732, 3.1415927410125732, 3.1415927410125732, 3.1415927410125732, 3.1415927410125732, 3.1415927410125732, 3.1415927410125732, 3.1415927410125732, 3.1415927410125732, 3.1415927410125732, 3.1415927410125732, 3.1415927410125732, 3.1415927410125732, 3.1415927410125732, 3.1415927410125732, 0.0, 0.0, 0.0, 0.0, 0.0, 0.0, 0.0, 0.0, 0.0, 0.0, 0.0, 0.0, 0.0, 0.0, 0.0, 0.0, 3.1415927410125732, 3.1415927410125732, 3.1415927410125732, 3.1415927410125732, 3.1415927410125732, 3.1415927410125732, 3.1415927410125732, 3.1415927410125732, 3.1415927410125732, 3.1415927410125732, 3.1415927410125732, 3.1415927410125732, 3.1415927410125732, 3.1415927410125732, 3.1415927410125732, 3.1415927410125732, 0.0, 0.0, 0.0, 0.0, 0.0, 0.0, 0.0, 0.0, 0.0, 0.0, 0.0, 0.0, 0.0, 0.0, 0.0, 0.0, 3.1415927410125732, 3.1415927410125732, 3.1415927410125732, 3.1415927410125732, 3.1415927410125732, 3.1415927410125732, 3.1415927410125732, 3.1415927410125732, 3.1415927410125732, 3.1415927410125732, 3.1415927410125732, 3.1415927410125732, 3.1415927410125732, 3.1415927410125732, 3.1415927410125732, 3.1415927410125732, 0.0, 0.0, 0.0, 0.0, 0.0, 0.0, 0.0, 0.0, 0.0, 0.0, 0.0, 0.0, 0.0, 0.0, 0.0, 0.0, 3.1415927410125732, 3.1415927410125732, 3.1415927410125732, 3.1415927410125732, 3.1415927410125732, 3.1415927410125732, 3.1415927410125732, 3.1415927410125732, 3.1415927410125732, 3.1415927410125732, 3.1415927410125732, 3.1415927410125732, 3.1415927410125732, 3.1415927410125732, 3.1415927410125732, 3.1415927410125732, 0.0, 0.0, 0.0, 0.0, 0.0, 0.0, 0.0, 0.0, 0.0, 0.0, 0.0, 0.0, 0.0, 0.0, 0.0, 0.0, 3.1415927410125732, 3.1415927410125732, 3.1415927410125732, 3.1415927410125732, 3.1415927410125732, 3.1415927410125732, 3.1415927410125732, 3.1415927410125732, 3.1415927410125732, 3.1415927410125732, 3.1415927410125732, 3.1415927410125732, 3.1415927410125732, 3.1415927410125732, 3.1415927410125732, 3.1415927410125732, 0.0, 0.0, 0.0, 0.0, 0.0, 0.0, 0.0, 0.0, 0.0, 0.0, 0.0, 0.0, 0.0, 0.0, 0.0, 0.0, 3.1415927410125732, 3.1415927410125732, 3.1415927410125732, 3.1415927410125732, 3.1415927410125732, 3.1415927410125732, 3.1415927410125732, 3.1415927410125732, 3.1415927410125732, 3.1415927410125732, 3.1415927410125732, 3.1415927410125732, 3.1415927410125732, 3.1415927410125732, 3.1415927410125732, 3.1415927410125732, 0.0, 0.0, 0.0, 0.0, 0.0, 0.0, 0.0, 0.0, 0.0, 0.0, 0.0, 0.0, 0.0, 0.0, 0.0, 0.0, 3.1415927410125732, 3.1415927410125732, 3.1415927410125732, 3.1415927410125732, 3.1415927410125732, 3.1415927410125732, 3.1415927410125732, 3.1415927410125732, 3.1415927410125732, 3.1415927410125732, 3.1415927410125732, 3.1415927410125732, 3.1415927410125732, 3.1415927410125732, 3.1415927410125732, 3.1415927410125732, 0.0, 0.0, 0.0, 0.0, 0.0, 0.0, 0.0, 0.0, 0.0, 0.0, 0.0, 0.0, 0.0, 0.0, 0.0, 0.0, 0.0, 0.0, 0.0, 0.0, 0.0, 0.0, 0.0, 0.0, 0.0, 0.0, 0.0, 0.0, 0.0, 0.0, 0.0, 0.0, 0.0, 0.0, 0.0, 0.0, 0.0, 0.0, 0.0, 0.0, 0.0, 0.0, 0.0, 0.0, 0.0, 0.0, 0.0, 0.0, 0.0, 0.0, 0.0, 0.0, 0.0, 0.0, 0.0, 0.0, 0.0, 0.0, 0.0, 0.0, 0.0, 0.0, 0.0, 0.0, 0.0, 0.0, 0.0, 0.0, 0.0, 0.0, 0.0, 0.0, 0.0, 0.0, 0.0, 0.0, 0.0, 0.0, 0.0, 0.0, 0.0, 0.0, 0.0, 0.0, 0.0, 0.0, 0.0, 0.0, 0.0, 0.0, 0.0, 0.0, 0.0, 0.0, 0.0, 0.0, 0.0, 0.0, 0.0, 0.0, 0.0, 0.0, 0.0, 0.0, 0.0, 0.0, 0.0, 0.0, 0.0, 0.0, 0.0, 0.0, 0.0, 0.0, 0.0, 0.0, 0.0, 0.0, 0.0, 0.0, 0.0, 0.0, 0.0, 0.0, 0.0, 0.0, 0.0, 0.0, 0.0, 0.0, 0.0, 0.0, 0.0, 0.0, 0.0, 0.0, 0.0, 0.0, 0.0, 0.0, 0.0, 0.0, 0.0, 0.0, 0.0, 0.0, 0.0, 0.0, 0.0, 0.0, 0.0, 0.0, 0.0, 0.0, 0.0, 0.0, 0.0, 0.0, 0.0, 0.0, 0.0, 0.0, 0.0, 0.0, 0.0, 0.0, 0.0, 0.0, 0.0, 0.0, 0.0, 0.0, 0.0, 0.0, 0.0, 0.0, 0.0, 0.0, 0.0, 0.0, 0.0, 0.0, 0.0, 0.0, 0.0, 0.0, 0.0, 0.0, 0.0, 0.0, 0.0, 0.0, 0.0, 0.0, 0.0, 0.0, 0.0, 0.0, 0.0, 0.0, 0.0, 0.0, 0.0, 0.0, 0.0, 0.0, 0.0, 0.0, 0.0, 0.0, 0.0, 0.0, 0.0, 0.0, 0.0, 0.0, 0.0, 0.0, 0.0, 0.0, 0.0, 0.0, 0.0, 0.0, 0.0, 0.0, 0.0, 0.0, 0.0, 0.0, 0.0, 0.0, 0.0, 0.0, 0.0, 0.0, 0.0, 0.0, 0.0, 0.0, 0.0, 0.0, 0.0, 0.0, 0.0, 0.0, 0.0, 0.0, 0.0, 0.0, 0.0, 0.0, 0.0, 0.0, 0.0, 0.0, 0.0, 0.0, 0.0, 0.0, 0.0, 0.0, 0.0, 0.0, 3.1415927410125732, 3.1415927410125732, 3.1415927410125732, 3.1415927410125732, 3.1415927410125732, 3.1415927410125732, 3.1415927410125732, 3.1415927410125732, 0.0, 0.0, 0.0, 0.0, 0.0, 0.0, 0.0, 0.0, 0.0, 0.0, 0.0, 0.0, 0.0, 0.0, 0.0, 0.0, 0.0, 0.0, 0.0, 0.0, 0.0, 0.0, 0.0, 0.0, 3.1415927410125732, 3.1415927410125732, 3.1415927410125732, 3.1415927410125732, 3.1415927410125732, 3.1415927410125732, 3.1415927410125732, 3.1415927410125732, 0.0, 0.0, 0.0, 0.0, 0.0, 0.0, 0.0, 0.0, 0.0, 0.0, 0.0, 0.0, 0.0, 0.0, 0.0, 0.0, 0.0, 0.0, 0.0, 0.0, 0.0, 0.0, 0.0, 0.0, 3.1415927410125732, 3.1415927410125732, 3.1415927410125732, 3.1415927410125732, 3.1415927410125732, 3.1415927410125732, 3.1415927410125732, 3.1415927410125732, 0.0, 0.0, 0.0, 0.0, 0.0, 0.0, 0.0, 0.0, 0.0, 0.0, 0.0, 0.0, 0.0, 0.0, 0.0, 0.0, 0.0, 0.0, 0.0, 0.0, 0.0, 0.0, 0.0, 0.0, 3.1415927410125732, 3.1415927410125732, 3.1415927410125732, 3.1415927410125732, 3.1415927410125732, 3.1415927410125732, 3.1415927410125732, 3.1415927410125732, 0.0, 0.0, 0.0, 0.0, 0.0, 0.0, 0.0, 0.0, 0.0, 0.0, 0.0, 0.0, 0.0, 0.0, 0.0, 0.0, 0.0, 0.0, 0.0, 0.0, 0.0, 0.0, 0.0, 0.0, 3.1415927410125732, 3.1415927410125732, 3.1415927410125732, 3.1415927410125732, 3.1415927410125732, 3.1415927410125732, 3.1415927410125732, 3.1415927410125732, 0.0, 0.0, 0.0, 0.0, 0.0, 0.0, 0.0, 0.0, 0.0, 0.0, 0.0, 0.0, 0.0, 0.0, 0.0, 0.0, 0.0, 0.0, 0.0, 0.0, 0.0, 0.0, 0.0, 0.0, 3.1415927410125732, 3.1415927410125732, 3.1415927410125732, 3.1415927410125732, 3.1415927410125732, 3.1415927410125732, 3.1415927410125732, 3.1415927410125732, 0.0, 0.0, 0.0, 0.0, 0.0, 0.0, 0.0, 0.0, 0.0, 0.0, 0.0, 0.0, 0.0, 0.0, 0.0, 0.0, 0.0, 0.0, 0.0, 0.0, 0.0, 0.0, 0.0, 0.0, 3.1415927410125732, 3.1415927410125732, 3.1415927410125732, 3.1415927410125732, 3.1415927410125732, 3.1415927410125732, 3.1415927410125732, 3.1415927410125732, 0.0, 0.0, 0.0, 0.0, 0.0, 0.0, 0.0, 0.0, 0.0, 0.0, 0.0, 0.0, 0.0, 0.0, 0.0, 0.0, 0.0, 0.0, 0.0, 0.0, 0.0, 0.0, 0.0, 0.0, 3.1415927410125732, 3.1415927410125732, 3.1415927410125732, 3.1415927410125732, 3.1415927410125732, 3.1415927410125732, 3.1415927410125732, 3.1415927410125732, 0.0, 0.0, 0.0, 0.0, 0.0, 0.0, 0.0, 0.0, 0.0, 0.0, 0.0, 0.0, 0.0, 0.0, 0.0, 0.0]"
0.6088365,0.15223686,0.15219523,0.15220979,0.15219462,0.15220913,-9.53539467,-9.53664207,-9.53620815,-9.53666496,"[3.1415927410125732, 3.1415927410125732, 3.1415927410125732, 3.1415927410125732, 3.1415927410125732, 3.1415927410125732, 3.1415927410125732, 3.1415927410125732, 3.1415927410125732, 3.1415927410125732, 3.1415927410125732, 3.1415927410125732, 3.1415927410125732, 3.1415927410125732, 3.1415927410125732, 3.1415927410125732, 3.1415927410125732, 3.1415927410125732, 3.1415927410125732, 3.1415927410125732, 3.1415927410125732, 3.1415927410125732, 3.1415927410125732, 3.1415927410125732, 3.1415927410125732, 3.1415927410125732, 3.1415927410125732, 3.1415927410125732, 3.1415927410125732, 3.1415927410125732, 3.1415927410125732, 3.1415927410125732, 3.1415927410125732, 3.1415927410125732, 3.1415927410125732, 3.1415927410125732, 3.1415927410125732, 3.1415927410125732, 3.1415927410125732, 3.1415927410125732, 3.1415927410125732, 3.1415927410125732, 3.1415927410125732, 3.1415927410125732, 3.1415927410125732, 3.1415927410125732, 3.1415927410125732, 3.1415927410125732, 3.1415927410125732, 3.1415927410125732, 3.1415927410125732, 3.1415927410125732, 3.1415927410125732, 3.1415927410125732, 3.1415927410125732, 3.1415927410125732, 3.1415927410125732, 3.1415927410125732, 3.1415927410125732, 3.1415927410125732, 3.1415927410125732, 3.1415927410125732, 3.1415927410125732, 3.1415927410125732, 3.1415927410125732, 3.1415927410125732, 3.1415927410125732, 3.1415927410125732, 3.1415927410125732, 3.1415927410125732, 3.1415927410125732, 3.1415927410125732, 3.1415927410125732, 3.1415927410125732, 3.1415927410125732, 3.1415927410125732, 3.1415927410125732, 3.1415927410125732, 3.1415927410125732, 3.1415927410125732, 3.1415927410125732, 3.1415927410125732, 3.1415927410125732, 3.1415927410125732, 3.1415927410125732, 3.1415927410125732, 3.1415927410125732, 3.1415927410125732, 3.1415927410125732, 3.1415927410125732, 3.1415927410125732, 3.1415927410125732, 3.1415927410125732, 3.1415927410125732, 3.1415927410125732, 3.1415927410125732, 3.1415927410125732, 3.1415927410125732, 3.1415927410125732, 3.1415927410125732, 3.1415927410125732, 3.1415927410125732, 3.1415927410125732, 3.1415927410125732, 3.1415927410125732, 3.1415927410125732, 3.1415927410125732, 3.1415927410125732, 3.1415927410125732, 3.1415927410125732, 3.1415927410125732, 3.1415927410125732, 3.1415927410125732, 3.1415927410125732, 3.1415927410125732, 3.1415927410125732, 3.1415927410125732, 3.1415927410125732, 3.1415927410125732, 3.1415927410125732, 3.1415927410125732, 3.1415927410125732, 3.1415927410125732, 3.1415927410125732, 3.1415927410125732, 3.1415927410125732, 3.1415927410125732, 3.1415927410125732, 3.1415927410125732, 3.1415927410125732, 3.1415927410125732, 3.1415927410125732, 3.1415927410125732, 3.1415927410125732, 3.1415927410125732, 3.1415927410125732, 3.1415927410125732, 3.1415927410125732, 3.1415927410125732, 3.1415927410125732, 3.1415927410125732, 3.1415927410125732, 3.1415927410125732, 3.1415927410125732, 3.1415927410125732, 3.1415927410125732, 3.1415927410125732, 3.1415927410125732, 3.1415927410125732, 3.1415927410125732, 3.1415927410125732, 3.1415927410125732, 3.1415927410125732, 3.1415927410125732, 3.1415927410125732, 3.1415927410125732, 3.1415927410125732, 3.1415927410125732, 3.1415927410125732, 3.1415927410125732, 3.1415927410125732, 3.1415927410125732, 3.1415927410125732, 3.1415927410125732, 3.1415927410125732, 3.1415927410125732, 3.1415927410125732, 3.1415927410125732, 3.1415927410125732, 3.1415927410125732, 3.1415927410125732, 3.1415927410125732, 3.1415927410125732, 3.1415927410125732, 3.1415927410125732, 3.1415927410125732, 3.1415927410125732, 3.1415927410125732, 3.1415927410125732, 3.1415927410125732, 3.1415927410125732, 3.1415927410125732, 3.1415927410125732, 3.1415927410125732, 3.1415927410125732, 3.1415927410125732, 3.1415927410125732, 3.1415927410125732, 3.1415927410125732, 3.1415927410125732, 3.1415927410125732, 3.1415927410125732, 3.1415927410125732, 3.1415927410125732, 3.1415927410125732, 3.1415927410125732, 3.1415927410125732, 3.1415927410125732, 3.1415927410125732, 3.1415927410125732, 3.1415927410125732, 3.1415927410125732, 3.1415927410125732, 3.1415927410125732, 3.1415927410125732, 3.1415927410125732, 3.1415927410125732, 3.1415927410125732, 3.1415927410125732, 3.1415927410125732, 3.1415927410125732, 3.1415927410125732, 3.1415927410125732, 3.1415927410125732, 3.1415927410125732, 3.1415927410125732, 3.1415927410125732, 3.1415927410125732, 3.1415927410125732, 3.1415927410125732, 3.1415927410125732, 3.1415927410125732, 3.1415927410125732, 3.1415927410125732, 3.1415927410125732, 3.1415927410125732, 3.1415927410125732, 3.1415927410125732, 3.1415927410125732, 3.1415927410125732, 3.1415927410125732, 3.1415927410125732, 3.1415927410125732, 3.1415927410125732, 3.1415927410125732, 3.1415927410125732, 3.1415927410125732, 3.1415927410125732, 3.1415927410125732, 3.1415927410125732, 3.1415927410125732, 3.1415927410125732, 3.1415927410125732, 3.1415927410125732, 3.1415927410125732, 3.1415927410125732, 3.1415927410125732, 3.1415927410125732, 3.1415927410125732, 3.1415927410125732, 3.1415927410125732, 3.1415927410125732, 3.1415927410125732, 3.1415927410125732, 3.1415927410125732, 3.1415927410125732, 0.0, 0.0, 0.0, 0.0, 0.0, 0.0, 0.0, 0.0, 0.0, 0.0, 0.0, 0.0, 0.0, 0.0, 0.0, 0.0, 3.1415927410125732, 3.1415927410125732, 3.1415927410125732, 3.1415927410125732, 3.1415927410125732, 3.1415927410125732, 3.1415927410125732, 3.1415927410125732, 3.1415927410125732, 3.1415927410125732, 3.1415927410125732, 3.1415927410125732, 3.1415927410125732, 3.1415927410125732, 3.1415927410125732, 3.1415927410125732, 0.0, 0.0, 0.0, 0.0, 0.0, 0.0, 0.0, 0.0, 0.0, 0.0, 0.0, 0.0, 0.0, 0.0, 0.0, 0.0, 3.1415927410125732, 3.1415927410125732, 3.1415927410125732, 3.1415927410125732, 3.1415927410125732, 3.1415927410125732, 3.1415927410125732, 3.1415927410125732, 3.1415927410125732, 3.1415927410125732, 3.1415927410125732, 3.1415927410125732, 3.1415927410125732, 3.1415927410125732, 3.1415927410125732, 3.1415927410125732, 0.0, 0.0, 0.0, 0.0, 0.0, 0.0, 0.0, 0.0, 0.0, 0.0, 0.0, 0.0, 0.0, 0.0, 0.0, 0.0, 3.1415927410125732, 3.1415927410125732, 3.1415927410125732, 3.1415927410125732, 3.1415927410125732, 3.1415927410125732, 3.1415927410125732, 3.1415927410125732, 3.1415927410125732, 3.1415927410125732, 3.1415927410125732, 3.1415927410125732, 3.1415927410125732, 3.1415927410125732, 3.1415927410125732, 3.1415927410125732, 0.0, 0.0, 0.0, 0.0, 0.0, 0.0, 0.0, 0.0, 0.0, 0.0, 0.0, 0.0, 0.0, 0.0, 0.0, 0.0, 3.1415927410125732, 3.1415927410125732, 3.1415927410125732, 3.1415927410125732, 3.1415927410125732, 3.1415927410125732, 3.1415927410125732, 3.1415927410125732, 3.1415927410125732, 3.1415927410125732, 3.1415927410125732, 3.1415927410125732, 3.1415927410125732, 3.1415927410125732, 3.1415927410125732, 3.1415927410125732, 0.0, 0.0, 0.0, 0.0, 0.0, 0.0, 0.0, 0.0, 0.0, 0.0, 0.0, 0.0, 0.0, 0.0, 0.0, 0.0, 3.1415927410125732, 3.1415927410125732, 3.1415927410125732, 3.1415927410125732, 3.1415927410125732, 3.1415927410125732, 3.1415927410125732, 3.1415927410125732, 3.1415927410125732, 3.1415927410125732, 3.1415927410125732, 3.1415927410125732, 3.1415927410125732, 3.1415927410125732, 3.1415927410125732, 3.1415927410125732, 0.0, 0.0, 0.0, 0.0, 0.0, 0.0, 0.0, 0.0, 0.0, 0.0, 0.0, 0.0, 0.0, 0.0, 0.0, 0.0, 3.1415927410125732, 3.1415927410125732, 3.1415927410125732, 3.1415927410125732, 3.1415927410125732, 3.1415927410125732, 3.1415927410125732, 3.1415927410125732, 3.1415927410125732, 3.1415927410125732, 3.1415927410125732, 3.1415927410125732, 3.1415927410125732, 3.1415927410125732, 3.1415927410125732, 3.1415927410125732, 0.0, 0.0, 0.0, 0.0, 0.0, 0.0, 0.0, 0.0, 0.0, 0.0, 0.0, 0.0, 0.0, 0.0, 0.0, 0.0, 3.1415927410125732, 3.1415927410125732, 3.1415927410125732, 3.1415927410125732, 3.1415927410125732, 3.1415927410125732, 3.1415927410125732, 3.1415927410125732, 3.1415927410125732, 3.1415927410125732, 3.1415927410125732, 3.1415927410125732, 3.1415927410125732, 3.1415927410125732, 3.1415927410125732, 3.1415927410125732, 0.0, 0.0, 0.0, 0.0, 0.0, 0.0, 0.0, 0.0, 0.0, 0.0, 0.0, 0.0, 0.0, 0.0, 0.0, 0.0, 3.1415927410125732, 3.1415927410125732, 3.1415927410125732, 3.1415927410125732, 3.1415927410125732, 3.1415927410125732, 3.1415927410125732, 3.1415927410125732, 3.1415927410125732, 3.1415927410125732, 3.1415927410125732, 3.1415927410125732, 3.1415927410125732, 3.1415927410125732, 3.1415927410125732, 3.1415927410125732, 0.0, 0.0, 0.0, 0.0, 0.0, 0.0, 0.0, 0.0, 0.0, 0.0, 0.0, 0.0, 0.0, 0.0, 0.0, 0.0, 0.0, 0.0, 0.0, 0.0, 0.0, 0.0, 0.0, 0.0, 0.0, 0.0, 0.0, 0.0, 0.0, 0.0, 0.0, 0.0, 0.0, 0.0, 0.0, 0.0, 0.0, 0.0, 0.0, 0.0, 0.0, 0.0, 0.0, 0.0, 0.0, 0.0, 0.0, 0.0, 0.0, 0.0, 0.0, 0.0, 0.0, 0.0, 0.0, 0.0, 0.0, 0.0, 0.0, 0.0, 0.0, 0.0, 0.0, 0.0, 0.0, 0.0, 0.0, 0.0, 0.0, 0.0, 0.0, 0.0, 0.0, 0.0, 0.0, 0.0, 0.0, 0.0, 0.0, 0.0, 0.0, 0.0, 0.0, 0.0, 0.0, 0.0, 0.0, 0.0, 0.0, 0.0, 0.0, 0.0, 0.0, 0.0, 0.0, 0.0, 0.0, 0.0, 0.0, 0.0, 0.0, 0.0, 0.0, 0.0, 0.0, 0.0, 0.0, 0.0, 0.0, 0.0, 0.0, 0.0, 0.0, 0.0, 0.0, 0.0, 0.0, 0.0, 0.0, 0.0, 0.0, 0.0, 0.0, 0.0, 0.0, 0.0, 0.0, 0.0, 0.0, 0.0, 0.0, 0.0, 0.0, 0.0, 0.0, 0.0, 0.0, 0.0, 0.0, 0.0, 0.0, 0.0, 0.0, 0.0, 0.0, 0.0, 0.0, 0.0, 0.0, 0.0, 0.0, 0.0, 0.0, 0.0, 0.0, 0.0, 0.0, 0.0, 0.0, 0.0, 0.0, 0.0, 0.0, 0.0, 0.0, 0.0, 0.0, 0.0, 0.0, 0.0, 0.0, 0.0, 0.0, 0.0, 0.0, 0.0, 0.0, 0.0, 0.0, 0.0, 0.0, 0.0, 0.0, 0.0, 0.0, 0.0, 0.0, 0.0, 0.0, 0.0, 0.0, 0.0, 0.0, 0.0, 0.0, 0.0, 0.0, 0.0, 0.0, 0.0, 0.0, 0.0, 0.0, 0.0, 0.0, 0.0, 0.0, 0.0, 0.0, 0.0, 0.0, 0.0, 0.0, 0.0, 0.0, 0.0, 0.0, 0.0, 0.0, 0.0, 0.0, 0.0, 0.0, 0.0, 0.0, 0.0, 0.0, 0.0, 0.0, 0.0, 0.0, 0.0, 0.0, 0.0, 0.0, 0.0, 0.0, 0.0, 0.0, 0.0, 0.0, 0.0, 0.0, 0.0, 0.0, 0.0, 0.0, 0.0, 0.0, 0.0, 0.0, 0.0, 0.0, 0.0, 0.0, 0.0, 0.0, 0.0, 0.0, 0.0, 0.0, 0.0, 0.0, 0.0, 3.1415927410125732, 3.1415927410125732, 3.1415927410125732, 3.1415927410125732, 3.1415927410125732, 3.1415927410125732, 3.1415927410125732, 3.1415927410125732, 0.0, 0.0, 0.0, 0.0, 0.0, 0.0, 0.0, 0.0, 0.0, 0.0, 0.0, 0.0, 0.0, 0.0, 0.0, 0.0, 0.0, 0.0, 0.0, 0.0, 0.0, 0.0, 0.0, 0.0, 3.1415927410125732, 3.1415927410125732, 3.1415927410125732, 3.1415927410125732, 3.1415927410125732, 3.1415927410125732, 3.1415927410125732, 3.1415927410125732, 0.0, 0.0, 0.0, 0.0, 0.0, 0.0, 0.0, 0.0, 0.0, 0.0, 0.0, 0.0, 0.0, 0.0, 0.0, 0.0, 0.0, 0.0, 0.0, 0.0, 0.0, 0.0, 0.0, 0.0, 3.1415927410125732, 3.1415927410125732, 3.1415927410125732, 3.1415927410125732, 3.1415927410125732, 3.1415927410125732, 3.1415927410125732, 3.1415927410125732, 0.0, 0.0, 0.0, 0.0, 0.0, 0.0, 0.0, 0.0, 0.0, 0.0, 0.0, 0.0, 0.0, 0.0, 0.0, 0.0, 0.0, 0.0, 0.0, 0.0, 0.0, 0.0, 0.0, 0.0, 3.1415927410125732, 3.1415927410125732, 3.1415927410125732, 3.1415927410125732, 3.1415927410125732, 3.1415927410125732, 3.1415927410125732, 3.1415927410125732, 0.0, 0.0, 0.0, 0.0, 0.0, 0.0, 0.0, 0.0, 0.0, 0.0, 0.0, 0.0, 0.0, 0.0, 0.0, 0.0, 0.0, 0.0, 0.0, 0.0, 0.0, 0.0, 0.0, 0.0, 3.1415927410125732, 3.1415927410125732, 3.1415927410125732, 3.1415927410125732, 3.1415927410125732, 3.1415927410125732, 3.1415927410125732, 3.1415927410125732, 0.0, 0.0, 0.0, 0.0, 0.0, 0.0, 0.0, 0.0, 0.0, 0.0, 0.0, 0.0, 0.0, 0.0, 0.0, 0.0, 0.0, 0.0, 0.0, 0.0, 0.0, 0.0, 0.0, 0.0, 3.1415927410125732, 3.1415927410125732, 3.1415927410125732, 3.1415927410125732, 3.1415927410125732, 3.1415927410125732, 3.1415927410125732, 3.1415927410125732, 0.0, 0.0, 0.0, 0.0, 0.0, 0.0, 0.0, 0.0, 0.0, 0.0, 0.0, 0.0, 0.0, 0.0, 0.0, 0.0, 0.0, 0.0, 0.0, 0.0, 0.0, 0.0, 0.0, 0.0, 3.1415927410125732, 3.1415927410125732, 3.1415927410125732, 3.1415927410125732, 3.1415927410125732, 3.1415927410125732, 3.1415927410125732, 3.1415927410125732, 0.0, 0.0, 0.0, 0.0, 0.0, 0.0, 0.0, 0.0, 0.0, 0.0, 0.0, 0.0, 0.0, 0.0, 0.0, 0.0, 0.0, 0.0, 0.0, 0.0, 0.0, 0.0, 0.0, 0.0, 3.1415927410125732, 3.1415927410125732, 3.1415927410125732, 3.1415927410125732, 3.1415927410125732, 3.1415927410125732, 3.1415927410125732, 3.1415927410125732, 0.0, 0.0, 0.0, 0.0, 0.0, 0.0, 0.0, 0.0, 0.0, 0.0, 0.0, 0.0, 0.0, 0.0, 0.0, 0.0]"
0.6088365,0.15223686,0.15219523,0.15220979,0.15219462,0.15220913,-9.53539467,-9.53664207,-9.53620815,-9.53666496,"[3.1415927410125732, 3.1415927410125732, 3.1415927410125732, 3.1415927410125732, 3.1415927410125732, 3.1415927410125732, 3.1415927410125732, 3.1415927410125732, 3.1415927410125732, 3.1415927410125732, 3.1415927410125732, 3.1415927410125732, 3.1415927410125732, 3.1415927410125732, 3.1415927410125732, 3.1415927410125732, 3.1415927410125732, 3.1415927410125732, 3.1415927410125732, 3.1415927410125732, 3.1415927410125732, 3.1415927410125732, 3.1415927410125732, 3.1415927410125732, 3.1415927410125732, 3.1415927410125732, 3.1415927410125732, 3.1415927410125732, 3.1415927410125732, 3.1415927410125732, 3.1415927410125732, 3.1415927410125732, 3.1415927410125732, 3.1415927410125732, 3.1415927410125732, 3.1415927410125732, 3.1415927410125732, 3.1415927410125732, 3.1415927410125732, 3.1415927410125732, 3.1415927410125732, 3.1415927410125732, 3.1415927410125732, 3.1415927410125732, 3.1415927410125732, 3.1415927410125732, 3.1415927410125732, 3.1415927410125732, 3.1415927410125732, 3.1415927410125732, 3.1415927410125732, 3.1415927410125732, 3.1415927410125732, 3.1415927410125732, 3.1415927410125732, 3.1415927410125732, 3.1415927410125732, 3.1415927410125732, 3.1415927410125732, 3.1415927410125732, 3.1415927410125732, 3.1415927410125732, 3.1415927410125732, 3.1415927410125732, 3.1415927410125732, 3.1415927410125732, 3.1415927410125732, 3.1415927410125732, 3.1415927410125732, 3.1415927410125732, 3.1415927410125732, 3.1415927410125732, 3.1415927410125732, 3.1415927410125732, 3.1415927410125732, 3.1415927410125732, 3.1415927410125732, 3.1415927410125732, 3.1415927410125732, 3.1415927410125732, 3.1415927410125732, 3.1415927410125732, 3.1415927410125732, 3.1415927410125732, 3.1415927410125732, 3.1415927410125732, 3.1415927410125732, 3.1415927410125732, 3.1415927410125732, 3.1415927410125732, 3.1415927410125732, 3.1415927410125732, 3.1415927410125732, 3.1415927410125732, 3.1415927410125732, 3.1415927410125732, 3.1415927410125732, 3.1415927410125732, 3.1415927410125732, 3.1415927410125732, 3.1415927410125732, 3.1415927410125732, 3.1415927410125732, 3.1415927410125732, 3.1415927410125732, 3.1415927410125732, 3.1415927410125732, 3.1415927410125732, 3.1415927410125732, 3.1415927410125732, 3.1415927410125732, 3.1415927410125732, 3.1415927410125732, 3.1415927410125732, 3.1415927410125732, 3.1415927410125732, 3.1415927410125732, 3.1415927410125732, 3.1415927410125732, 3.1415927410125732, 3.1415927410125732, 3.1415927410125732, 3.1415927410125732, 3.1415927410125732, 3.1415927410125732, 3.1415927410125732, 3.1415927410125732, 3.1415927410125732, 3.1415927410125732, 3.1415927410125732, 3.1415927410125732, 3.1415927410125732, 3.1415927410125732, 3.1415927410125732, 3.1415927410125732, 3.1415927410125732, 3.1415927410125732, 3.1415927410125732, 3.1415927410125732, 3.1415927410125732, 3.1415927410125732, 3.1415927410125732, 3.1415927410125732, 3.1415927410125732, 3.1415927410125732, 3.1415927410125732, 3.1415927410125732, 3.1415927410125732, 3.1415927410125732, 3.1415927410125732, 3.1415927410125732, 3.1415927410125732, 3.1415927410125732, 3.1415927410125732, 3.1415927410125732, 3.1415927410125732, 3.1415927410125732, 3.1415927410125732, 3.1415927410125732, 3.1415927410125732, 3.1415927410125732, 3.1415927410125732, 3.1415927410125732, 3.1415927410125732, 3.1415927410125732, 3.1415927410125732, 3.1415927410125732, 3.1415927410125732, 3.1415927410125732, 3.1415927410125732, 3.1415927410125732, 3.1415927410125732, 3.1415927410125732, 3.1415927410125732, 3.1415927410125732, 3.1415927410125732, 3.1415927410125732, 3.1415927410125732, 3.1415927410125732, 3.1415927410125732, 3.1415927410125732, 3.1415927410125732, 3.1415927410125732, 3.1415927410125732, 3.1415927410125732, 3.1415927410125732, 3.1415927410125732, 3.1415927410125732, 3.1415927410125732, 3.1415927410125732, 3.1415927410125732, 3.1415927410125732, 3.1415927410125732, 3.1415927410125732, 3.1415927410125732, 3.1415927410125732, 3.1415927410125732, 3.1415927410125732, 3.1415927410125732, 3.1415927410125732, 3.1415927410125732, 3.1415927410125732, 3.1415927410125732, 3.1415927410125732, 3.1415927410125732, 3.1415927410125732, 3.1415927410125732, 3.1415927410125732, 3.1415927410125732, 3.1415927410125732, 3.1415927410125732, 3.1415927410125732, 3.1415927410125732, 3.1415927410125732, 3.1415927410125732, 3.1415927410125732, 3.1415927410125732, 3.1415927410125732, 3.1415927410125732, 3.1415927410125732, 3.1415927410125732, 3.1415927410125732, 3.1415927410125732, 3.1415927410125732, 3.1415927410125732, 3.1415927410125732, 3.1415927410125732, 3.1415927410125732, 3.1415927410125732, 3.1415927410125732, 3.1415927410125732, 3.1415927410125732, 3.1415927410125732, 3.1415927410125732, 3.1415927410125732, 3.1415927410125732, 3.1415927410125732, 3.1415927410125732, 3.1415927410125732, 3.1415927410125732, 3.1415927410125732, 3.1415927410125732, 3.1415927410125732, 3.1415927410125732, 3.1415927410125732, 3.1415927410125732, 3.1415927410125732, 3.1415927410125732, 3.1415927410125732, 3.1415927410125732, 3.1415927410125732, 3.1415927410125732, 3.1415927410125732, 3.1415927410125732, 3.1415927410125732, 3.1415927410125732, 0.0, 0.0, 0.0, 0.0, 0.0, 0.0, 0.0, 0.0, 0.0, 0.0, 0.0, 0.0, 0.0, 0.0, 0.0, 0.0, 3.1415927410125732, 3.1415927410125732, 3.1415927410125732, 3.1415927410125732, 3.1415927410125732, 3.1415927410125732, 3.1415927410125732, 3.1415927410125732, 3.1415927410125732, 3.1415927410125732, 3.1415927410125732, 3.1415927410125732, 3.1415927410125732, 3.1415927410125732, 3.1415927410125732, 3.1415927410125732, 0.0, 0.0, 0.0, 0.0, 0.0, 0.0, 0.0, 0.0, 0.0, 0.0, 0.0, 0.0, 0.0, 0.0, 0.0, 0.0, 3.1415927410125732, 3.1415927410125732, 3.1415927410125732, 3.1415927410125732, 3.1415927410125732, 3.1415927410125732, 3.1415927410125732, 3.1415927410125732, 3.1415927410125732, 3.1415927410125732, 3.1415927410125732, 3.1415927410125732, 3.1415927410125732, 3.1415927410125732, 3.1415927410125732, 3.1415927410125732, 0.0, 0.0, 0.0, 0.0, 0.0, 0.0, 0.0, 0.0, 0.0, 0.0, 0.0, 0.0, 0.0, 0.0, 0.0, 0.0, 3.1415927410125732, 3.1415927410125732, 3.1415927410125732, 3.1415927410125732, 3.1415927410125732, 3.1415927410125732, 3.1415927410125732, 3.1415927410125732, 3.1415927410125732, 3.1415927410125732, 3.1415927410125732, 3.1415927410125732, 3.1415927410125732, 3.1415927410125732, 3.1415927410125732, 3.1415927410125732, 0.0, 0.0, 0.0, 0.0, 0.0, 0.0, 0.0, 0.0, 0.0, 0.0, 0.0, 0.0, 0.0, 0.0, 0.0, 0.0, 3.1415927410125732, 3.1415927410125732, 3.1415927410125732, 3.1415927410125732, 3.1415927410125732, 3.1415927410125732, 3.1415927410125732, 3.1415927410125732, 3.1415927410125732, 3.1415927410125732, 3.1415927410125732, 3.1415927410125732, 3.1415927410125732, 3.1415927410125732, 3.1415927410125732, 3.1415927410125732, 0.0, 0.0, 0.0, 0.0, 0.0, 0.0, 0.0, 0.0, 0.0, 0.0, 0.0, 0.0, 0.0, 0.0, 0.0, 0.0, 3.1415927410125732, 3.1415927410125732, 3.1415927410125732, 3.1415927410125732, 3.1415927410125732, 3.1415927410125732, 3.1415927410125732, 3.1415927410125732, 3.1415927410125732, 3.1415927410125732, 3.1415927410125732, 3.1415927410125732, 3.1415927410125732, 3.1415927410125732, 3.1415927410125732, 3.1415927410125732, 0.0, 0.0, 0.0, 0.0, 0.0, 0.0, 0.0, 0.0, 0.0, 0.0, 0.0, 0.0, 0.0, 0.0, 0.0, 0.0, 3.1415927410125732, 3.1415927410125732, 3.1415927410125732, 3.1415927410125732, 3.1415927410125732, 3.1415927410125732, 3.1415927410125732, 3.1415927410125732, 3.1415927410125732, 3.1415927410125732, 3.1415927410125732, 3.1415927410125732, 3.1415927410125732, 3.1415927410125732, 3.1415927410125732, 3.1415927410125732, 0.0, 0.0, 0.0, 0.0, 0.0, 0.0, 0.0, 0.0, 0.0, 0.0, 0.0, 0.0, 0.0, 0.0, 0.0, 0.0, 3.1415927410125732, 3.1415927410125732, 3.1415927410125732, 3.1415927410125732, 3.1415927410125732, 3.1415927410125732, 3.1415927410125732, 3.1415927410125732, 3.1415927410125732, 3.1415927410125732, 3.1415927410125732, 3.1415927410125732, 3.1415927410125732, 3.1415927410125732, 3.1415927410125732, 3.1415927410125732, 0.0, 0.0, 0.0, 0.0, 0.0, 0.0, 0.0, 0.0, 0.0, 0.0, 0.0, 0.0, 0.0, 0.0, 0.0, 0.0, 3.1415927410125732, 3.1415927410125732, 3.1415927410125732, 3.1415927410125732, 3.1415927410125732, 3.1415927410125732, 3.1415927410125732, 3.1415927410125732, 3.1415927410125732, 3.1415927410125732, 3.1415927410125732, 3.1415927410125732, 3.1415927410125732, 3.1415927410125732, 3.1415927410125732, 3.1415927410125732, 0.0, 0.0, 0.0, 0.0, 0.0, 0.0, 0.0, 0.0, 0.0, 0.0, 0.0, 0.0, 0.0, 0.0, 0.0, 0.0, 0.0, 0.0, 0.0, 0.0, 0.0, 0.0, 0.0, 0.0, 0.0, 0.0, 0.0, 0.0, 0.0, 0.0, 0.0, 0.0, 0.0, 0.0, 0.0, 0.0, 0.0, 0.0, 0.0, 0.0, 0.0, 0.0, 0.0, 0.0, 0.0, 0.0, 0.0, 0.0, 0.0, 0.0, 0.0, 0.0, 0.0, 0.0, 0.0, 0.0, 0.0, 0.0, 0.0, 0.0, 0.0, 0.0, 0.0, 0.0, 0.0, 0.0, 0.0, 0.0, 0.0, 0.0, 0.0, 0.0, 0.0, 0.0, 0.0, 0.0, 0.0, 0.0, 0.0, 0.0, 0.0, 0.0, 0.0, 0.0, 0.0, 0.0, 0.0, 0.0, 0.0, 0.0, 0.0, 0.0, 0.0, 0.0, 0.0, 0.0, 0.0, 0.0, 0.0, 0.0, 0.0, 0.0, 0.0, 0.0, 0.0, 0.0, 0.0, 0.0, 0.0, 0.0, 0.0, 0.0, 0.0, 0.0, 0.0, 0.0, 0.0, 0.0, 0.0, 0.0, 0.0, 0.0, 0.0, 0.0, 0.0, 0.0, 0.0, 0.0, 0.0, 0.0, 0.0, 0.0, 0.0, 0.0, 0.0, 0.0, 0.0, 0.0, 0.0, 0.0, 0.0, 0.0, 0.0, 0.0, 0.0, 0.0, 0.0, 0.0, 0.0, 0.0, 0.0, 0.0, 0.0, 0.0, 0.0, 0.0, 0.0, 0.0, 0.0, 0.0, 0.0, 0.0, 0.0, 0.0, 0.0, 0.0, 0.0, 0.0, 0.0, 0.0, 0.0, 0.0, 0.0, 0.0, 0.0, 0.0, 0.0, 0.0, 0.0, 0.0, 0.0, 0.0, 0.0, 0.0, 0.0, 0.0, 0.0, 0.0, 0.0, 0.0, 0.0, 0.0, 0.0, 0.0, 0.0, 0.0, 0.0, 0.0, 0.0, 0.0, 0.0, 0.0, 0.0, 0.0, 0.0, 0.0, 0.0, 0.0, 0.0, 0.0, 0.0, 0.0, 0.0, 0.0, 0.0, 0.0, 0.0, 0.0, 0.0, 0.0, 0.0, 0.0, 0.0, 0.0, 0.0, 0.0, 0.0, 0.0, 0.0, 0.0, 0.0, 0.0, 0.0, 0.0, 0.0, 0.0, 0.0, 0.0, 0.0, 0.0, 0.0, 0.0, 0.0, 0.0, 0.0, 0.0, 0.0, 0.0, 0.0, 0.0, 0.0, 0.0, 0.0, 0.0, 0.0, 0.0, 0.0, 0.0, 0.0, 0.0, 0.0, 0.0, 0.0, 0.0, 3.1415927410125732, 3.1415927410125732, 3.1415927410125732, 3.1415927410125732, 3.1415927410125732, 3.1415927410125732, 3.1415927410125732, 3.1415927410125732, 0.0, 0.0, 0.0, 0.0, 0.0, 0.0, 0.0, 0.0, 0.0, 0.0, 0.0, 0.0, 0.0, 0.0, 0.0, 0.0, 0.0, 0.0, 0.0, 0.0, 0.0, 0.0, 0.0, 0.0, 3.1415927410125732, 3.1415927410125732, 3.1415927410125732, 3.1415927410125732, 3.1415927410125732, 3.1415927410125732, 3.1415927410125732, 3.1415927410125732, 0.0, 0.0, 0.0, 0.0, 0.0, 0.0, 0.0, 0.0, 0.0, 0.0, 0.0, 0.0, 0.0, 0.0, 0.0, 0.0, 0.0, 0.0, 0.0, 0.0, 0.0, 0.0, 0.0, 0.0, 3.1415927410125732, 3.1415927410125732, 3.1415927410125732, 3.1415927410125732, 3.1415927410125732, 3.1415927410125732, 3.1415927410125732, 3.1415927410125732, 0.0, 0.0, 0.0, 0.0, 0.0, 0.0, 0.0, 0.0, 0.0, 0.0, 0.0, 0.0, 0.0, 0.0, 0.0, 0.0, 0.0, 0.0, 0.0, 0.0, 0.0, 0.0, 0.0, 0.0, 3.1415927410125732, 3.1415927410125732, 3.1415927410125732, 3.1415927410125732, 3.1415927410125732, 3.1415927410125732, 3.1415927410125732, 3.1415927410125732, 0.0, 0.0, 0.0, 0.0, 0.0, 0.0, 0.0, 0.0, 0.0, 0.0, 0.0, 0.0, 0.0, 0.0, 0.0, 0.0, 0.0, 0.0, 0.0, 0.0, 0.0, 0.0, 0.0, 0.0, 3.1415927410125732, 3.1415927410125732, 3.1415927410125732, 3.1415927410125732, 3.1415927410125732, 3.1415927410125732, 3.1415927410125732, 3.1415927410125732, 0.0, 0.0, 0.0, 0.0, 0.0, 0.0, 0.0, 0.0, 0.0, 0.0, 0.0, 0.0, 0.0, 0.0, 0.0, 0.0, 0.0, 0.0, 0.0, 0.0, 0.0, 0.0, 0.0, 0.0, 3.1415927410125732, 3.1415927410125732, 3.1415927410125732, 3.1415927410125732, 3.1415927410125732, 3.1415927410125732, 3.1415927410125732, 3.1415927410125732, 0.0, 0.0, 0.0, 0.0, 0.0, 0.0, 0.0, 0.0, 0.0, 0.0, 0.0, 0.0, 0.0, 0.0, 0.0, 0.0, 0.0, 0.0, 0.0, 0.0, 0.0, 0.0, 0.0, 0.0, 3.1415927410125732, 3.1415927410125732, 3.1415927410125732, 3.1415927410125732, 3.1415927410125732, 3.1415927410125732, 3.1415927410125732, 3.1415927410125732, 0.0, 0.0, 0.0, 0.0, 0.0, 0.0, 0.0, 0.0, 0.0, 0.0, 0.0, 0.0, 0.0, 0.0, 0.0, 0.0, 0.0, 0.0, 0.0, 0.0, 0.0, 0.0, 0.0, 0.0, 3.1415927410125732, 3.1415927410125732, 3.1415927410125732, 3.1415927410125732, 3.1415927410125732, 3.1415927410125732, 3.1415927410125732, 3.1415927410125732, 0.0, 0.0, 0.0, 0.0, 0.0, 0.0, 0.0, 0.0, 0.0, 0.0, 0.0, 0.0, 0.0, 0.0, 0.0, 0.0]"
0.6088365,0.15223686,0.15219523,0.15220979,0.15219462,0.15220913,-9.53539467,-9.53664207,-9.53620815,-9.53666496,"[3.1415927410125732, 3.1415927410125732, 3.1415927410125732, 3.1415927410125732, 3.1415927410125732, 3.1415927410125732, 3.1415927410125732, 3.1415927410125732, 3.1415927410125732, 3.1415927410125732, 3.1415927410125732, 3.1415927410125732, 3.1415927410125732, 3.1415927410125732, 3.1415927410125732, 3.1415927410125732, 3.1415927410125732, 3.1415927410125732, 3.1415927410125732, 3.1415927410125732, 3.1415927410125732, 3.1415927410125732, 3.1415927410125732, 3.1415927410125732, 3.1415927410125732, 3.1415927410125732, 3.1415927410125732, 3.1415927410125732, 3.1415927410125732, 3.1415927410125732, 3.1415927410125732, 3.1415927410125732, 3.1415927410125732, 3.1415927410125732, 3.1415927410125732, 3.1415927410125732, 3.1415927410125732, 3.1415927410125732, 3.1415927410125732, 3.1415927410125732, 3.1415927410125732, 3.1415927410125732, 3.1415927410125732, 3.1415927410125732, 3.1415927410125732, 3.1415927410125732, 3.1415927410125732, 3.1415927410125732, 3.1415927410125732, 3.1415927410125732, 3.1415927410125732, 3.1415927410125732, 3.1415927410125732, 3.1415927410125732, 3.1415927410125732, 3.1415927410125732, 3.1415927410125732, 3.1415927410125732, 3.1415927410125732, 3.1415927410125732, 3.1415927410125732, 3.1415927410125732, 3.1415927410125732, 3.1415927410125732, 3.1415927410125732, 3.1415927410125732, 3.1415927410125732, 3.1415927410125732, 3.1415927410125732, 3.1415927410125732, 3.1415927410125732, 3.1415927410125732, 3.1415927410125732, 3.1415927410125732, 3.1415927410125732, 3.1415927410125732, 3.1415927410125732, 3.1415927410125732, 3.1415927410125732, 3.1415927410125732, 3.1415927410125732, 3.1415927410125732, 3.1415927410125732, 3.1415927410125732, 3.1415927410125732, 3.1415927410125732, 3.1415927410125732, 3.1415927410125732, 3.1415927410125732, 3.1415927410125732, 3.1415927410125732, 3.1415927410125732, 3.1415927410125732, 3.1415927410125732, 3.1415927410125732, 3.1415927410125732, 3.1415927410125732, 3.1415927410125732, 3.1415927410125732, 3.1415927410125732, 3.1415927410125732, 3.1415927410125732, 3.1415927410125732, 3.1415927410125732, 3.1415927410125732, 3.1415927410125732, 3.1415927410125732, 3.1415927410125732, 3.1415927410125732, 3.1415927410125732, 3.1415927410125732, 3.1415927410125732, 3.1415927410125732, 3.1415927410125732, 3.1415927410125732, 3.1415927410125732, 3.1415927410125732, 3.1415927410125732, 3.1415927410125732, 3.1415927410125732, 3.1415927410125732, 3.1415927410125732, 3.1415927410125732, 3.1415927410125732, 3.1415927410125732, 3.1415927410125732, 3.1415927410125732, 3.1415927410125732, 3.1415927410125732, 3.1415927410125732, 3.1415927410125732, 3.1415927410125732, 3.1415927410125732, 3.1415927410125732, 3.1415927410125732, 3.1415927410125732, 3.1415927410125732, 3.1415927410125732, 3.1415927410125732, 3.1415927410125732, 3.1415927410125732, 3.1415927410125732, 3.1415927410125732, 3.1415927410125732, 3.1415927410125732, 3.1415927410125732, 3.1415927410125732, 3.1415927410125732, 3.1415927410125732, 3.1415927410125732, 3.1415927410125732, 3.1415927410125732, 3.1415927410125732, 3.1415927410125732, 3.1415927410125732, 3.1415927410125732, 3.1415927410125732, 3.1415927410125732, 3.1415927410125732, 3.1415927410125732, 3.1415927410125732, 3.1415927410125732, 3.1415927410125732, 3.1415927410125732, 3.1415927410125732, 3.1415927410125732, 3.1415927410125732, 3.1415927410125732, 3.1415927410125732, 3.1415927410125732, 3.1415927410125732, 3.1415927410125732, 3.1415927410125732, 3.1415927410125732, 3.1415927410125732, 3.1415927410125732, 3.1415927410125732, 3.1415927410125732, 3.1415927410125732, 3.1415927410125732, 3.1415927410125732, 3.1415927410125732, 3.1415927410125732, 3.1415927410125732, 3.1415927410125732, 3.1415927410125732, 3.1415927410125732, 3.1415927410125732, 3.1415927410125732, 3.1415927410125732, 3.1415927410125732, 3.1415927410125732, 3.1415927410125732, 3.1415927410125732, 3.1415927410125732, 3.1415927410125732, 3.1415927410125732, 3.1415927410125732, 3.1415927410125732, 3.1415927410125732, 3.1415927410125732, 3.1415927410125732, 3.1415927410125732, 3.1415927410125732, 3.1415927410125732, 3.1415927410125732, 3.1415927410125732, 3.1415927410125732, 3.1415927410125732, 3.1415927410125732, 3.1415927410125732, 3.1415927410125732, 3.1415927410125732, 3.1415927410125732, 3.1415927410125732, 3.1415927410125732, 3.1415927410125732, 3.1415927410125732, 3.1415927410125732, 3.1415927410125732, 3.1415927410125732, 3.1415927410125732, 3.1415927410125732, 3.1415927410125732, 3.1415927410125732, 3.1415927410125732, 3.1415927410125732, 3.1415927410125732, 3.1415927410125732, 3.1415927410125732, 3.1415927410125732, 3.1415927410125732, 3.1415927410125732, 3.1415927410125732, 3.1415927410125732, 3.1415927410125732, 3.1415927410125732, 3.1415927410125732, 3.1415927410125732, 3.1415927410125732, 3.1415927410125732, 3.1415927410125732, 3.1415927410125732, 3.1415927410125732, 3.1415927410125732, 3.1415927410125732, 3.1415927410125732, 3.1415927410125732, 3.1415927410125732, 3.1415927410125732, 3.1415927410125732, 3.1415927410125732, 3.1415927410125732, 3.1415927410125732, 3.1415927410125732, 3.1415927410125732, 0.0, 0.0, 0.0, 0.0, 0.0, 0.0, 0.0, 0.0, 0.0, 0.0, 0.0, 0.0, 0.0, 0.0, 0.0, 0.0, 3.1415927410125732, 3.1415927410125732, 3.1415927410125732, 3.1415927410125732, 3.1415927410125732, 3.1415927410125732, 3.1415927410125732, 3.1415927410125732, 3.1415927410125732, 3.1415927410125732, 3.1415927410125732, 3.1415927410125732, 3.1415927410125732, 3.1415927410125732, 3.1415927410125732, 3.1415927410125732, 0.0, 0.0, 0.0, 0.0, 0.0, 0.0, 0.0, 0.0, 0.0, 0.0, 0.0, 0.0, 0.0, 0.0, 0.0, 0.0, 3.1415927410125732, 3.1415927410125732, 3.1415927410125732, 3.1415927410125732, 3.1415927410125732, 3.1415927410125732, 3.1415927410125732, 3.1415927410125732, 3.1415927410125732, 3.1415927410125732, 3.1415927410125732, 3.1415927410125732, 3.1415927410125732, 3.1415927410125732, 3.1415927410125732, 3.1415927410125732, 0.0, 0.0, 0.0, 0.0, 0.0, 0.0, 0.0, 0.0, 0.0, 0.0, 0.0, 0.0, 0.0, 0.0, 0.0, 0.0, 3.1415927410125732, 3.1415927410125732, 3.1415927410125732, 3.1415927410125732, 3.1415927410125732, 3.1415927410125732, 3.1415927410125732, 3.1415927410125732, 3.1415927410125732, 3.1415927410125732, 3.1415927410125732, 3.1415927410125732, 3.1415927410125732, 3.1415927410125732, 3.1415927410125732, 3.1415927410125732, 0.0, 0.0, 0.0, 0.0, 0.0, 0.0, 0.0, 0.0, 0.0, 0.0, 0.0, 0.0, 0.0, 0.0, 0.0, 0.0, 3.1415927410125732, 3.1415927410125732, 3.1415927410125732, 3.1415927410125732, 3.1415927410125732, 3.1415927410125732, 3.1415927410125732, 3.1415927410125732, 3.1415927410125732, 3.1415927410125732, 3.1415927410125732, 3.1415927410125732, 3.1415927410125732, 3.1415927410125732, 3.1415927410125732, 3.1415927410125732, 0.0, 0.0, 0.0, 0.0, 0.0, 0.0, 0.0, 0.0, 0.0, 0.0, 0.0, 0.0, 0.0, 0.0, 0.0, 0.0, 3.1415927410125732, 3.1415927410125732, 3.1415927410125732, 3.1415927410125732, 3.1415927410125732, 3.1415927410125732, 3.1415927410125732, 3.1415927410125732, 3.1415927410125732, 3.1415927410125732, 3.1415927410125732, 3.1415927410125732, 3.1415927410125732, 3.1415927410125732, 3.1415927410125732, 3.1415927410125732, 0.0, 0.0, 0.0, 0.0, 0.0, 0.0, 0.0, 0.0, 0.0, 0.0, 0.0, 0.0, 0.0, 0.0, 0.0, 0.0, 3.1415927410125732, 3.1415927410125732, 3.1415927410125732, 3.1415927410125732, 3.1415927410125732, 3.1415927410125732, 3.1415927410125732, 3.1415927410125732, 3.1415927410125732, 3.1415927410125732, 3.1415927410125732, 3.1415927410125732, 3.1415927410125732, 3.1415927410125732, 3.1415927410125732, 3.1415927410125732, 0.0, 0.0, 0.0, 0.0, 0.0, 0.0, 0.0, 0.0, 0.0, 0.0, 0.0, 0.0, 0.0, 0.0, 0.0, 0.0, 3.1415927410125732, 3.1415927410125732, 3.1415927410125732, 3.1415927410125732, 3.1415927410125732, 3.1415927410125732, 3.1415927410125732, 3.1415927410125732, 3.1415927410125732, 3.1415927410125732, 3.1415927410125732, 3.1415927410125732, 3.1415927410125732, 3.1415927410125732, 3.1415927410125732, 3.1415927410125732, 0.0, 0.0, 0.0, 0.0, 0.0, 0.0, 0.0, 0.0, 0.0, 0.0, 0.0, 0.0, 0.0, 0.0, 0.0, 0.0, 3.1415927410125732, 3.1415927410125732, 3.1415927410125732, 3.1415927410125732, 3.1415927410125732, 3.1415927410125732, 3.1415927410125732, 3.1415927410125732, 3.1415927410125732, 3.1415927410125732, 3.1415927410125732, 3.1415927410125732, 3.1415927410125732, 3.1415927410125732, 3.1415927410125732, 3.1415927410125732, 0.0, 0.0, 0.0, 0.0, 0.0, 0.0, 0.0, 0.0, 0.0, 0.0, 0.0, 0.0, 0.0, 0.0, 0.0, 0.0, 0.0, 0.0, 0.0, 0.0, 0.0, 0.0, 0.0, 0.0, 0.0, 0.0, 0.0, 0.0, 0.0, 0.0, 0.0, 0.0, 0.0, 0.0, 0.0, 0.0, 0.0, 0.0, 0.0, 0.0, 0.0, 0.0, 0.0, 0.0, 0.0, 0.0, 0.0, 0.0, 0.0, 0.0, 0.0, 0.0, 0.0, 0.0, 0.0, 0.0, 0.0, 0.0, 0.0, 0.0, 0.0, 0.0, 0.0, 0.0, 0.0, 0.0, 0.0, 0.0, 0.0, 0.0, 0.0, 0.0, 0.0, 0.0, 0.0, 0.0, 0.0, 0.0, 0.0, 0.0, 0.0, 0.0, 0.0, 0.0, 0.0, 0.0, 0.0, 0.0, 0.0, 0.0, 0.0, 0.0, 0.0, 0.0, 0.0, 0.0, 0.0, 0.0, 0.0, 0.0, 0.0, 0.0, 0.0, 0.0, 0.0, 0.0, 0.0, 0.0, 0.0, 0.0, 0.0, 0.0, 0.0, 0.0, 0.0, 0.0, 0.0, 0.0, 0.0, 0.0, 0.0, 0.0, 0.0, 0.0, 0.0, 0.0, 0.0, 0.0, 0.0, 0.0, 0.0, 0.0, 0.0, 0.0, 0.0, 0.0, 0.0, 0.0, 0.0, 0.0, 0.0, 0.0, 0.0, 0.0, 0.0, 0.0, 0.0, 0.0, 0.0, 0.0, 0.0, 0.0, 0.0, 0.0, 0.0, 0.0, 0.0, 0.0, 0.0, 0.0, 0.0, 0.0, 0.0, 0.0, 0.0, 0.0, 0.0, 0.0, 0.0, 0.0, 0.0, 0.0, 0.0, 0.0, 0.0, 0.0, 0.0, 0.0, 0.0, 0.0, 0.0, 0.0, 0.0, 0.0, 0.0, 0.0, 0.0, 0.0, 0.0, 0.0, 0.0, 0.0, 0.0, 0.0, 0.0, 0.0, 0.0, 0.0, 0.0, 0.0, 0.0, 0.0, 0.0, 0.0, 0.0, 0.0, 0.0, 0.0, 0.0, 0.0, 0.0, 0.0, 0.0, 0.0, 0.0, 0.0, 0.0, 0.0, 0.0, 0.0, 0.0, 0.0, 0.0, 0.0, 0.0, 0.0, 0.0, 0.0, 0.0, 0.0, 0.0, 0.0, 0.0, 0.0, 0.0, 0.0, 0.0, 0.0, 0.0, 0.0, 0.0, 0.0, 0.0, 0.0, 0.0, 0.0, 0.0, 0.0, 0.0, 0.0, 0.0, 0.0, 0.0, 0.0, 0.0, 0.0, 0.0, 0.0, 0.0, 0.0, 0.0, 0.0, 0.0, 0.0, 3.1415927410125732, 3.1415927410125732, 3.1415927410125732, 3.1415927410125732, 3.1415927410125732, 3.1415927410125732, 3.1415927410125732, 3.1415927410125732, 0.0, 0.0, 0.0, 0.0, 0.0, 0.0, 0.0, 0.0, 0.0, 0.0, 0.0, 0.0, 0.0, 0.0, 0.0, 0.0, 0.0, 0.0, 0.0, 0.0, 0.0, 0.0, 0.0, 0.0, 3.1415927410125732, 3.1415927410125732, 3.1415927410125732, 3.1415927410125732, 3.1415927410125732, 3.1415927410125732, 3.1415927410125732, 3.1415927410125732, 0.0, 0.0, 0.0, 0.0, 0.0, 0.0, 0.0, 0.0, 0.0, 0.0, 0.0, 0.0, 0.0, 0.0, 0.0, 0.0, 0.0, 0.0, 0.0, 0.0, 0.0, 0.0, 0.0, 0.0, 3.1415927410125732, 3.1415927410125732, 3.1415927410125732, 3.1415927410125732, 3.1415927410125732, 3.1415927410125732, 3.1415927410125732, 3.1415927410125732, 0.0, 0.0, 0.0, 0.0, 0.0, 0.0, 0.0, 0.0, 0.0, 0.0, 0.0, 0.0, 0.0, 0.0, 0.0, 0.0, 0.0, 0.0, 0.0, 0.0, 0.0, 0.0, 0.0, 0.0, 3.1415927410125732, 3.1415927410125732, 3.1415927410125732, 3.1415927410125732, 3.1415927410125732, 3.1415927410125732, 3.1415927410125732, 3.1415927410125732, 0.0, 0.0, 0.0, 0.0, 0.0, 0.0, 0.0, 0.0, 0.0, 0.0, 0.0, 0.0, 0.0, 0.0, 0.0, 0.0, 0.0, 0.0, 0.0, 0.0, 0.0, 0.0, 0.0, 0.0, 3.1415927410125732, 3.1415927410125732, 3.1415927410125732, 3.1415927410125732, 3.1415927410125732, 3.1415927410125732, 3.1415927410125732, 3.1415927410125732, 0.0, 0.0, 0.0, 0.0, 0.0, 0.0, 0.0, 0.0, 0.0, 0.0, 0.0, 0.0, 0.0, 0.0, 0.0, 0.0, 0.0, 0.0, 0.0, 0.0, 0.0, 0.0, 0.0, 0.0, 3.1415927410125732, 3.1415927410125732, 3.1415927410125732, 3.1415927410125732, 3.1415927410125732, 3.1415927410125732, 3.1415927410125732, 3.1415927410125732, 0.0, 0.0, 0.0, 0.0, 0.0, 0.0, 0.0, 0.0, 0.0, 0.0, 0.0, 0.0, 0.0, 0.0, 0.0, 0.0, 0.0, 0.0, 0.0, 0.0, 0.0, 0.0, 0.0, 0.0, 3.1415927410125732, 3.1415927410125732, 3.1415927410125732, 3.1415927410125732, 3.1415927410125732, 3.1415927410125732, 3.1415927410125732, 3.1415927410125732, 0.0, 0.0, 0.0, 0.0, 0.0, 0.0, 0.0, 0.0, 0.0, 0.0, 0.0, 0.0, 0.0, 0.0, 0.0, 0.0, 0.0, 0.0, 0.0, 0.0, 0.0, 0.0, 0.0, 0.0, 3.1415927410125732, 3.1415927410125732, 3.1415927410125732, 3.1415927410125732, 3.1415927410125732, 3.1415927410125732, 3.1415927410125732, 3.1415927410125732, 0.0, 0.0, 0.0, 0.0, 0.0, 0.0, 0.0, 0.0, 0.0, 0.0, 0.0, 0.0, 0.0, 0.0, 0.0, 0.0]"
0.6088365,0.15223686,0.15219523,0.15220979,0.15219462,0.15220913,-9.53539467,-9.53664207,-9.53620815,-9.53666496,"[3.1415927410125732, 3.1415927410125732, 3.1415927410125732, 3.1415927410125732, 3.1415927410125732, 3.1415927410125732, 3.1415927410125732, 3.1415927410125732, 3.1415927410125732, 3.1415927410125732, 3.1415927410125732, 3.1415927410125732, 3.1415927410125732, 3.1415927410125732, 3.1415927410125732, 3.1415927410125732, 3.1415927410125732, 3.1415927410125732, 3.1415927410125732, 3.1415927410125732, 3.1415927410125732, 3.1415927410125732, 3.1415927410125732, 3.1415927410125732, 3.1415927410125732, 3.1415927410125732, 3.1415927410125732, 3.1415927410125732, 3.1415927410125732, 3.1415927410125732, 3.1415927410125732, 3.1415927410125732, 3.1415927410125732, 3.1415927410125732, 3.1415927410125732, 3.1415927410125732, 3.1415927410125732, 3.1415927410125732, 3.1415927410125732, 3.1415927410125732, 3.1415927410125732, 3.1415927410125732, 3.1415927410125732, 3.1415927410125732, 3.1415927410125732, 3.1415927410125732, 3.1415927410125732, 3.1415927410125732, 3.1415927410125732, 3.1415927410125732, 3.1415927410125732, 3.1415927410125732, 3.1415927410125732, 3.1415927410125732, 3.1415927410125732, 3.1415927410125732, 3.1415927410125732, 3.1415927410125732, 3.1415927410125732, 3.1415927410125732, 3.1415927410125732, 3.1415927410125732, 3.1415927410125732, 3.1415927410125732, 3.1415927410125732, 3.1415927410125732, 3.1415927410125732, 3.1415927410125732, 3.1415927410125732, 3.1415927410125732, 3.1415927410125732, 3.1415927410125732, 3.1415927410125732, 3.1415927410125732, 3.1415927410125732, 3.1415927410125732, 3.1415927410125732, 3.1415927410125732, 3.1415927410125732, 3.1415927410125732, 3.1415927410125732, 3.1415927410125732, 3.1415927410125732, 3.1415927410125732, 3.1415927410125732, 3.1415927410125732, 3.1415927410125732, 3.1415927410125732, 3.1415927410125732, 3.1415927410125732, 3.1415927410125732, 3.1415927410125732, 3.1415927410125732, 3.1415927410125732, 3.1415927410125732, 3.1415927410125732, 3.1415927410125732, 3.1415927410125732, 3.1415927410125732, 3.1415927410125732, 3.1415927410125732, 3.1415927410125732, 3.1415927410125732, 3.1415927410125732, 3.1415927410125732, 3.1415927410125732, 3.1415927410125732, 3.1415927410125732, 3.1415927410125732, 3.1415927410125732, 3.1415927410125732, 3.1415927410125732, 3.1415927410125732, 3.1415927410125732, 3.1415927410125732, 3.1415927410125732, 3.1415927410125732, 3.1415927410125732, 3.1415927410125732, 3.1415927410125732, 3.1415927410125732, 3.1415927410125732, 3.1415927410125732, 3.1415927410125732, 3.1415927410125732, 3.1415927410125732, 3.1415927410125732, 3.1415927410125732, 3.1415927410125732, 3.1415927410125732, 3.1415927410125732, 3.1415927410125732, 3.1415927410125732, 3.1415927410125732, 3.1415927410125732, 3.1415927410125732, 3.1415927410125732, 3.1415927410125732, 3.1415927410125732, 3.1415927410125732, 3.1415927410125732, 3.1415927410125732, 3.1415927410125732, 3.1415927410125732, 3.1415927410125732, 3.1415927410125732, 3.1415927410125732, 3.1415927410125732, 3.1415927410125732, 3.1415927410125732, 3.1415927410125732, 3.1415927410125732, 3.1415927410125732, 3.1415927410125732, 3.1415927410125732, 3.1415927410125732, 3.1415927410125732, 3.1415927410125732, 3.1415927410125732, 3.1415927410125732, 3.1415927410125732, 3.1415927410125732, 3.1415927410125732, 3.1415927410125732, 3.1415927410125732, 3.1415927410125732, 3.1415927410125732, 3.1415927410125732, 3.1415927410125732, 3.1415927410125732, 3.1415927410125732, 3.1415927410125732, 3.1415927410125732, 3.1415927410125732, 3.1415927410125732, 3.1415927410125732, 3.1415927410125732, 3.1415927410125732, 3.1415927410125732, 3.1415927410125732, 3.1415927410125732, 3.1415927410125732, 3.1415927410125732, 3.1415927410125732, 3.1415927410125732, 3.1415927410125732, 3.1415927410125732, 3.1415927410125732, 3.1415927410125732, 3.1415927410125732, 3.1415927410125732, 3.1415927410125732, 3.1415927410125732, 3.1415927410125732, 3.1415927410125732, 3.1415927410125732, 3.1415927410125732, 3.1415927410125732, 3.1415927410125732, 3.1415927410125732, 3.1415927410125732, 3.1415927410125732, 3.1415927410125732, 3.1415927410125732, 3.1415927410125732, 3.1415927410125732, 3.1415927410125732, 3.1415927410125732, 3.1415927410125732, 3.1415927410125732, 3.1415927410125732, 3.1415927410125732, 3.1415927410125732, 3.1415927410125732, 3.1415927410125732, 3.1415927410125732, 3.1415927410125732, 3.1415927410125732, 3.1415927410125732, 3.1415927410125732, 3.1415927410125732, 3.1415927410125732, 3.1415927410125732, 3.1415927410125732, 3.1415927410125732, 3.1415927410125732, 3.1415927410125732, 3.1415927410125732, 3.1415927410125732, 3.1415927410125732, 3.1415927410125732, 3.1415927410125732, 3.1415927410125732, 3.1415927410125732, 3.1415927410125732, 3.1415927410125732, 3.1415927410125732, 3.1415927410125732, 3.1415927410125732, 3.1415927410125732, 3.1415927410125732, 3.1415927410125732, 3.1415927410125732, 3.1415927410125732, 3.1415927410125732, 3.1415927410125732, 3.1415927410125732, 3.1415927410125732, 3.1415927410125732, 3.1415927410125732, 3.1415927410125732, 3.1415927410125732, 3.1415927410125732, 3.1415927410125732, 3.1415927410125732, 3.1415927410125732, 0.0, 0.0, 0.0, 0.0, 0.0, 0.0, 0.0, 0.0, 0.0, 0.0, 0.0, 0.0, 0.0, 0.0, 0.0, 0.0, 3.1415927410125732, 3.1415927410125732, 3.1415927410125732, 3.1415927410125732, 3.1415927410125732, 3.1415927410125732, 3.1415927410125732, 3.1415927410125732, 3.1415927410125732, 3.1415927410125732, 3.1415927410125732, 3.1415927410125732, 3.1415927410125732, 3.1415927410125732, 3.1415927410125732, 3.1415927410125732, 0.0, 0.0, 0.0, 0.0, 0.0, 0.0, 0.0, 0.0, 0.0, 0.0, 0.0, 0.0, 0.0, 0.0, 0.0, 0.0, 3.1415927410125732, 3.1415927410125732, 3.1415927410125732, 3.1415927410125732, 3.1415927410125732, 3.1415927410125732, 3.1415927410125732, 3.1415927410125732, 3.1415927410125732, 3.1415927410125732, 3.1415927410125732, 3.1415927410125732, 3.1415927410125732, 3.1415927410125732, 3.1415927410125732, 3.1415927410125732, 0.0, 0.0, 0.0, 0.0, 0.0, 0.0, 0.0, 0.0, 0.0, 0.0, 0.0, 0.0, 0.0, 0.0, 0.0, 0.0, 3.1415927410125732, 3.1415927410125732, 3.1415927410125732, 3.1415927410125732, 3.1415927410125732, 3.1415927410125732, 3.1415927410125732, 3.1415927410125732, 3.1415927410125732, 3.1415927410125732, 3.1415927410125732, 3.1415927410125732, 3.1415927410125732, 3.1415927410125732, 3.1415927410125732, 3.1415927410125732, 0.0, 0.0, 0.0, 0.0, 0.0, 0.0, 0.0, 0.0, 0.0, 0.0, 0.0, 0.0, 0.0, 0.0, 0.0, 0.0, 3.1415927410125732, 3.1415927410125732, 3.1415927410125732, 3.1415927410125732, 3.1415927410125732, 3.1415927410125732, 3.1415927410125732, 3.1415927410125732, 3.1415927410125732, 3.1415927410125732, 3.1415927410125732, 3.1415927410125732, 3.1415927410125732, 3.1415927410125732, 3.1415927410125732, 3.1415927410125732, 0.0, 0.0, 0.0, 0.0, 0.0, 0.0, 0.0, 0.0, 0.0, 0.0, 0.0, 0.0, 0.0, 0.0, 0.0, 0.0, 3.1415927410125732, 3.1415927410125732, 3.1415927410125732, 3.1415927410125732, 3.1415927410125732, 3.1415927410125732, 3.1415927410125732, 3.1415927410125732, 3.1415927410125732, 3.1415927410125732, 3.1415927410125732, 3.1415927410125732, 3.1415927410125732, 3.1415927410125732, 3.1415927410125732, 3.1415927410125732, 0.0, 0.0, 0.0, 0.0, 0.0, 0.0, 0.0, 0.0, 0.0, 0.0, 0.0, 0.0, 0.0, 0.0, 0.0, 0.0, 3.1415927410125732, 3.1415927410125732, 3.1415927410125732, 3.1415927410125732, 3.1415927410125732, 3.1415927410125732, 3.1415927410125732, 3.1415927410125732, 3.1415927410125732, 3.1415927410125732, 3.1415927410125732, 3.1415927410125732, 3.1415927410125732, 3.1415927410125732, 3.1415927410125732, 3.1415927410125732, 0.0, 0.0, 0.0, 0.0, 0.0, 0.0, 0.0, 0.0, 0.0, 0.0, 0.0, 0.0, 0.0, 0.0, 0.0, 0.0, 3.1415927410125732, 3.1415927410125732, 3.1415927410125732, 3.1415927410125732, 3.1415927410125732, 3.1415927410125732, 3.1415927410125732, 3.1415927410125732, 3.1415927410125732, 3.1415927410125732, 3.1415927410125732, 3.1415927410125732, 3.1415927410125732, 3.1415927410125732, 3.1415927410125732, 3.1415927410125732, 0.0, 0.0, 0.0, 0.0, 0.0, 0.0, 0.0, 0.0, 0.0, 0.0, 0.0, 0.0, 0.0, 0.0, 0.0, 0.0, 3.1415927410125732, 3.1415927410125732, 3.1415927410125732, 3.1415927410125732, 3.1415927410125732, 3.1415927410125732, 3.1415927410125732, 3.1415927410125732, 3.1415927410125732, 3.1415927410125732, 3.1415927410125732, 3.1415927410125732, 3.1415927410125732, 3.1415927410125732, 3.1415927410125732, 3.1415927410125732, 0.0, 0.0, 0.0, 0.0, 0.0, 0.0, 0.0, 0.0, 0.0, 0.0, 0.0, 0.0, 0.0, 0.0, 0.0, 0.0, 0.0, 0.0, 0.0, 0.0, 0.0, 0.0, 0.0, 0.0, 0.0, 0.0, 0.0, 0.0, 0.0, 0.0, 0.0, 0.0, 0.0, 0.0, 0.0, 0.0, 0.0, 0.0, 0.0, 0.0, 0.0, 0.0, 0.0, 0.0, 0.0, 0.0, 0.0, 0.0, 0.0, 0.0, 0.0, 0.0, 0.0, 0.0, 0.0, 0.0, 0.0, 0.0, 0.0, 0.0, 0.0, 0.0, 0.0, 0.0, 0.0, 0.0, 0.0, 0.0, 0.0, 0.0, 0.0, 0.0, 0.0, 0.0, 0.0, 0.0, 0.0, 0.0, 0.0, 0.0, 0.0, 0.0, 0.0, 0.0, 0.0, 0.0, 0.0, 0.0, 0.0, 0.0, 0.0, 0.0, 0.0, 0.0, 0.0, 0.0, 0.0, 0.0, 0.0, 0.0, 0.0, 0.0, 0.0, 0.0, 0.0, 0.0, 0.0, 0.0, 0.0, 0.0, 0.0, 0.0, 0.0, 0.0, 0.0, 0.0, 0.0, 0.0, 0.0, 0.0, 0.0, 0.0, 0.0, 0.0, 0.0, 0.0, 0.0, 0.0, 0.0, 0.0, 0.0, 0.0, 0.0, 0.0, 0.0, 0.0, 0.0, 0.0, 0.0, 0.0, 0.0, 0.0, 0.0, 0.0, 0.0, 0.0, 0.0, 0.0, 0.0, 0.0, 0.0, 0.0, 0.0, 0.0, 0.0, 0.0, 0.0, 0.0, 0.0, 0.0, 0.0, 0.0, 0.0, 0.0, 0.0, 0.0, 0.0, 0.0, 0.0, 0.0, 0.0, 0.0, 0.0, 0.0, 0.0, 0.0, 0.0, 0.0, 0.0, 0.0, 0.0, 0.0, 0.0, 0.0, 0.0, 0.0, 0.0, 0.0, 0.0, 0.0, 0.0, 0.0, 0.0, 0.0, 0.0, 0.0, 0.0, 0.0, 0.0, 0.0, 0.0, 0.0, 0.0, 0.0, 0.0, 0.0, 0.0, 0.0, 0.0, 0.0, 0.0, 0.0, 0.0, 0.0, 0.0, 0.0, 0.0, 0.0, 0.0, 0.0, 0.0, 0.0, 0.0, 0.0, 0.0, 0.0, 0.0, 0.0, 0.0, 0.0, 0.0, 0.0, 0.0, 0.0, 0.0, 0.0, 0.0, 0.0, 0.0, 0.0, 0.0, 0.0, 0.0, 0.0, 0.0, 0.0, 0.0, 0.0, 0.0, 0.0, 0.0, 0.0, 0.0, 0.0, 0.0, 0.0, 0.0, 0.0, 0.0, 0.0, 0.0, 0.0, 0.0, 0.0, 3.1415927410125732, 3.1415927410125732, 3.1415927410125732, 3.1415927410125732, 3.1415927410125732, 3.1415927410125732, 3.1415927410125732, 3.1415927410125732, 0.0, 0.0, 0.0, 0.0, 0.0, 0.0, 0.0, 0.0, 0.0, 0.0, 0.0, 0.0, 0.0, 0.0, 0.0, 0.0, 0.0, 0.0, 0.0, 0.0, 0.0, 0.0, 0.0, 0.0, 3.1415927410125732, 3.1415927410125732, 3.1415927410125732, 3.1415927410125732, 3.1415927410125732, 3.1415927410125732, 3.1415927410125732, 3.1415927410125732, 0.0, 0.0, 0.0, 0.0, 0.0, 0.0, 0.0, 0.0, 0.0, 0.0, 0.0, 0.0, 0.0, 0.0, 0.0, 0.0, 0.0, 0.0, 0.0, 0.0, 0.0, 0.0, 0.0, 0.0, 3.1415927410125732, 3.1415927410125732, 3.1415927410125732, 3.1415927410125732, 3.1415927410125732, 3.1415927410125732, 3.1415927410125732, 3.1415927410125732, 0.0, 0.0, 0.0, 0.0, 0.0, 0.0, 0.0, 0.0, 0.0, 0.0, 0.0, 0.0, 0.0, 0.0, 0.0, 0.0, 0.0, 0.0, 0.0, 0.0, 0.0, 0.0, 0.0, 0.0, 3.1415927410125732, 3.1415927410125732, 3.1415927410125732, 3.1415927410125732, 3.1415927410125732, 3.1415927410125732, 3.1415927410125732, 3.1415927410125732, 0.0, 0.0, 0.0, 0.0, 0.0, 0.0, 0.0, 0.0, 0.0, 0.0, 0.0, 0.0, 0.0, 0.0, 0.0, 0.0, 0.0, 0.0, 0.0, 0.0, 0.0, 0.0, 0.0, 0.0, 3.1415927410125732, 3.1415927410125732, 3.1415927410125732, 3.1415927410125732, 3.1415927410125732, 3.1415927410125732, 3.1415927410125732, 3.1415927410125732, 0.0, 0.0, 0.0, 0.0, 0.0, 0.0, 0.0, 0.0, 0.0, 0.0, 0.0, 0.0, 0.0, 0.0, 0.0, 0.0, 0.0, 0.0, 0.0, 0.0, 0.0, 0.0, 0.0, 0.0, 3.1415927410125732, 3.1415927410125732, 3.1415927410125732, 3.1415927410125732, 3.1415927410125732, 3.1415927410125732, 3.1415927410125732, 3.1415927410125732, 0.0, 0.0, 0.0, 0.0, 0.0, 0.0, 0.0, 0.0, 0.0, 0.0, 0.0, 0.0, 0.0, 0.0, 0.0, 0.0, 0.0, 0.0, 0.0, 0.0, 0.0, 0.0, 0.0, 0.0, 3.1415927410125732, 3.1415927410125732, 3.1415927410125732, 3.1415927410125732, 3.1415927410125732, 3.1415927410125732, 3.1415927410125732, 3.1415927410125732, 0.0, 0.0, 0.0, 0.0, 0.0, 0.0, 0.0, 0.0, 0.0, 0.0, 0.0, 0.0, 0.0, 0.0, 0.0, 0.0, 0.0, 0.0, 0.0, 0.0, 0.0, 0.0, 0.0, 0.0, 3.1415927410125732, 3.1415927410125732, 3.1415927410125732, 3.1415927410125732, 3.1415927410125732, 3.1415927410125732, 3.1415927410125732, 3.1415927410125732, 0.0, 0.0, 0.0, 0.0, 0.0, 0.0, 0.0, 0.0, 0.0, 0.0, 0.0, 0.0, 0.0, 0.0, 0.0, 0.0]"
0.6088365,0.15223686,0.15219523,0.15220979,0.15219462,0.15220913,-9.53539467,-9.53664207,-9.53620815,-9.53666496,"[3.1415927410125732, 3.1415927410125732, 3.1415927410125732, 3.1415927410125732, 3.1415927410125732, 3.1415927410125732, 3.1415927410125732, 3.1415927410125732, 3.1415927410125732, 3.1415927410125732, 3.1415927410125732, 3.1415927410125732, 3.1415927410125732, 3.1415927410125732, 3.1415927410125732, 3.1415927410125732, 3.1415927410125732, 3.1415927410125732, 3.1415927410125732, 3.1415927410125732, 3.1415927410125732, 3.1415927410125732, 3.1415927410125732, 3.1415927410125732, 3.1415927410125732, 3.1415927410125732, 3.1415927410125732, 3.1415927410125732, 3.1415927410125732, 3.1415927410125732, 3.1415927410125732, 3.1415927410125732, 3.1415927410125732, 3.1415927410125732, 3.1415927410125732, 3.1415927410125732, 3.1415927410125732, 3.1415927410125732, 3.1415927410125732, 3.1415927410125732, 3.1415927410125732, 3.1415927410125732, 3.1415927410125732, 3.1415927410125732, 3.1415927410125732, 3.1415927410125732, 3.1415927410125732, 3.1415927410125732, 3.1415927410125732, 3.1415927410125732, 3.1415927410125732, 3.1415927410125732, 3.1415927410125732, 3.1415927410125732, 3.1415927410125732, 3.1415927410125732, 3.1415927410125732, 3.1415927410125732, 3.1415927410125732, 3.1415927410125732, 3.1415927410125732, 3.1415927410125732, 3.1415927410125732, 3.1415927410125732, 3.1415927410125732, 3.1415927410125732, 3.1415927410125732, 3.1415927410125732, 3.1415927410125732, 3.1415927410125732, 3.1415927410125732, 3.1415927410125732, 3.1415927410125732, 3.1415927410125732, 3.1415927410125732, 3.1415927410125732, 3.1415927410125732, 3.1415927410125732, 3.1415927410125732, 3.1415927410125732, 3.1415927410125732, 3.1415927410125732, 3.1415927410125732, 3.1415927410125732, 3.1415927410125732, 3.1415927410125732, 3.1415927410125732, 3.1415927410125732, 3.1415927410125732, 3.1415927410125732, 3.1415927410125732, 3.1415927410125732, 3.1415927410125732, 3.1415927410125732, 3.1415927410125732, 3.1415927410125732, 3.1415927410125732, 3.1415927410125732, 3.1415927410125732, 3.1415927410125732, 3.1415927410125732, 3.1415927410125732, 3.1415927410125732, 3.1415927410125732, 3.1415927410125732, 3.1415927410125732, 3.1415927410125732, 3.1415927410125732, 3.1415927410125732, 3.1415927410125732, 3.1415927410125732, 3.1415927410125732, 3.1415927410125732, 3.1415927410125732, 3.1415927410125732, 3.1415927410125732, 3.1415927410125732, 3.1415927410125732, 3.1415927410125732, 3.1415927410125732, 3.1415927410125732, 3.1415927410125732, 3.1415927410125732, 3.1415927410125732, 3.1415927410125732, 3.1415927410125732, 3.1415927410125732, 3.1415927410125732, 3.1415927410125732, 3.1415927410125732, 3.1415927410125732, 3.1415927410125732, 3.1415927410125732, 3.1415927410125732, 3.1415927410125732, 3.1415927410125732, 3.1415927410125732, 3.1415927410125732, 3.1415927410125732, 3.1415927410125732, 3.1415927410125732, 3.1415927410125732, 3.1415927410125732, 3.1415927410125732, 3.1415927410125732, 3.1415927410125732, 3.1415927410125732, 3.1415927410125732, 3.1415927410125732, 3.1415927410125732, 3.1415927410125732, 3.1415927410125732, 3.1415927410125732, 3.1415927410125732, 3.1415927410125732, 3.1415927410125732, 3.1415927410125732, 3.1415927410125732, 3.1415927410125732, 3.1415927410125732, 3.1415927410125732, 3.1415927410125732, 3.1415927410125732, 3.1415927410125732, 3.1415927410125732, 3.1415927410125732, 3.1415927410125732, 3.1415927410125732, 3.1415927410125732, 3.1415927410125732, 3.1415927410125732, 3.1415927410125732, 3.1415927410125732, 3.1415927410125732, 3.1415927410125732, 3.1415927410125732, 3.1415927410125732, 3.1415927410125732, 3.1415927410125732, 3.1415927410125732, 3.1415927410125732, 3.1415927410125732, 3.1415927410125732, 3.1415927410125732, 3.1415927410125732, 3.1415927410125732, 3.1415927410125732, 3.1415927410125732, 3.1415927410125732, 3.1415927410125732, 3.1415927410125732, 3.1415927410125732, 3.1415927410125732, 3.1415927410125732, 3.1415927410125732, 3.1415927410125732, 3.1415927410125732, 3.1415927410125732, 3.1415927410125732, 3.1415927410125732, 3.1415927410125732, 3.1415927410125732, 3.1415927410125732, 3.1415927410125732, 3.1415927410125732, 3.1415927410125732, 3.1415927410125732, 3.1415927410125732, 3.1415927410125732, 3.1415927410125732, 3.1415927410125732, 3.1415927410125732, 3.1415927410125732, 3.1415927410125732, 3.1415927410125732, 3.1415927410125732, 3.1415927410125732, 3.1415927410125732, 3.1415927410125732, 3.1415927410125732, 3.1415927410125732, 3.1415927410125732, 3.1415927410125732, 3.1415927410125732, 3.1415927410125732, 3.1415927410125732, 3.1415927410125732, 3.1415927410125732, 3.1415927410125732, 3.1415927410125732, 3.1415927410125732, 3.1415927410125732, 3.1415927410125732, 3.1415927410125732, 3.1415927410125732, 3.1415927410125732, 3.1415927410125732, 3.1415927410125732, 3.1415927410125732, 3.1415927410125732, 3.1415927410125732, 3.1415927410125732, 3.1415927410125732, 3.1415927410125732, 3.1415927410125732, 3.1415927410125732, 3.1415927410125732, 3.1415927410125732, 3.1415927410125732, 3.1415927410125732, 3.1415927410125732, 3.1415927410125732, 3.1415927410125732, 3.1415927410125732, 3.1415927410125732, 3.1415927410125732, 0.0, 0.0, 0.0, 0.0, 0.0, 0.0, 0.0, 0.0, 0.0, 0.0, 0.0, 0.0, 0.0, 0.0, 0.0, 0.0, 3.1415927410125732, 3.1415927410125732, 3.1415927410125732, 3.1415927410125732, 3.1415927410125732, 3.1415927410125732, 3.1415927410125732, 3.1415927410125732, 3.1415927410125732, 3.1415927410125732, 3.1415927410125732, 3.1415927410125732, 3.1415927410125732, 3.1415927410125732, 3.1415927410125732, 3.1415927410125732, 0.0, 0.0, 0.0, 0.0, 0.0, 0.0, 0.0, 0.0, 0.0, 0.0, 0.0, 0.0, 0.0, 0.0, 0.0, 0.0, 3.1415927410125732, 3.1415927410125732, 3.1415927410125732, 3.1415927410125732, 3.1415927410125732, 3.1415927410125732, 3.1415927410125732, 3.1415927410125732, 3.1415927410125732, 3.1415927410125732, 3.1415927410125732, 3.1415927410125732, 3.1415927410125732, 3.1415927410125732, 3.1415927410125732, 3.1415927410125732, 0.0, 0.0, 0.0, 0.0, 0.0, 0.0, 0.0, 0.0, 0.0, 0.0, 0.0, 0.0, 0.0, 0.0, 0.0, 0.0, 3.1415927410125732, 3.1415927410125732, 3.1415927410125732, 3.1415927410125732, 3.1415927410125732, 3.1415927410125732, 3.1415927410125732, 3.1415927410125732, 3.1415927410125732, 3.1415927410125732, 3.1415927410125732, 3.1415927410125732, 3.1415927410125732, 3.1415927410125732, 3.1415927410125732, 3.1415927410125732, 0.0, 0.0, 0.0, 0.0, 0.0, 0.0, 0.0, 0.0, 0.0, 0.0, 0.0, 0.0, 0.0, 0.0, 0.0, 0.0, 3.1415927410125732, 3.1415927410125732, 3.1415927410125732, 3.1415927410125732, 3.1415927410125732, 3.1415927410125732, 3.1415927410125732, 3.1415927410125732, 3.1415927410125732, 3.1415927410125732, 3.1415927410125732, 3.1415927410125732, 3.1415927410125732, 3.1415927410125732, 3.1415927410125732, 3.1415927410125732, 0.0, 0.0, 0.0, 0.0, 0.0, 0.0, 0.0, 0.0, 0.0, 0.0, 0.0, 0.0, 0.0, 0.0, 0.0, 0.0, 3.1415927410125732, 3.1415927410125732, 3.1415927410125732, 3.1415927410125732, 3.1415927410125732, 3.1415927410125732, 3.1415927410125732, 3.1415927410125732, 3.1415927410125732, 3.1415927410125732, 3.1415927410125732, 3.1415927410125732, 3.1415927410125732, 3.1415927410125732, 3.1415927410125732, 3.1415927410125732, 0.0, 0.0, 0.0, 0.0, 0.0, 0.0, 0.0, 0.0, 0.0, 0.0, 0.0, 0.0, 0.0, 0.0, 0.0, 0.0, 3.1415927410125732, 3.1415927410125732, 3.1415927410125732, 3.1415927410125732, 3.1415927410125732, 3.1415927410125732, 3.1415927410125732, 3.1415927410125732, 3.1415927410125732, 3.1415927410125732, 3.1415927410125732, 3.1415927410125732, 3.1415927410125732, 3.1415927410125732, 3.1415927410125732, 3.1415927410125732, 0.0, 0.0, 0.0, 0.0, 0.0, 0.0, 0.0, 0.0, 0.0, 0.0, 0.0, 0.0, 0.0, 0.0, 0.0, 0.0, 3.1415927410125732, 3.1415927410125732, 3.1415927410125732, 3.1415927410125732, 3.1415927410125732, 3.1415927410125732, 3.1415927410125732, 3.1415927410125732, 3.1415927410125732, 3.1415927410125732, 3.1415927410125732, 3.1415927410125732, 3.1415927410125732, 3.1415927410125732, 3.1415927410125732, 3.1415927410125732, 0.0, 0.0, 0.0, 0.0, 0.0, 0.0, 0.0, 0.0, 0.0, 0.0, 0.0, 0.0, 0.0, 0.0, 0.0, 0.0, 3.1415927410125732, 3.1415927410125732, 3.1415927410125732, 3.1415927410125732, 3.1415927410125732, 3.1415927410125732, 3.1415927410125732, 3.1415927410125732, 3.1415927410125732, 3.1415927410125732, 3.1415927410125732, 3.1415927410125732, 3.1415927410125732, 3.1415927410125732, 3.1415927410125732, 3.1415927410125732, 0.0, 0.0, 0.0, 0.0, 0.0, 0.0, 0.0, 0.0, 0.0, 0.0, 0.0, 0.0, 0.0, 0.0, 0.0, 0.0, 0.0, 0.0, 0.0, 0.0, 0.0, 0.0, 0.0, 0.0, 0.0, 0.0, 0.0, 0.0, 0.0, 0.0, 0.0, 0.0, 0.0, 0.0, 0.0, 0.0, 0.0, 0.0, 0.0, 0.0, 0.0, 0.0, 0.0, 0.0, 0.0, 0.0, 0.0, 0.0, 0.0, 0.0, 0.0, 0.0, 0.0, 0.0, 0.0, 0.0, 0.0, 0.0, 0.0, 0.0, 0.0, 0.0, 0.0, 0.0, 0.0, 0.0, 0.0, 0.0, 0.0, 0.0, 0.0, 0.0, 0.0, 0.0, 0.0, 0.0, 0.0, 0.0, 0.0, 0.0, 0.0, 0.0, 0.0, 0.0, 0.0, 0.0, 0.0, 0.0, 0.0, 0.0, 0.0, 0.0, 0.0, 0.0, 0.0, 0.0, 0.0, 0.0, 0.0, 0.0, 0.0, 0.0, 0.0, 0.0, 0.0, 0.0, 0.0, 0.0, 0.0, 0.0, 0.0, 0.0, 0.0, 0.0, 0.0, 0.0, 0.0, 0.0, 0.0, 0.0, 0.0, 0.0, 0.0, 0.0, 0.0, 0.0, 0.0, 0.0, 0.0, 0.0, 0.0, 0.0, 0.0, 0.0, 0.0, 0.0, 0.0, 0.0, 0.0, 0.0, 0.0, 0.0, 0.0, 0.0, 0.0, 0.0, 0.0, 0.0, 0.0, 0.0, 0.0, 0.0, 0.0, 0.0, 0.0, 0.0, 0.0, 0.0, 0.0, 0.0, 0.0, 0.0, 0.0, 0.0, 0.0, 0.0, 0.0, 0.0, 0.0, 0.0, 0.0, 0.0, 0.0, 0.0, 0.0, 0.0, 0.0, 0.0, 0.0, 0.0, 0.0, 0.0, 0.0, 0.0, 0.0, 0.0, 0.0, 0.0, 0.0, 0.0, 0.0, 0.0, 0.0, 0.0, 0.0, 0.0, 0.0, 0.0, 0.0, 0.0, 0.0, 0.0, 0.0, 0.0, 0.0, 0.0, 0.0, 0.0, 0.0, 0.0, 0.0, 0.0, 0.0, 0.0, 0.0, 0.0, 0.0, 0.0, 0.0, 0.0, 0.0, 0.0, 0.0, 0.0, 0.0, 0.0, 0.0, 0.0, 0.0, 0.0, 0.0, 0.0, 0.0, 0.0, 0.0, 0.0, 0.0, 0.0, 0.0, 0.0, 0.0, 0.0, 0.0, 0.0, 0.0, 0.0, 0.0, 0.0, 0.0, 0.0, 0.0, 0.0, 0.0, 0.0, 0.0, 0.0, 0.0, 0.0, 0.0, 0.0, 0.0, 0.0, 0.0, 0.0, 3.1415927410125732, 3.1415927410125732, 3.1415927410125732, 3.1415927410125732, 3.1415927410125732, 3.1415927410125732, 3.1415927410125732, 3.1415927410125732, 0.0, 0.0, 0.0, 0.0, 0.0, 0.0, 0.0, 0.0, 0.0, 0.0, 0.0, 0.0, 0.0, 0.0, 0.0, 0.0, 0.0, 0.0, 0.0, 0.0, 0.0, 0.0, 0.0, 0.0, 3.1415927410125732, 3.1415927410125732, 3.1415927410125732, 3.1415927410125732, 3.1415927410125732, 3.1415927410125732, 3.1415927410125732, 3.1415927410125732, 0.0, 0.0, 0.0, 0.0, 0.0, 0.0, 0.0, 0.0, 0.0, 0.0, 0.0, 0.0, 0.0, 0.0, 0.0, 0.0, 0.0, 0.0, 0.0, 0.0, 0.0, 0.0, 0.0, 0.0, 3.1415927410125732, 3.1415927410125732, 3.1415927410125732, 3.1415927410125732, 3.1415927410125732, 3.1415927410125732, 3.1415927410125732, 3.1415927410125732, 0.0, 0.0, 0.0, 0.0, 0.0, 0.0, 0.0, 0.0, 0.0, 0.0, 0.0, 0.0, 0.0, 0.0, 0.0, 0.0, 0.0, 0.0, 0.0, 0.0, 0.0, 0.0, 0.0, 0.0, 3.1415927410125732, 3.1415927410125732, 3.1415927410125732, 3.1415927410125732, 3.1415927410125732, 3.1415927410125732, 3.1415927410125732, 3.1415927410125732, 0.0, 0.0, 0.0, 0.0, 0.0, 0.0, 0.0, 0.0, 0.0, 0.0, 0.0, 0.0, 0.0, 0.0, 0.0, 0.0, 0.0, 0.0, 0.0, 0.0, 0.0, 0.0, 0.0, 0.0, 3.1415927410125732, 3.1415927410125732, 3.1415927410125732, 3.1415927410125732, 3.1415927410125732, 3.1415927410125732, 3.1415927410125732, 3.1415927410125732, 0.0, 0.0, 0.0, 0.0, 0.0, 0.0, 0.0, 0.0, 0.0, 0.0, 0.0, 0.0, 0.0, 0.0, 0.0, 0.0, 0.0, 0.0, 0.0, 0.0, 0.0, 0.0, 0.0, 0.0, 3.1415927410125732, 3.1415927410125732, 3.1415927410125732, 3.1415927410125732, 3.1415927410125732, 3.1415927410125732, 3.1415927410125732, 3.1415927410125732, 0.0, 0.0, 0.0, 0.0, 0.0, 0.0, 0.0, 0.0, 0.0, 0.0, 0.0, 0.0, 0.0, 0.0, 0.0, 0.0, 0.0, 0.0, 0.0, 0.0, 0.0, 0.0, 0.0, 0.0, 3.1415927410125732, 3.1415927410125732, 3.1415927410125732, 3.1415927410125732, 3.1415927410125732, 3.1415927410125732, 3.1415927410125732, 3.1415927410125732, 0.0, 0.0, 0.0, 0.0, 0.0, 0.0, 0.0, 0.0, 0.0, 0.0, 0.0, 0.0, 0.0, 0.0, 0.0, 0.0, 0.0, 0.0, 0.0, 0.0, 0.0, 0.0, 0.0, 0.0, 3.1415927410125732, 3.1415927410125732, 3.1415927410125732, 3.1415927410125732, 3.1415927410125732, 3.1415927410125732, 3.1415927410125732, 3.1415927410125732, 0.0, 0.0, 0.0, 0.0, 0.0, 0.0, 0.0, 0.0, 0.0, 0.0, 0.0, 0.0, 0.0, 0.0, 0.0, 0.0]"
0.6088365,0.15223686,0.15219523,0.15220979,0.15219462,0.15220913,-9.53539467,-9.53664207,-9.53620815,-9.53666496,"[3.1415927410125732, 3.1415927410125732, 3.1415927410125732, 3.1415927410125732, 3.1415927410125732, 3.1415927410125732, 3.1415927410125732, 3.1415927410125732, 3.1415927410125732, 3.1415927410125732, 3.1415927410125732, 3.1415927410125732, 3.1415927410125732, 3.1415927410125732, 3.1415927410125732, 3.1415927410125732, 3.1415927410125732, 3.1415927410125732, 3.1415927410125732, 3.1415927410125732, 3.1415927410125732, 3.1415927410125732, 3.1415927410125732, 3.1415927410125732, 3.1415927410125732, 3.1415927410125732, 3.1415927410125732, 3.1415927410125732, 3.1415927410125732, 3.1415927410125732, 3.1415927410125732, 3.1415927410125732, 3.1415927410125732, 3.1415927410125732, 3.1415927410125732, 3.1415927410125732, 3.1415927410125732, 3.1415927410125732, 3.1415927410125732, 3.1415927410125732, 3.1415927410125732, 3.1415927410125732, 3.1415927410125732, 3.1415927410125732, 3.1415927410125732, 3.1415927410125732, 3.1415927410125732, 3.1415927410125732, 3.1415927410125732, 3.1415927410125732, 3.1415927410125732, 3.1415927410125732, 3.1415927410125732, 3.1415927410125732, 3.1415927410125732, 3.1415927410125732, 3.1415927410125732, 3.1415927410125732, 3.1415927410125732, 3.1415927410125732, 3.1415927410125732, 3.1415927410125732, 3.1415927410125732, 3.1415927410125732, 3.1415927410125732, 3.1415927410125732, 3.1415927410125732, 3.1415927410125732, 3.1415927410125732, 3.1415927410125732, 3.1415927410125732, 3.1415927410125732, 3.1415927410125732, 3.1415927410125732, 3.1415927410125732, 3.1415927410125732, 3.1415927410125732, 3.1415927410125732, 3.1415927410125732, 3.1415927410125732, 3.1415927410125732, 3.1415927410125732, 3.1415927410125732, 3.1415927410125732, 3.1415927410125732, 3.1415927410125732, 3.1415927410125732, 3.1415927410125732, 3.1415927410125732, 3.1415927410125732, 3.1415927410125732, 3.1415927410125732, 3.1415927410125732, 3.1415927410125732, 3.1415927410125732, 3.1415927410125732, 3.1415927410125732, 3.1415927410125732, 3.1415927410125732, 3.1415927410125732, 3.1415927410125732, 3.1415927410125732, 3.1415927410125732, 3.1415927410125732, 3.1415927410125732, 3.1415927410125732, 3.1415927410125732, 3.1415927410125732, 3.1415927410125732, 3.1415927410125732, 3.1415927410125732, 3.1415927410125732, 3.1415927410125732, 3.1415927410125732, 3.1415927410125732, 3.1415927410125732, 3.1415927410125732, 3.1415927410125732, 3.1415927410125732, 3.1415927410125732, 3.1415927410125732, 3.1415927410125732, 3.1415927410125732, 3.1415927410125732, 3.1415927410125732, 3.1415927410125732, 3.1415927410125732, 3.1415927410125732, 3.1415927410125732, 3.1415927410125732, 3.1415927410125732, 3.1415927410125732, 3.1415927410125732, 3.1415927410125732, 3.1415927410125732, 3.1415927410125732, 3.1415927410125732, 3.1415927410125732, 3.1415927410125732, 3.1415927410125732, 3.1415927410125732, 3.1415927410125732, 3.1415927410125732, 3.1415927410125732, 3.1415927410125732, 3.1415927410125732, 3.1415927410125732, 3.1415927410125732, 3.1415927410125732, 3.1415927410125732, 3.1415927410125732, 3.1415927410125732, 3.1415927410125732, 3.1415927410125732, 3.1415927410125732, 3.1415927410125732, 3.1415927410125732, 3.1415927410125732, 3.1415927410125732, 3.1415927410125732, 3.1415927410125732, 3.1415927410125732, 3.1415927410125732, 3.1415927410125732, 3.1415927410125732, 3.1415927410125732, 3.1415927410125732, 3.1415927410125732, 3.1415927410125732, 3.1415927410125732, 3.1415927410125732, 3.1415927410125732, 3.1415927410125732, 3.1415927410125732, 3.1415927410125732, 3.1415927410125732, 3.1415927410125732, 3.1415927410125732, 3.1415927410125732, 3.1415927410125732, 3.1415927410125732, 3.1415927410125732, 3.1415927410125732, 3.1415927410125732, 3.1415927410125732, 3.1415927410125732, 3.1415927410125732, 3.1415927410125732, 3.1415927410125732, 3.1415927410125732, 3.1415927410125732, 3.1415927410125732, 3.1415927410125732, 3.1415927410125732, 3.1415927410125732, 3.1415927410125732, 3.1415927410125732, 3.1415927410125732, 3.1415927410125732, 3.1415927410125732, 3.1415927410125732, 3.1415927410125732, 3.1415927410125732, 3.1415927410125732, 3.1415927410125732, 3.1415927410125732, 3.1415927410125732, 3.1415927410125732, 3.1415927410125732, 3.1415927410125732, 3.1415927410125732, 3.1415927410125732, 3.1415927410125732, 3.1415927410125732, 3.1415927410125732, 3.1415927410125732, 3.1415927410125732, 3.1415927410125732, 3.1415927410125732, 3.1415927410125732, 3.1415927410125732, 3.1415927410125732, 3.1415927410125732, 3.1415927410125732, 3.1415927410125732, 3.1415927410125732, 3.1415927410125732, 3.1415927410125732, 3.1415927410125732, 3.1415927410125732, 3.1415927410125732, 3.1415927410125732, 3.1415927410125732, 3.1415927410125732, 3.1415927410125732, 3.1415927410125732, 3.1415927410125732, 3.1415927410125732, 3.1415927410125732, 3.1415927410125732, 3.1415927410125732, 3.1415927410125732, 3.1415927410125732, 3.1415927410125732, 3.1415927410125732, 3.1415927410125732, 3.1415927410125732, 3.1415927410125732, 3.1415927410125732, 3.1415927410125732, 3.1415927410125732, 3.1415927410125732, 3.1415927410125732, 3.1415927410125732, 3.1415927410125732, 3.1415927410125732, 0.0, 0.0, 0.0, 0.0, 0.0, 0.0, 0.0, 0.0, 0.0, 0.0, 0.0, 0.0, 0.0, 0.0, 0.0, 0.0, 3.1415927410125732, 3.1415927410125732, 3.1415927410125732, 3.1415927410125732, 3.1415927410125732, 3.1415927410125732, 3.1415927410125732, 3.1415927410125732, 3.1415927410125732, 3.1415927410125732, 3.1415927410125732, 3.1415927410125732, 3.1415927410125732, 3.1415927410125732, 3.1415927410125732, 3.1415927410125732, 0.0, 0.0, 0.0, 0.0, 0.0, 0.0, 0.0, 0.0, 0.0, 0.0, 0.0, 0.0, 0.0, 0.0, 0.0, 0.0, 3.1415927410125732, 3.1415927410125732, 3.1415927410125732, 3.1415927410125732, 3.1415927410125732, 3.1415927410125732, 3.1415927410125732, 3.1415927410125732, 3.1415927410125732, 3.1415927410125732, 3.1415927410125732, 3.1415927410125732, 3.1415927410125732, 3.1415927410125732, 3.1415927410125732, 3.1415927410125732, 0.0, 0.0, 0.0, 0.0, 0.0, 0.0, 0.0, 0.0, 0.0, 0.0, 0.0, 0.0, 0.0, 0.0, 0.0, 0.0, 3.1415927410125732, 3.1415927410125732, 3.1415927410125732, 3.1415927410125732, 3.1415927410125732, 3.1415927410125732, 3.1415927410125732, 3.1415927410125732, 3.1415927410125732, 3.1415927410125732, 3.1415927410125732, 3.1415927410125732, 3.1415927410125732, 3.1415927410125732, 3.1415927410125732, 3.1415927410125732, 0.0, 0.0, 0.0, 0.0, 0.0, 0.0, 0.0, 0.0, 0.0, 0.0, 0.0, 0.0, 0.0, 0.0, 0.0, 0.0, 3.1415927410125732, 3.1415927410125732, 3.1415927410125732, 3.1415927410125732, 3.1415927410125732, 3.1415927410125732, 3.1415927410125732, 3.1415927410125732, 3.1415927410125732, 3.1415927410125732, 3.1415927410125732, 3.1415927410125732, 3.1415927410125732, 3.1415927410125732, 3.1415927410125732, 3.1415927410125732, 0.0, 0.0, 0.0, 0.0, 0.0, 0.0, 0.0, 0.0, 0.0, 0.0, 0.0, 0.0, 0.0, 0.0, 0.0, 0.0, 3.1415927410125732, 3.1415927410125732, 3.1415927410125732, 3.1415927410125732, 3.1415927410125732, 3.1415927410125732, 3.1415927410125732, 3.1415927410125732, 3.1415927410125732, 3.1415927410125732, 3.1415927410125732, 3.1415927410125732, 3.1415927410125732, 3.1415927410125732, 3.1415927410125732, 3.1415927410125732, 0.0, 0.0, 0.0, 0.0, 0.0, 0.0, 0.0, 0.0, 0.0, 0.0, 0.0, 0.0, 0.0, 0.0, 0.0, 0.0, 3.1415927410125732, 3.1415927410125732, 3.1415927410125732, 3.1415927410125732, 3.1415927410125732, 3.1415927410125732, 3.1415927410125732, 3.1415927410125732, 3.1415927410125732, 3.1415927410125732, 3.1415927410125732, 3.1415927410125732, 3.1415927410125732, 3.1415927410125732, 3.1415927410125732, 3.1415927410125732, 0.0, 0.0, 0.0, 0.0, 0.0, 0.0, 0.0, 0.0, 0.0, 0.0, 0.0, 0.0, 0.0, 0.0, 0.0, 0.0, 3.1415927410125732, 3.1415927410125732, 3.1415927410125732, 3.1415927410125732, 3.1415927410125732, 3.1415927410125732, 3.1415927410125732, 3.1415927410125732, 3.1415927410125732, 3.1415927410125732, 3.1415927410125732, 3.1415927410125732, 3.1415927410125732, 3.1415927410125732, 3.1415927410125732, 3.1415927410125732, 0.0, 0.0, 0.0, 0.0, 0.0, 0.0, 0.0, 0.0, 0.0, 0.0, 0.0, 0.0, 0.0, 0.0, 0.0, 0.0, 3.1415927410125732, 3.1415927410125732, 3.1415927410125732, 3.1415927410125732, 3.1415927410125732, 3.1415927410125732, 3.1415927410125732, 3.1415927410125732, 3.1415927410125732, 3.1415927410125732, 3.1415927410125732, 3.1415927410125732, 3.1415927410125732, 3.1415927410125732, 3.1415927410125732, 3.1415927410125732, 0.0, 0.0, 0.0, 0.0, 0.0, 0.0, 0.0, 0.0, 0.0, 0.0, 0.0, 0.0, 0.0, 0.0, 0.0, 0.0, 0.0, 0.0, 0.0, 0.0, 0.0, 0.0, 0.0, 0.0, 0.0, 0.0, 0.0, 0.0, 0.0, 0.0, 0.0, 0.0, 0.0, 0.0, 0.0, 0.0, 0.0, 0.0, 0.0, 0.0, 0.0, 0.0, 0.0, 0.0, 0.0, 0.0, 0.0, 0.0, 0.0, 0.0, 0.0, 0.0, 0.0, 0.0, 0.0, 0.0, 0.0, 0.0, 0.0, 0.0, 0.0, 0.0, 0.0, 0.0, 0.0, 0.0, 0.0, 0.0, 0.0, 0.0, 0.0, 0.0, 0.0, 0.0, 0.0, 0.0, 0.0, 0.0, 0.0, 0.0, 0.0, 0.0, 0.0, 0.0, 0.0, 0.0, 0.0, 0.0, 0.0, 0.0, 0.0, 0.0, 0.0, 0.0, 0.0, 0.0, 0.0, 0.0, 0.0, 0.0, 0.0, 0.0, 0.0, 0.0, 0.0, 0.0, 0.0, 0.0, 0.0, 0.0, 0.0, 0.0, 0.0, 0.0, 0.0, 0.0, 0.0, 0.0, 0.0, 0.0, 0.0, 0.0, 0.0, 0.0, 0.0, 0.0, 0.0, 0.0, 0.0, 0.0, 0.0, 0.0, 0.0, 0.0, 0.0, 0.0, 0.0, 0.0, 0.0, 0.0, 0.0, 0.0, 0.0, 0.0, 0.0, 0.0, 0.0, 0.0, 0.0, 0.0, 0.0, 0.0, 0.0, 0.0, 0.0, 0.0, 0.0, 0.0, 0.0, 0.0, 0.0, 0.0, 0.0, 0.0, 0.0, 0.0, 0.0, 0.0, 0.0, 0.0, 0.0, 0.0, 0.0, 0.0, 0.0, 0.0, 0.0, 0.0, 0.0, 0.0, 0.0, 0.0, 0.0, 0.0, 0.0, 0.0, 0.0, 0.0, 0.0, 0.0, 0.0, 0.0, 0.0, 0.0, 0.0, 0.0, 0.0, 0.0, 0.0, 0.0, 0.0, 0.0, 0.0, 0.0, 0.0, 0.0, 0.0, 0.0, 0.0, 0.0, 0.0, 0.0, 0.0, 0.0, 0.0, 0.0, 0.0, 0.0, 0.0, 0.0, 0.0, 0.0, 0.0, 0.0, 0.0, 0.0, 0.0, 0.0, 0.0, 0.0, 0.0, 0.0, 0.0, 0.0, 0.0, 0.0, 0.0, 0.0, 0.0, 0.0, 0.0, 0.0, 0.0, 0.0, 0.0, 0.0, 0.0, 0.0, 0.0, 0.0, 0.0, 0.0, 0.0, 0.0, 0.0, 0.0, 0.0, 0.0, 0.0, 0.0, 0.0, 0.0, 0.0, 0.0, 3.1415927410125732, 3.1415927410125732, 3.1415927410125732, 3.1415927410125732, 3.1415927410125732, 3.1415927410125732, 3.1415927410125732, 3.1415927410125732, 0.0, 0.0, 0.0, 0.0, 0.0, 0.0, 0.0, 0.0, 0.0, 0.0, 0.0, 0.0, 0.0, 0.0, 0.0, 0.0, 0.0, 0.0, 0.0, 0.0, 0.0, 0.0, 0.0, 0.0, 3.1415927410125732, 3.1415927410125732, 3.1415927410125732, 3.1415927410125732, 3.1415927410125732, 3.1415927410125732, 3.1415927410125732, 3.1415927410125732, 0.0, 0.0, 0.0, 0.0, 0.0, 0.0, 0.0, 0.0, 0.0, 0.0, 0.0, 0.0, 0.0, 0.0, 0.0, 0.0, 0.0, 0.0, 0.0, 0.0, 0.0, 0.0, 0.0, 0.0, 3.1415927410125732, 3.1415927410125732, 3.1415927410125732, 3.1415927410125732, 3.1415927410125732, 3.1415927410125732, 3.1415927410125732, 3.1415927410125732, 0.0, 0.0, 0.0, 0.0, 0.0, 0.0, 0.0, 0.0, 0.0, 0.0, 0.0, 0.0, 0.0, 0.0, 0.0, 0.0, 0.0, 0.0, 0.0, 0.0, 0.0, 0.0, 0.0, 0.0, 3.1415927410125732, 3.1415927410125732, 3.1415927410125732, 3.1415927410125732, 3.1415927410125732, 3.1415927410125732, 3.1415927410125732, 3.1415927410125732, 0.0, 0.0, 0.0, 0.0, 0.0, 0.0, 0.0, 0.0, 0.0, 0.0, 0.0, 0.0, 0.0, 0.0, 0.0, 0.0, 0.0, 0.0, 0.0, 0.0, 0.0, 0.0, 0.0, 0.0, 3.1415927410125732, 3.1415927410125732, 3.1415927410125732, 3.1415927410125732, 3.1415927410125732, 3.1415927410125732, 3.1415927410125732, 3.1415927410125732, 0.0, 0.0, 0.0, 0.0, 0.0, 0.0, 0.0, 0.0, 0.0, 0.0, 0.0, 0.0, 0.0, 0.0, 0.0, 0.0, 0.0, 0.0, 0.0, 0.0, 0.0, 0.0, 0.0, 0.0, 3.1415927410125732, 3.1415927410125732, 3.1415927410125732, 3.1415927410125732, 3.1415927410125732, 3.1415927410125732, 3.1415927410125732, 3.1415927410125732, 0.0, 0.0, 0.0, 0.0, 0.0, 0.0, 0.0, 0.0, 0.0, 0.0, 0.0, 0.0, 0.0, 0.0, 0.0, 0.0, 0.0, 0.0, 0.0, 0.0, 0.0, 0.0, 0.0, 0.0, 3.1415927410125732, 3.1415927410125732, 3.1415927410125732, 3.1415927410125732, 3.1415927410125732, 3.1415927410125732, 3.1415927410125732, 3.1415927410125732, 0.0, 0.0, 0.0, 0.0, 0.0, 0.0, 0.0, 0.0, 0.0, 0.0, 0.0, 0.0, 0.0, 0.0, 0.0, 0.0, 0.0, 0.0, 0.0, 0.0, 0.0, 0.0, 0.0, 0.0, 3.1415927410125732, 3.1415927410125732, 3.1415927410125732, 3.1415927410125732, 3.1415927410125732, 3.1415927410125732, 3.1415927410125732, 3.1415927410125732, 0.0, 0.0, 0.0, 0.0, 0.0, 0.0, 0.0, 0.0, 0.0, 0.0, 0.0, 0.0, 0.0, 0.0, 0.0, 0.0]"
0.6088365,0.15223686,0.15219523,0.15220979,0.15219462,0.15220913,-9.53539467,-9.53664207,-9.53620815,-9.53666496,"[3.1415927410125732, 3.1415927410125732, 3.1415927410125732, 3.1415927410125732, 3.1415927410125732, 3.1415927410125732, 3.1415927410125732, 3.1415927410125732, 3.1415927410125732, 3.1415927410125732, 3.1415927410125732, 3.1415927410125732, 3.1415927410125732, 3.1415927410125732, 3.1415927410125732, 3.1415927410125732, 3.1415927410125732, 3.1415927410125732, 3.1415927410125732, 3.1415927410125732, 3.1415927410125732, 3.1415927410125732, 3.1415927410125732, 3.1415927410125732, 3.1415927410125732, 3.1415927410125732, 3.1415927410125732, 3.1415927410125732, 3.1415927410125732, 3.1415927410125732, 3.1415927410125732, 3.1415927410125732, 3.1415927410125732, 3.1415927410125732, 3.1415927410125732, 3.1415927410125732, 3.1415927410125732, 3.1415927410125732, 3.1415927410125732, 3.1415927410125732, 3.1415927410125732, 3.1415927410125732, 3.1415927410125732, 3.1415927410125732, 3.1415927410125732, 3.1415927410125732, 3.1415927410125732, 3.1415927410125732, 3.1415927410125732, 3.1415927410125732, 3.1415927410125732, 3.1415927410125732, 3.1415927410125732, 3.1415927410125732, 3.1415927410125732, 3.1415927410125732, 3.1415927410125732, 3.1415927410125732, 3.1415927410125732, 3.1415927410125732, 3.1415927410125732, 3.1415927410125732, 3.1415927410125732, 3.1415927410125732, 3.1415927410125732, 3.1415927410125732, 3.1415927410125732, 3.1415927410125732, 3.1415927410125732, 3.1415927410125732, 3.1415927410125732, 3.1415927410125732, 3.1415927410125732, 3.1415927410125732, 3.1415927410125732, 3.1415927410125732, 3.1415927410125732, 3.1415927410125732, 3.1415927410125732, 3.1415927410125732, 3.1415927410125732, 3.1415927410125732, 3.1415927410125732, 3.1415927410125732, 3.1415927410125732, 3.1415927410125732, 3.1415927410125732, 3.1415927410125732, 3.1415927410125732, 3.1415927410125732, 3.1415927410125732, 3.1415927410125732, 3.1415927410125732, 3.1415927410125732, 3.1415927410125732, 3.1415927410125732, 3.1415927410125732, 3.1415927410125732, 3.1415927410125732, 3.1415927410125732, 3.1415927410125732, 3.1415927410125732, 3.1415927410125732, 3.1415927410125732, 3.1415927410125732, 3.1415927410125732, 3.1415927410125732, 3.1415927410125732, 3.1415927410125732, 3.1415927410125732, 3.1415927410125732, 3.1415927410125732, 3.1415927410125732, 3.1415927410125732, 3.1415927410125732, 3.1415927410125732, 3.1415927410125732, 3.1415927410125732, 3.1415927410125732, 3.1415927410125732, 3.1415927410125732, 3.1415927410125732, 3.1415927410125732, 3.1415927410125732, 3.1415927410125732, 3.1415927410125732, 3.1415927410125732, 3.1415927410125732, 3.1415927410125732, 3.1415927410125732, 3.1415927410125732, 3.1415927410125732, 3.1415927410125732, 3.1415927410125732, 3.1415927410125732, 3.1415927410125732, 3.1415927410125732, 3.1415927410125732, 3.1415927410125732, 3.1415927410125732, 3.1415927410125732, 3.1415927410125732, 3.1415927410125732, 3.1415927410125732, 3.1415927410125732, 3.1415927410125732, 3.1415927410125732, 3.1415927410125732, 3.1415927410125732, 3.1415927410125732, 3.1415927410125732, 3.1415927410125732, 3.1415927410125732, 3.1415927410125732, 3.1415927410125732, 3.1415927410125732, 3.1415927410125732, 3.1415927410125732, 3.1415927410125732, 3.1415927410125732, 3.1415927410125732, 3.1415927410125732, 3.1415927410125732, 3.1415927410125732, 3.1415927410125732, 3.1415927410125732, 3.1415927410125732, 3.1415927410125732, 3.1415927410125732, 3.1415927410125732, 3.1415927410125732, 3.1415927410125732, 3.1415927410125732, 3.1415927410125732, 3.1415927410125732, 3.1415927410125732, 3.1415927410125732, 3.1415927410125732, 3.1415927410125732, 3.1415927410125732, 3.1415927410125732, 3.1415927410125732, 3.1415927410125732, 3.1415927410125732, 3.1415927410125732, 3.1415927410125732, 3.1415927410125732, 3.1415927410125732, 3.1415927410125732, 3.1415927410125732, 3.1415927410125732, 3.1415927410125732, 3.1415927410125732, 3.1415927410125732, 3.1415927410125732, 3.1415927410125732, 3.1415927410125732, 3.1415927410125732, 3.1415927410125732, 3.1415927410125732, 3.1415927410125732, 3.1415927410125732, 3.1415927410125732, 3.1415927410125732, 3.1415927410125732, 3.1415927410125732, 3.1415927410125732, 3.1415927410125732, 3.1415927410125732, 3.1415927410125732, 3.1415927410125732, 3.1415927410125732, 3.1415927410125732, 3.1415927410125732, 3.1415927410125732, 3.1415927410125732, 3.1415927410125732, 3.1415927410125732, 3.1415927410125732, 3.1415927410125732, 3.1415927410125732, 3.1415927410125732, 3.1415927410125732, 3.1415927410125732, 3.1415927410125732, 3.1415927410125732, 3.1415927410125732, 3.1415927410125732, 3.1415927410125732, 3.1415927410125732, 3.1415927410125732, 3.1415927410125732, 3.1415927410125732, 3.1415927410125732, 3.1415927410125732, 3.1415927410125732, 3.1415927410125732, 3.1415927410125732, 3.1415927410125732, 3.1415927410125732, 3.1415927410125732, 3.1415927410125732, 3.1415927410125732, 3.1415927410125732, 3.1415927410125732, 3.1415927410125732, 3.1415927410125732, 3.1415927410125732, 3.1415927410125732, 3.1415927410125732, 3.1415927410125732, 3.1415927410125732, 3.1415927410125732, 3.1415927410125732, 3.1415927410125732, 3.1415927410125732, 0.0, 0.0, 0.0, 0.0, 0.0, 0.0, 0.0, 0.0, 0.0, 0.0, 0.0, 0.0, 0.0, 0.0, 0.0, 0.0, 3.1415927410125732, 3.1415927410125732, 3.1415927410125732, 3.1415927410125732, 3.1415927410125732, 3.1415927410125732, 3.1415927410125732, 3.1415927410125732, 3.1415927410125732, 3.1415927410125732, 3.1415927410125732, 3.1415927410125732, 3.1415927410125732, 3.1415927410125732, 3.1415927410125732, 3.1415927410125732, 0.0, 0.0, 0.0, 0.0, 0.0, 0.0, 0.0, 0.0, 0.0, 0.0, 0.0, 0.0, 0.0, 0.0, 0.0, 0.0, 3.1415927410125732, 3.1415927410125732, 3.1415927410125732, 3.1415927410125732, 3.1415927410125732, 3.1415927410125732, 3.1415927410125732, 3.1415927410125732, 3.1415927410125732, 3.1415927410125732, 3.1415927410125732, 3.1415927410125732, 3.1415927410125732, 3.1415927410125732, 3.1415927410125732, 3.1415927410125732, 0.0, 0.0, 0.0, 0.0, 0.0, 0.0, 0.0, 0.0, 0.0, 0.0, 0.0, 0.0, 0.0, 0.0, 0.0, 0.0, 3.1415927410125732, 3.1415927410125732, 3.1415927410125732, 3.1415927410125732, 3.1415927410125732, 3.1415927410125732, 3.1415927410125732, 3.1415927410125732, 3.1415927410125732, 3.1415927410125732, 3.1415927410125732, 3.1415927410125732, 3.1415927410125732, 3.1415927410125732, 3.1415927410125732, 3.1415927410125732, 0.0, 0.0, 0.0, 0.0, 0.0, 0.0, 0.0, 0.0, 0.0, 0.0, 0.0, 0.0, 0.0, 0.0, 0.0, 0.0, 3.1415927410125732, 3.1415927410125732, 3.1415927410125732, 3.1415927410125732, 3.1415927410125732, 3.1415927410125732, 3.1415927410125732, 3.1415927410125732, 3.1415927410125732, 3.1415927410125732, 3.1415927410125732, 3.1415927410125732, 3.1415927410125732, 3.1415927410125732, 3.1415927410125732, 3.1415927410125732, 0.0, 0.0, 0.0, 0.0, 0.0, 0.0, 0.0, 0.0, 0.0, 0.0, 0.0, 0.0, 0.0, 0.0, 0.0, 0.0, 3.1415927410125732, 3.1415927410125732, 3.1415927410125732, 3.1415927410125732, 3.1415927410125732, 3.1415927410125732, 3.1415927410125732, 3.1415927410125732, 3.1415927410125732, 3.1415927410125732, 3.1415927410125732, 3.1415927410125732, 3.1415927410125732, 3.1415927410125732, 3.1415927410125732, 3.1415927410125732, 0.0, 0.0, 0.0, 0.0, 0.0, 0.0, 0.0, 0.0, 0.0, 0.0, 0.0, 0.0, 0.0, 0.0, 0.0, 0.0, 3.1415927410125732, 3.1415927410125732, 3.1415927410125732, 3.1415927410125732, 3.1415927410125732, 3.1415927410125732, 3.1415927410125732, 3.1415927410125732, 3.1415927410125732, 3.1415927410125732, 3.1415927410125732, 3.1415927410125732, 3.1415927410125732, 3.1415927410125732, 3.1415927410125732, 3.1415927410125732, 0.0, 0.0, 0.0, 0.0, 0.0, 0.0, 0.0, 0.0, 0.0, 0.0, 0.0, 0.0, 0.0, 0.0, 0.0, 0.0, 3.1415927410125732, 3.1415927410125732, 3.1415927410125732, 3.1415927410125732, 3.1415927410125732, 3.1415927410125732, 3.1415927410125732, 3.1415927410125732, 3.1415927410125732, 3.1415927410125732, 3.1415927410125732, 3.1415927410125732, 3.1415927410125732, 3.1415927410125732, 3.1415927410125732, 3.1415927410125732, 0.0, 0.0, 0.0, 0.0, 0.0, 0.0, 0.0, 0.0, 0.0, 0.0, 0.0, 0.0, 0.0, 0.0, 0.0, 0.0, 3.1415927410125732, 3.1415927410125732, 3.1415927410125732, 3.1415927410125732, 3.1415927410125732, 3.1415927410125732, 3.1415927410125732, 3.1415927410125732, 3.1415927410125732, 3.1415927410125732, 3.1415927410125732, 3.1415927410125732, 3.1415927410125732, 3.1415927410125732, 3.1415927410125732, 3.1415927410125732, 0.0, 0.0, 0.0, 0.0, 0.0, 0.0, 0.0, 0.0, 0.0, 0.0, 0.0, 0.0, 0.0, 0.0, 0.0, 0.0, 0.0, 0.0, 0.0, 0.0, 0.0, 0.0, 0.0, 0.0, 0.0, 0.0, 0.0, 0.0, 0.0, 0.0, 0.0, 0.0, 0.0, 0.0, 0.0, 0.0, 0.0, 0.0, 0.0, 0.0, 0.0, 0.0, 0.0, 0.0, 0.0, 0.0, 0.0, 0.0, 0.0, 0.0, 0.0, 0.0, 0.0, 0.0, 0.0, 0.0, 0.0, 0.0, 0.0, 0.0, 0.0, 0.0, 0.0, 0.0, 0.0, 0.0, 0.0, 0.0, 0.0, 0.0, 0.0, 0.0, 0.0, 0.0, 0.0, 0.0, 0.0, 0.0, 0.0, 0.0, 0.0, 0.0, 0.0, 0.0, 0.0, 0.0, 0.0, 0.0, 0.0, 0.0, 0.0, 0.0, 0.0, 0.0, 0.0, 0.0, 0.0, 0.0, 0.0, 0.0, 0.0, 0.0, 0.0, 0.0, 0.0, 0.0, 0.0, 0.0, 0.0, 0.0, 0.0, 0.0, 0.0, 0.0, 0.0, 0.0, 0.0, 0.0, 0.0, 0.0, 0.0, 0.0, 0.0, 0.0, 0.0, 0.0, 0.0, 0.0, 0.0, 0.0, 0.0, 0.0, 0.0, 0.0, 0.0, 0.0, 0.0, 0.0, 0.0, 0.0, 0.0, 0.0, 0.0, 0.0, 0.0, 0.0, 0.0, 0.0, 0.0, 0.0, 0.0, 0.0, 0.0, 0.0, 0.0, 0.0, 0.0, 0.0, 0.0, 0.0, 0.0, 0.0, 0.0, 0.0, 0.0, 0.0, 0.0, 0.0, 0.0, 0.0, 0.0, 0.0, 0.0, 0.0, 0.0, 0.0, 0.0, 0.0, 0.0, 0.0, 0.0, 0.0, 0.0, 0.0, 0.0, 0.0, 0.0, 0.0, 0.0, 0.0, 0.0, 0.0, 0.0, 0.0, 0.0, 0.0, 0.0, 0.0, 0.0, 0.0, 0.0, 0.0, 0.0, 0.0, 0.0, 0.0, 0.0, 0.0, 0.0, 0.0, 0.0, 0.0, 0.0, 0.0, 0.0, 0.0, 0.0, 0.0, 0.0, 0.0, 0.0, 0.0, 0.0, 0.0, 0.0, 0.0, 0.0, 0.0, 0.0, 0.0, 0.0, 0.0, 0.0, 0.0, 0.0, 0.0, 0.0, 0.0, 0.0, 0.0, 0.0, 0.0, 0.0, 0.0, 0.0, 0.0, 0.0, 0.0, 0.0, 0.0, 0.0, 0.0, 0.0, 0.0, 0.0, 0.0, 0.0, 0.0, 0.0, 0.0, 0.0, 0.0, 0.0, 0.0, 3.1415927410125732, 3.1415927410125732, 3.1415927410125732, 3.1415927410125732, 3.1415927410125732, 3.1415927410125732, 3.1415927410125732, 3.1415927410125732, 0.0, 0.0, 0.0, 0.0, 0.0, 0.0, 0.0, 0.0, 0.0, 0.0, 0.0, 0.0, 0.0, 0.0, 0.0, 0.0, 0.0, 0.0, 0.0, 0.0, 0.0, 0.0, 0.0, 0.0, 3.1415927410125732, 3.1415927410125732, 3.1415927410125732, 3.1415927410125732, 3.1415927410125732, 3.1415927410125732, 3.1415927410125732, 3.1415927410125732, 0.0, 0.0, 0.0, 0.0, 0.0, 0.0, 0.0, 0.0, 0.0, 0.0, 0.0, 0.0, 0.0, 0.0, 0.0, 0.0, 0.0, 0.0, 0.0, 0.0, 0.0, 0.0, 0.0, 0.0, 3.1415927410125732, 3.1415927410125732, 3.1415927410125732, 3.1415927410125732, 3.1415927410125732, 3.1415927410125732, 3.1415927410125732, 3.1415927410125732, 0.0, 0.0, 0.0, 0.0, 0.0, 0.0, 0.0, 0.0, 0.0, 0.0, 0.0, 0.0, 0.0, 0.0, 0.0, 0.0, 0.0, 0.0, 0.0, 0.0, 0.0, 0.0, 0.0, 0.0, 3.1415927410125732, 3.1415927410125732, 3.1415927410125732, 3.1415927410125732, 3.1415927410125732, 3.1415927410125732, 3.1415927410125732, 3.1415927410125732, 0.0, 0.0, 0.0, 0.0, 0.0, 0.0, 0.0, 0.0, 0.0, 0.0, 0.0, 0.0, 0.0, 0.0, 0.0, 0.0, 0.0, 0.0, 0.0, 0.0, 0.0, 0.0, 0.0, 0.0, 3.1415927410125732, 3.1415927410125732, 3.1415927410125732, 3.1415927410125732, 3.1415927410125732, 3.1415927410125732, 3.1415927410125732, 3.1415927410125732, 0.0, 0.0, 0.0, 0.0, 0.0, 0.0, 0.0, 0.0, 0.0, 0.0, 0.0, 0.0, 0.0, 0.0, 0.0, 0.0, 0.0, 0.0, 0.0, 0.0, 0.0, 0.0, 0.0, 0.0, 3.1415927410125732, 3.1415927410125732, 3.1415927410125732, 3.1415927410125732, 3.1415927410125732, 3.1415927410125732, 3.1415927410125732, 3.1415927410125732, 0.0, 0.0, 0.0, 0.0, 0.0, 0.0, 0.0, 0.0, 0.0, 0.0, 0.0, 0.0, 0.0, 0.0, 0.0, 0.0, 0.0, 0.0, 0.0, 0.0, 0.0, 0.0, 0.0, 0.0, 3.1415927410125732, 3.1415927410125732, 3.1415927410125732, 3.1415927410125732, 3.1415927410125732, 3.1415927410125732, 3.1415927410125732, 3.1415927410125732, 0.0, 0.0, 0.0, 0.0, 0.0, 0.0, 0.0, 0.0, 0.0, 0.0, 0.0, 0.0, 0.0, 0.0, 0.0, 0.0, 0.0, 0.0, 0.0, 0.0, 0.0, 0.0, 0.0, 0.0, 3.1415927410125732, 3.1415927410125732, 3.1415927410125732, 3.1415927410125732, 3.1415927410125732, 3.1415927410125732, 3.1415927410125732, 3.1415927410125732, 0.0, 0.0, 0.0, 0.0, 0.0, 0.0, 0.0, 0.0, 0.0, 0.0, 0.0, 0.0, 0.0, 0.0, 0.0, 0.0]"
0.6088365,0.15223686,0.15219523,0.15220979,0.15219462,0.15220913,-9.53539467,-9.53664207,-9.53620815,-9.53666496,"[3.1415927410125732, 3.1415927410125732, 3.1415927410125732, 3.1415927410125732, 3.1415927410125732, 3.1415927410125732, 3.1415927410125732, 3.1415927410125732, 3.1415927410125732, 3.1415927410125732, 3.1415927410125732, 3.1415927410125732, 3.1415927410125732, 3.1415927410125732, 3.1415927410125732, 3.1415927410125732, 3.1415927410125732, 3.1415927410125732, 3.1415927410125732, 3.1415927410125732, 3.1415927410125732, 3.1415927410125732, 3.1415927410125732, 3.1415927410125732, 3.1415927410125732, 3.1415927410125732, 3.1415927410125732, 3.1415927410125732, 3.1415927410125732, 3.1415927410125732, 3.1415927410125732, 3.1415927410125732, 3.1415927410125732, 3.1415927410125732, 3.1415927410125732, 3.1415927410125732, 3.1415927410125732, 3.1415927410125732, 3.1415927410125732, 3.1415927410125732, 3.1415927410125732, 3.1415927410125732, 3.1415927410125732, 3.1415927410125732, 3.1415927410125732, 3.1415927410125732, 3.1415927410125732, 3.1415927410125732, 3.1415927410125732, 3.1415927410125732, 3.1415927410125732, 3.1415927410125732, 3.1415927410125732, 3.1415927410125732, 3.1415927410125732, 3.1415927410125732, 3.1415927410125732, 3.1415927410125732, 3.1415927410125732, 3.1415927410125732, 3.1415927410125732, 3.1415927410125732, 3.1415927410125732, 3.1415927410125732, 3.1415927410125732, 3.1415927410125732, 3.1415927410125732, 3.1415927410125732, 3.1415927410125732, 3.1415927410125732, 3.1415927410125732, 3.1415927410125732, 3.1415927410125732, 3.1415927410125732, 3.1415927410125732, 3.1415927410125732, 3.1415927410125732, 3.1415927410125732, 3.1415927410125732, 3.1415927410125732, 3.1415927410125732, 3.1415927410125732, 3.1415927410125732, 3.1415927410125732, 3.1415927410125732, 3.1415927410125732, 3.1415927410125732, 3.1415927410125732, 3.1415927410125732, 3.1415927410125732, 3.1415927410125732, 3.1415927410125732, 3.1415927410125732, 3.1415927410125732, 3.1415927410125732, 3.1415927410125732, 3.1415927410125732, 3.1415927410125732, 3.1415927410125732, 3.1415927410125732, 3.1415927410125732, 3.1415927410125732, 3.1415927410125732, 3.1415927410125732, 3.1415927410125732, 3.1415927410125732, 3.1415927410125732, 3.1415927410125732, 3.1415927410125732, 3.1415927410125732, 3.1415927410125732, 3.1415927410125732, 3.1415927410125732, 3.1415927410125732, 3.1415927410125732, 3.1415927410125732, 3.1415927410125732, 3.1415927410125732, 3.1415927410125732, 3.1415927410125732, 3.1415927410125732, 3.1415927410125732, 3.1415927410125732, 3.1415927410125732, 3.1415927410125732, 3.1415927410125732, 3.1415927410125732, 3.1415927410125732, 3.1415927410125732, 3.1415927410125732, 3.1415927410125732, 3.1415927410125732, 3.1415927410125732, 3.1415927410125732, 3.1415927410125732, 3.1415927410125732, 3.1415927410125732, 3.1415927410125732, 3.1415927410125732, 3.1415927410125732, 3.1415927410125732, 3.1415927410125732, 3.1415927410125732, 3.1415927410125732, 3.1415927410125732, 3.1415927410125732, 3.1415927410125732, 3.1415927410125732, 3.1415927410125732, 3.1415927410125732, 3.1415927410125732, 3.1415927410125732, 3.1415927410125732, 3.1415927410125732, 3.1415927410125732, 3.1415927410125732, 3.1415927410125732, 3.1415927410125732, 3.1415927410125732, 3.1415927410125732, 3.1415927410125732, 3.1415927410125732, 3.1415927410125732, 3.1415927410125732, 3.1415927410125732, 3.1415927410125732, 3.1415927410125732, 3.1415927410125732, 3.1415927410125732, 3.1415927410125732, 3.1415927410125732, 3.1415927410125732, 3.1415927410125732, 3.1415927410125732, 3.1415927410125732, 3.1415927410125732, 3.1415927410125732, 3.1415927410125732, 3.1415927410125732, 3.1415927410125732, 3.1415927410125732, 3.1415927410125732, 3.1415927410125732, 3.1415927410125732, 3.1415927410125732, 3.1415927410125732, 3.1415927410125732, 3.1415927410125732, 3.1415927410125732, 3.1415927410125732, 3.1415927410125732, 3.1415927410125732, 3.1415927410125732, 3.1415927410125732, 3.1415927410125732, 3.1415927410125732, 3.1415927410125732, 3.1415927410125732, 3.1415927410125732, 3.1415927410125732, 3.1415927410125732, 3.1415927410125732, 3.1415927410125732, 3.1415927410125732, 3.1415927410125732, 3.1415927410125732, 3.1415927410125732, 3.1415927410125732, 3.1415927410125732, 3.1415927410125732, 3.1415927410125732, 3.1415927410125732, 3.1415927410125732, 3.1415927410125732, 3.1415927410125732, 3.1415927410125732, 3.1415927410125732, 3.1415927410125732, 3.1415927410125732, 3.1415927410125732, 3.1415927410125732, 3.1415927410125732, 3.1415927410125732, 3.1415927410125732, 3.1415927410125732, 3.1415927410125732, 3.1415927410125732, 3.1415927410125732, 3.1415927410125732, 3.1415927410125732, 3.1415927410125732, 3.1415927410125732, 3.1415927410125732, 3.1415927410125732, 3.1415927410125732, 3.1415927410125732, 3.1415927410125732, 3.1415927410125732, 3.1415927410125732, 3.1415927410125732, 3.1415927410125732, 3.1415927410125732, 3.1415927410125732, 3.1415927410125732, 3.1415927410125732, 3.1415927410125732, 3.1415927410125732, 3.1415927410125732, 3.1415927410125732, 3.1415927410125732, 3.1415927410125732, 3.1415927410125732, 3.1415927410125732, 3.1415927410125732, 3.1415927410125732, 3.1415927410125732, 0.0, 0.0, 0.0, 0.0, 0.0, 0.0, 0.0, 0.0, 0.0, 0.0, 0.0, 0.0, 0.0, 0.0, 0.0, 0.0, 3.1415927410125732, 3.1415927410125732, 3.1415927410125732, 3.1415927410125732, 3.1415927410125732, 3.1415927410125732, 3.1415927410125732, 3.1415927410125732, 3.1415927410125732, 3.1415927410125732, 3.1415927410125732, 3.1415927410125732, 3.1415927410125732, 3.1415927410125732, 3.1415927410125732, 3.1415927410125732, 0.0, 0.0, 0.0, 0.0, 0.0, 0.0, 0.0, 0.0, 0.0, 0.0, 0.0, 0.0, 0.0, 0.0, 0.0, 0.0, 3.1415927410125732, 3.1415927410125732, 3.1415927410125732, 3.1415927410125732, 3.1415927410125732, 3.1415927410125732, 3.1415927410125732, 3.1415927410125732, 3.1415927410125732, 3.1415927410125732, 3.1415927410125732, 3.1415927410125732, 3.1415927410125732, 3.1415927410125732, 3.1415927410125732, 3.1415927410125732, 0.0, 0.0, 0.0, 0.0, 0.0, 0.0, 0.0, 0.0, 0.0, 0.0, 0.0, 0.0, 0.0, 0.0, 0.0, 0.0, 3.1415927410125732, 3.1415927410125732, 3.1415927410125732, 3.1415927410125732, 3.1415927410125732, 3.1415927410125732, 3.1415927410125732, 3.1415927410125732, 3.1415927410125732, 3.1415927410125732, 3.1415927410125732, 3.1415927410125732, 3.1415927410125732, 3.1415927410125732, 3.1415927410125732, 3.1415927410125732, 0.0, 0.0, 0.0, 0.0, 0.0, 0.0, 0.0, 0.0, 0.0, 0.0, 0.0, 0.0, 0.0, 0.0, 0.0, 0.0, 3.1415927410125732, 3.1415927410125732, 3.1415927410125732, 3.1415927410125732, 3.1415927410125732, 3.1415927410125732, 3.1415927410125732, 3.1415927410125732, 3.1415927410125732, 3.1415927410125732, 3.1415927410125732, 3.1415927410125732, 3.1415927410125732, 3.1415927410125732, 3.1415927410125732, 3.1415927410125732, 0.0, 0.0, 0.0, 0.0, 0.0, 0.0, 0.0, 0.0, 0.0, 0.0, 0.0, 0.0, 0.0, 0.0, 0.0, 0.0, 3.1415927410125732, 3.1415927410125732, 3.1415927410125732, 3.1415927410125732, 3.1415927410125732, 3.1415927410125732, 3.1415927410125732, 3.1415927410125732, 3.1415927410125732, 3.1415927410125732, 3.1415927410125732, 3.1415927410125732, 3.1415927410125732, 3.1415927410125732, 3.1415927410125732, 3.1415927410125732, 0.0, 0.0, 0.0, 0.0, 0.0, 0.0, 0.0, 0.0, 0.0, 0.0, 0.0, 0.0, 0.0, 0.0, 0.0, 0.0, 3.1415927410125732, 3.1415927410125732, 3.1415927410125732, 3.1415927410125732, 3.1415927410125732, 3.1415927410125732, 3.1415927410125732, 3.1415927410125732, 3.1415927410125732, 3.1415927410125732, 3.1415927410125732, 3.1415927410125732, 3.1415927410125732, 3.1415927410125732, 3.1415927410125732, 3.1415927410125732, 0.0, 0.0, 0.0, 0.0, 0.0, 0.0, 0.0, 0.0, 0.0, 0.0, 0.0, 0.0, 0.0, 0.0, 0.0, 0.0, 3.1415927410125732, 3.1415927410125732, 3.1415927410125732, 3.1415927410125732, 3.1415927410125732, 3.1415927410125732, 3.1415927410125732, 3.1415927410125732, 3.1415927410125732, 3.1415927410125732, 3.1415927410125732, 3.1415927410125732, 3.1415927410125732, 3.1415927410125732, 3.1415927410125732, 3.1415927410125732, 0.0, 0.0, 0.0, 0.0, 0.0, 0.0, 0.0, 0.0, 0.0, 0.0, 0.0, 0.0, 0.0, 0.0, 0.0, 0.0, 3.1415927410125732, 3.1415927410125732, 3.1415927410125732, 3.1415927410125732, 3.1415927410125732, 3.1415927410125732, 3.1415927410125732, 3.1415927410125732, 3.1415927410125732, 3.1415927410125732, 3.1415927410125732, 3.1415927410125732, 3.1415927410125732, 3.1415927410125732, 3.1415927410125732, 3.1415927410125732, 0.0, 0.0, 0.0, 0.0, 0.0, 0.0, 0.0, 0.0, 0.0, 0.0, 0.0, 0.0, 0.0, 0.0, 0.0, 0.0, 0.0, 0.0, 0.0, 0.0, 0.0, 0.0, 0.0, 0.0, 0.0, 0.0, 0.0, 0.0, 0.0, 0.0, 0.0, 0.0, 0.0, 0.0, 0.0, 0.0, 0.0, 0.0, 0.0, 0.0, 0.0, 0.0, 0.0, 0.0, 0.0, 0.0, 0.0, 0.0, 0.0, 0.0, 0.0, 0.0, 0.0, 0.0, 0.0, 0.0, 0.0, 0.0, 0.0, 0.0, 0.0, 0.0, 0.0, 0.0, 0.0, 0.0, 0.0, 0.0, 0.0, 0.0, 0.0, 0.0, 0.0, 0.0, 0.0, 0.0, 0.0, 0.0, 0.0, 0.0, 0.0, 0.0, 0.0, 0.0, 0.0, 0.0, 0.0, 0.0, 0.0, 0.0, 0.0, 0.0, 0.0, 0.0, 0.0, 0.0, 0.0, 0.0, 0.0, 0.0, 0.0, 0.0, 0.0, 0.0, 0.0, 0.0, 0.0, 0.0, 0.0, 0.0, 0.0, 0.0, 0.0, 0.0, 0.0, 0.0, 0.0, 0.0, 0.0, 0.0, 0.0, 0.0, 0.0, 0.0, 0.0, 0.0, 0.0, 0.0, 0.0, 0.0, 0.0, 0.0, 0.0, 0.0, 0.0, 0.0, 0.0, 0.0, 0.0, 0.0, 0.0, 0.0, 0.0, 0.0, 0.0, 0.0, 0.0, 0.0, 0.0, 0.0, 0.0, 0.0, 0.0, 0.0, 0.0, 0.0, 0.0, 0.0, 0.0, 0.0, 0.0, 0.0, 0.0, 0.0, 0.0, 0.0, 0.0, 0.0, 0.0, 0.0, 0.0, 0.0, 0.0, 0.0, 0.0, 0.0, 0.0, 0.0, 0.0, 0.0, 0.0, 0.0, 0.0, 0.0, 0.0, 0.0, 0.0, 0.0, 0.0, 0.0, 0.0, 0.0, 0.0, 0.0, 0.0, 0.0, 0.0, 0.0, 0.0, 0.0, 0.0, 0.0, 0.0, 0.0, 0.0, 0.0, 0.0, 0.0, 0.0, 0.0, 0.0, 0.0, 0.0, 0.0, 0.0, 0.0, 0.0, 0.0, 0.0, 0.0, 0.0, 0.0, 0.0, 0.0, 0.0, 0.0, 0.0, 0.0, 0.0, 0.0, 0.0, 0.0, 0.0, 0.0, 0.0, 0.0, 0.0, 0.0, 0.0, 0.0, 0.0, 0.0, 0.0, 0.0, 0.0, 0.0, 0.0, 0.0, 0.0, 0.0, 0.0, 0.0, 0.0, 0.0, 0.0, 0.0, 0.0, 0.0, 0.0, 0.0, 0.0, 0.0, 0.0, 0.0, 3.1415927410125732, 3.1415927410125732, 3.1415927410125732, 3.1415927410125732, 3.1415927410125732, 3.1415927410125732, 3.1415927410125732, 3.1415927410125732, 0.0, 0.0, 0.0, 0.0, 0.0, 0.0, 0.0, 0.0, 0.0, 0.0, 0.0, 0.0, 0.0, 0.0, 0.0, 0.0, 0.0, 0.0, 0.0, 0.0, 0.0, 0.0, 0.0, 0.0, 3.1415927410125732, 3.1415927410125732, 3.1415927410125732, 3.1415927410125732, 3.1415927410125732, 3.1415927410125732, 3.1415927410125732, 3.1415927410125732, 0.0, 0.0, 0.0, 0.0, 0.0, 0.0, 0.0, 0.0, 0.0, 0.0, 0.0, 0.0, 0.0, 0.0, 0.0, 0.0, 0.0, 0.0, 0.0, 0.0, 0.0, 0.0, 0.0, 0.0, 3.1415927410125732, 3.1415927410125732, 3.1415927410125732, 3.1415927410125732, 3.1415927410125732, 3.1415927410125732, 3.1415927410125732, 3.1415927410125732, 0.0, 0.0, 0.0, 0.0, 0.0, 0.0, 0.0, 0.0, 0.0, 0.0, 0.0, 0.0, 0.0, 0.0, 0.0, 0.0, 0.0, 0.0, 0.0, 0.0, 0.0, 0.0, 0.0, 0.0, 3.1415927410125732, 3.1415927410125732, 3.1415927410125732, 3.1415927410125732, 3.1415927410125732, 3.1415927410125732, 3.1415927410125732, 3.1415927410125732, 0.0, 0.0, 0.0, 0.0, 0.0, 0.0, 0.0, 0.0, 0.0, 0.0, 0.0, 0.0, 0.0, 0.0, 0.0, 0.0, 0.0, 0.0, 0.0, 0.0, 0.0, 0.0, 0.0, 0.0, 3.1415927410125732, 3.1415927410125732, 3.1415927410125732, 3.1415927410125732, 3.1415927410125732, 3.1415927410125732, 3.1415927410125732, 3.1415927410125732, 0.0, 0.0, 0.0, 0.0, 0.0, 0.0, 0.0, 0.0, 0.0, 0.0, 0.0, 0.0, 0.0, 0.0, 0.0, 0.0, 0.0, 0.0, 0.0, 0.0, 0.0, 0.0, 0.0, 0.0, 3.1415927410125732, 3.1415927410125732, 3.1415927410125732, 3.1415927410125732, 3.1415927410125732, 3.1415927410125732, 3.1415927410125732, 3.1415927410125732, 0.0, 0.0, 0.0, 0.0, 0.0, 0.0, 0.0, 0.0, 0.0, 0.0, 0.0, 0.0, 0.0, 0.0, 0.0, 0.0, 0.0, 0.0, 0.0, 0.0, 0.0, 0.0, 0.0, 0.0, 3.1415927410125732, 3.1415927410125732, 3.1415927410125732, 3.1415927410125732, 3.1415927410125732, 3.1415927410125732, 3.1415927410125732, 3.1415927410125732, 0.0, 0.0, 0.0, 0.0, 0.0, 0.0, 0.0, 0.0, 0.0, 0.0, 0.0, 0.0, 0.0, 0.0, 0.0, 0.0, 0.0, 0.0, 0.0, 0.0, 0.0, 0.0, 0.0, 0.0, 3.1415927410125732, 3.1415927410125732, 3.1415927410125732, 3.1415927410125732, 3.1415927410125732, 3.1415927410125732, 3.1415927410125732, 3.1415927410125732, 0.0, 0.0, 0.0, 0.0, 0.0, 0.0, 0.0, 0.0, 0.0, 0.0, 0.0, 0.0, 0.0, 0.0, 0.0, 0.0]"
0.6088365,0.15223686,0.15219523,0.15220979,0.15219462,0.15220913,-9.53539467,-9.53664207,-9.53620815,-9.53666496,"[3.1415927410125732, 3.1415927410125732, 3.1415927410125732, 3.1415927410125732, 3.1415927410125732, 3.1415927410125732, 3.1415927410125732, 3.1415927410125732, 3.1415927410125732, 3.1415927410125732, 3.1415927410125732, 3.1415927410125732, 3.1415927410125732, 3.1415927410125732, 3.1415927410125732, 3.1415927410125732, 3.1415927410125732, 3.1415927410125732, 3.1415927410125732, 3.1415927410125732, 3.1415927410125732, 3.1415927410125732, 3.1415927410125732, 3.1415927410125732, 3.1415927410125732, 3.1415927410125732, 3.1415927410125732, 3.1415927410125732, 3.1415927410125732, 3.1415927410125732, 3.1415927410125732, 3.1415927410125732, 3.1415927410125732, 3.1415927410125732, 3.1415927410125732, 3.1415927410125732, 3.1415927410125732, 3.1415927410125732, 3.1415927410125732, 3.1415927410125732, 3.1415927410125732, 3.1415927410125732, 3.1415927410125732, 3.1415927410125732, 3.1415927410125732, 3.1415927410125732, 3.1415927410125732, 3.1415927410125732, 3.1415927410125732, 3.1415927410125732, 3.1415927410125732, 3.1415927410125732, 3.1415927410125732, 3.1415927410125732, 3.1415927410125732, 3.1415927410125732, 3.1415927410125732, 3.1415927410125732, 3.1415927410125732, 3.1415927410125732, 3.1415927410125732, 3.1415927410125732, 3.1415927410125732, 3.1415927410125732, 3.1415927410125732, 3.1415927410125732, 3.1415927410125732, 3.1415927410125732, 3.1415927410125732, 3.1415927410125732, 3.1415927410125732, 3.1415927410125732, 3.1415927410125732, 3.1415927410125732, 3.1415927410125732, 3.1415927410125732, 3.1415927410125732, 3.1415927410125732, 3.1415927410125732, 3.1415927410125732, 3.1415927410125732, 3.1415927410125732, 3.1415927410125732, 3.1415927410125732, 3.1415927410125732, 3.1415927410125732, 3.1415927410125732, 3.1415927410125732, 3.1415927410125732, 3.1415927410125732, 3.1415927410125732, 3.1415927410125732, 3.1415927410125732, 3.1415927410125732, 3.1415927410125732, 3.1415927410125732, 3.1415927410125732, 3.1415927410125732, 3.1415927410125732, 3.1415927410125732, 3.1415927410125732, 3.1415927410125732, 3.1415927410125732, 3.1415927410125732, 3.1415927410125732, 3.1415927410125732, 3.1415927410125732, 3.1415927410125732, 3.1415927410125732, 3.1415927410125732, 3.1415927410125732, 3.1415927410125732, 3.1415927410125732, 3.1415927410125732, 3.1415927410125732, 3.1415927410125732, 3.1415927410125732, 3.1415927410125732, 3.1415927410125732, 3.1415927410125732, 3.1415927410125732, 3.1415927410125732, 3.1415927410125732, 3.1415927410125732, 3.1415927410125732, 3.1415927410125732, 3.1415927410125732, 3.1415927410125732, 3.1415927410125732, 3.1415927410125732, 3.1415927410125732, 3.1415927410125732, 3.1415927410125732, 3.1415927410125732, 3.1415927410125732, 3.1415927410125732, 3.1415927410125732, 3.1415927410125732, 3.1415927410125732, 3.1415927410125732, 3.1415927410125732, 3.1415927410125732, 3.1415927410125732, 3.1415927410125732, 3.1415927410125732, 3.1415927410125732, 3.1415927410125732, 3.1415927410125732, 3.1415927410125732, 3.1415927410125732, 3.1415927410125732, 3.1415927410125732, 3.1415927410125732, 3.1415927410125732, 3.1415927410125732, 3.1415927410125732, 3.1415927410125732, 3.1415927410125732, 3.1415927410125732, 3.1415927410125732, 3.1415927410125732, 3.1415927410125732, 3.1415927410125732, 3.1415927410125732, 3.1415927410125732, 3.1415927410125732, 3.1415927410125732, 3.1415927410125732, 3.1415927410125732, 3.1415927410125732, 3.1415927410125732, 3.1415927410125732, 3.1415927410125732, 3.1415927410125732, 3.1415927410125732, 3.1415927410125732, 3.1415927410125732, 3.1415927410125732, 3.1415927410125732, 3.1415927410125732, 3.1415927410125732, 3.1415927410125732, 3.1415927410125732, 3.1415927410125732, 3.1415927410125732, 3.1415927410125732, 3.1415927410125732, 3.1415927410125732, 3.1415927410125732, 3.1415927410125732, 3.1415927410125732, 3.1415927410125732, 3.1415927410125732, 3.1415927410125732, 3.1415927410125732, 3.1415927410125732, 3.1415927410125732, 3.1415927410125732, 3.1415927410125732, 3.1415927410125732, 3.1415927410125732, 3.1415927410125732, 3.1415927410125732, 3.1415927410125732, 3.1415927410125732, 3.1415927410125732, 3.1415927410125732, 3.1415927410125732, 3.1415927410125732, 3.1415927410125732, 3.1415927410125732, 3.1415927410125732, 3.1415927410125732, 3.1415927410125732, 3.1415927410125732, 3.1415927410125732, 3.1415927410125732, 3.1415927410125732, 3.1415927410125732, 3.1415927410125732, 3.1415927410125732, 3.1415927410125732, 3.1415927410125732, 3.1415927410125732, 3.1415927410125732, 3.1415927410125732, 3.1415927410125732, 3.1415927410125732, 3.1415927410125732, 3.1415927410125732, 3.1415927410125732, 3.1415927410125732, 3.1415927410125732, 3.1415927410125732, 3.1415927410125732, 3.1415927410125732, 3.1415927410125732, 3.1415927410125732, 3.1415927410125732, 3.1415927410125732, 3.1415927410125732, 3.1415927410125732, 3.1415927410125732, 3.1415927410125732, 3.1415927410125732, 3.1415927410125732, 3.1415927410125732, 3.1415927410125732, 3.1415927410125732, 3.1415927410125732, 3.1415927410125732, 3.1415927410125732, 3.1415927410125732, 3.1415927410125732, 3.1415927410125732, 3.1415927410125732, 0.0, 0.0, 0.0, 0.0, 0.0, 0.0, 0.0, 0.0, 0.0, 0.0, 0.0, 0.0, 0.0, 0.0, 0.0, 0.0, 3.1415927410125732, 3.1415927410125732, 3.1415927410125732, 3.1415927410125732, 3.1415927410125732, 3.1415927410125732, 3.1415927410125732, 3.1415927410125732, 3.1415927410125732, 3.1415927410125732, 3.1415927410125732, 3.1415927410125732, 3.1415927410125732, 3.1415927410125732, 3.1415927410125732, 3.1415927410125732, 0.0, 0.0, 0.0, 0.0, 0.0, 0.0, 0.0, 0.0, 0.0, 0.0, 0.0, 0.0, 0.0, 0.0, 0.0, 0.0, 3.1415927410125732, 3.1415927410125732, 3.1415927410125732, 3.1415927410125732, 3.1415927410125732, 3.1415927410125732, 3.1415927410125732, 3.1415927410125732, 3.1415927410125732, 3.1415927410125732, 3.1415927410125732, 3.1415927410125732, 3.1415927410125732, 3.1415927410125732, 3.1415927410125732, 3.1415927410125732, 0.0, 0.0, 0.0, 0.0, 0.0, 0.0, 0.0, 0.0, 0.0, 0.0, 0.0, 0.0, 0.0, 0.0, 0.0, 0.0, 3.1415927410125732, 3.1415927410125732, 3.1415927410125732, 3.1415927410125732, 3.1415927410125732, 3.1415927410125732, 3.1415927410125732, 3.1415927410125732, 3.1415927410125732, 3.1415927410125732, 3.1415927410125732, 3.1415927410125732, 3.1415927410125732, 3.1415927410125732, 3.1415927410125732, 3.1415927410125732, 0.0, 0.0, 0.0, 0.0, 0.0, 0.0, 0.0, 0.0, 0.0, 0.0, 0.0, 0.0, 0.0, 0.0, 0.0, 0.0, 3.1415927410125732, 3.1415927410125732, 3.1415927410125732, 3.1415927410125732, 3.1415927410125732, 3.1415927410125732, 3.1415927410125732, 3.1415927410125732, 3.1415927410125732, 3.1415927410125732, 3.1415927410125732, 3.1415927410125732, 3.1415927410125732, 3.1415927410125732, 3.1415927410125732, 3.1415927410125732, 0.0, 0.0, 0.0, 0.0, 0.0, 0.0, 0.0, 0.0, 0.0, 0.0, 0.0, 0.0, 0.0, 0.0, 0.0, 0.0, 3.1415927410125732, 3.1415927410125732, 3.1415927410125732, 3.1415927410125732, 3.1415927410125732, 3.1415927410125732, 3.1415927410125732, 3.1415927410125732, 3.1415927410125732, 3.1415927410125732, 3.1415927410125732, 3.1415927410125732, 3.1415927410125732, 3.1415927410125732, 3.1415927410125732, 3.1415927410125732, 0.0, 0.0, 0.0, 0.0, 0.0, 0.0, 0.0, 0.0, 0.0, 0.0, 0.0, 0.0, 0.0, 0.0, 0.0, 0.0, 3.1415927410125732, 3.1415927410125732, 3.1415927410125732, 3.1415927410125732, 3.1415927410125732, 3.1415927410125732, 3.1415927410125732, 3.1415927410125732, 3.1415927410125732, 3.1415927410125732, 3.1415927410125732, 3.1415927410125732, 3.1415927410125732, 3.1415927410125732, 3.1415927410125732, 3.1415927410125732, 0.0, 0.0, 0.0, 0.0, 0.0, 0.0, 0.0, 0.0, 0.0, 0.0, 0.0, 0.0, 0.0, 0.0, 0.0, 0.0, 3.1415927410125732, 3.1415927410125732, 3.1415927410125732, 3.1415927410125732, 3.1415927410125732, 3.1415927410125732, 3.1415927410125732, 3.1415927410125732, 3.1415927410125732, 3.1415927410125732, 3.1415927410125732, 3.1415927410125732, 3.1415927410125732, 3.1415927410125732, 3.1415927410125732, 3.1415927410125732, 0.0, 0.0, 0.0, 0.0, 0.0, 0.0, 0.0, 0.0, 0.0, 0.0, 0.0, 0.0, 0.0, 0.0, 0.0, 0.0, 3.1415927410125732, 3.1415927410125732, 3.1415927410125732, 3.1415927410125732, 3.1415927410125732, 3.1415927410125732, 3.1415927410125732, 3.1415927410125732, 3.1415927410125732, 3.1415927410125732, 3.1415927410125732, 3.1415927410125732, 3.1415927410125732, 3.1415927410125732, 3.1415927410125732, 3.1415927410125732, 0.0, 0.0, 0.0, 0.0, 0.0, 0.0, 0.0, 0.0, 0.0, 0.0, 0.0, 0.0, 0.0, 0.0, 0.0, 0.0, 0.0, 0.0, 0.0, 0.0, 0.0, 0.0, 0.0, 0.0, 0.0, 0.0, 0.0, 0.0, 0.0, 0.0, 0.0, 0.0, 0.0, 0.0, 0.0, 0.0, 0.0, 0.0, 0.0, 0.0, 0.0, 0.0, 0.0, 0.0, 0.0, 0.0, 0.0, 0.0, 0.0, 0.0, 0.0, 0.0, 0.0, 0.0, 0.0, 0.0, 0.0, 0.0, 0.0, 0.0, 0.0, 0.0, 0.0, 0.0, 0.0, 0.0, 0.0, 0.0, 0.0, 0.0, 0.0, 0.0, 0.0, 0.0, 0.0, 0.0, 0.0, 0.0, 0.0, 0.0, 0.0, 0.0, 0.0, 0.0, 0.0, 0.0, 0.0, 0.0, 0.0, 0.0, 0.0, 0.0, 0.0, 0.0, 0.0, 0.0, 0.0, 0.0, 0.0, 0.0, 0.0, 0.0, 0.0, 0.0, 0.0, 0.0, 0.0, 0.0, 0.0, 0.0, 0.0, 0.0, 0.0, 0.0, 0.0, 0.0, 0.0, 0.0, 0.0, 0.0, 0.0, 0.0, 0.0, 0.0, 0.0, 0.0, 0.0, 0.0, 0.0, 0.0, 0.0, 0.0, 0.0, 0.0, 0.0, 0.0, 0.0, 0.0, 0.0, 0.0, 0.0, 0.0, 0.0, 0.0, 0.0, 0.0, 0.0, 0.0, 0.0, 0.0, 0.0, 0.0, 0.0, 0.0, 0.0, 0.0, 0.0, 0.0, 0.0, 0.0, 0.0, 0.0, 0.0, 0.0, 0.0, 0.0, 0.0, 0.0, 0.0, 0.0, 0.0, 0.0, 0.0, 0.0, 0.0, 0.0, 0.0, 0.0, 0.0, 0.0, 0.0, 0.0, 0.0, 0.0, 0.0, 0.0, 0.0, 0.0, 0.0, 0.0, 0.0, 0.0, 0.0, 0.0, 0.0, 0.0, 0.0, 0.0, 0.0, 0.0, 0.0, 0.0, 0.0, 0.0, 0.0, 0.0, 0.0, 0.0, 0.0, 0.0, 0.0, 0.0, 0.0, 0.0, 0.0, 0.0, 0.0, 0.0, 0.0, 0.0, 0.0, 0.0, 0.0, 0.0, 0.0, 0.0, 0.0, 0.0, 0.0, 0.0, 0.0, 0.0, 0.0, 0.0, 0.0, 0.0, 0.0, 0.0, 0.0, 0.0, 0.0, 0.0, 0.0, 0.0, 0.0, 0.0, 0.0, 0.0, 0.0, 0.0, 0.0, 0.0, 0.0, 0.0, 0.0, 0.0, 0.0, 0.0, 0.0, 0.0, 0.0, 0.0, 0.0, 0.0, 3.1415927410125732, 3.1415927410125732, 3.1415927410125732, 3.1415927410125732, 3.1415927410125732, 3.1415927410125732, 3.1415927410125732, 3.1415927410125732, 0.0, 0.0, 0.0, 0.0, 0.0, 0.0, 0.0, 0.0, 0.0, 0.0, 0.0, 0.0, 0.0, 0.0, 0.0, 0.0, 0.0, 0.0, 0.0, 0.0, 0.0, 0.0, 0.0, 0.0, 3.1415927410125732, 3.1415927410125732, 3.1415927410125732, 3.1415927410125732, 3.1415927410125732, 3.1415927410125732, 3.1415927410125732, 3.1415927410125732, 0.0, 0.0, 0.0, 0.0, 0.0, 0.0, 0.0, 0.0, 0.0, 0.0, 0.0, 0.0, 0.0, 0.0, 0.0, 0.0, 0.0, 0.0, 0.0, 0.0, 0.0, 0.0, 0.0, 0.0, 3.1415927410125732, 3.1415927410125732, 3.1415927410125732, 3.1415927410125732, 3.1415927410125732, 3.1415927410125732, 3.1415927410125732, 3.1415927410125732, 0.0, 0.0, 0.0, 0.0, 0.0, 0.0, 0.0, 0.0, 0.0, 0.0, 0.0, 0.0, 0.0, 0.0, 0.0, 0.0, 0.0, 0.0, 0.0, 0.0, 0.0, 0.0, 0.0, 0.0, 3.1415927410125732, 3.1415927410125732, 3.1415927410125732, 3.1415927410125732, 3.1415927410125732, 3.1415927410125732, 3.1415927410125732, 3.1415927410125732, 0.0, 0.0, 0.0, 0.0, 0.0, 0.0, 0.0, 0.0, 0.0, 0.0, 0.0, 0.0, 0.0, 0.0, 0.0, 0.0, 0.0, 0.0, 0.0, 0.0, 0.0, 0.0, 0.0, 0.0, 3.1415927410125732, 3.1415927410125732, 3.1415927410125732, 3.1415927410125732, 3.1415927410125732, 3.1415927410125732, 3.1415927410125732, 3.1415927410125732, 0.0, 0.0, 0.0, 0.0, 0.0, 0.0, 0.0, 0.0, 0.0, 0.0, 0.0, 0.0, 0.0, 0.0, 0.0, 0.0, 0.0, 0.0, 0.0, 0.0, 0.0, 0.0, 0.0, 0.0, 3.1415927410125732, 3.1415927410125732, 3.1415927410125732, 3.1415927410125732, 3.1415927410125732, 3.1415927410125732, 3.1415927410125732, 3.1415927410125732, 0.0, 0.0, 0.0, 0.0, 0.0, 0.0, 0.0, 0.0, 0.0, 0.0, 0.0, 0.0, 0.0, 0.0, 0.0, 0.0, 0.0, 0.0, 0.0, 0.0, 0.0, 0.0, 0.0, 0.0, 3.1415927410125732, 3.1415927410125732, 3.1415927410125732, 3.1415927410125732, 3.1415927410125732, 3.1415927410125732, 3.1415927410125732, 3.1415927410125732, 0.0, 0.0, 0.0, 0.0, 0.0, 0.0, 0.0, 0.0, 0.0, 0.0, 0.0, 0.0, 0.0, 0.0, 0.0, 0.0, 0.0, 0.0, 0.0, 0.0, 0.0, 0.0, 0.0, 0.0, 3.1415927410125732, 3.1415927410125732, 3.1415927410125732, 3.1415927410125732, 3.1415927410125732, 3.1415927410125732, 3.1415927410125732, 3.1415927410125732, 0.0, 0.0, 0.0, 0.0, 0.0, 0.0, 0.0, 0.0, 0.0, 0.0, 0.0, 0.0, 0.0, 0.0, 0.0, 0.0]"
0.6088365,0.15223686,0.15219523,0.15220979,0.15219462,0.15220913,-9.53539467,-9.53664207,-9.53620815,-9.53666496,"[3.1415927410125732, 3.1415927410125732, 3.1415927410125732, 3.1415927410125732, 3.1415927410125732, 3.1415927410125732, 3.1415927410125732, 3.1415927410125732, 3.1415927410125732, 3.1415927410125732, 3.1415927410125732, 3.1415927410125732, 3.1415927410125732, 3.1415927410125732, 3.1415927410125732, 3.1415927410125732, 3.1415927410125732, 3.1415927410125732, 3.1415927410125732, 3.1415927410125732, 3.1415927410125732, 3.1415927410125732, 3.1415927410125732, 3.1415927410125732, 3.1415927410125732, 3.1415927410125732, 3.1415927410125732, 3.1415927410125732, 3.1415927410125732, 3.1415927410125732, 3.1415927410125732, 3.1415927410125732, 3.1415927410125732, 3.1415927410125732, 3.1415927410125732, 3.1415927410125732, 3.1415927410125732, 3.1415927410125732, 3.1415927410125732, 3.1415927410125732, 3.1415927410125732, 3.1415927410125732, 3.1415927410125732, 3.1415927410125732, 3.1415927410125732, 3.1415927410125732, 3.1415927410125732, 3.1415927410125732, 3.1415927410125732, 3.1415927410125732, 3.1415927410125732, 3.1415927410125732, 3.1415927410125732, 3.1415927410125732, 3.1415927410125732, 3.1415927410125732, 3.1415927410125732, 3.1415927410125732, 3.1415927410125732, 3.1415927410125732, 3.1415927410125732, 3.1415927410125732, 3.1415927410125732, 3.1415927410125732, 3.1415927410125732, 3.1415927410125732, 3.1415927410125732, 3.1415927410125732, 3.1415927410125732, 3.1415927410125732, 3.1415927410125732, 3.1415927410125732, 3.1415927410125732, 3.1415927410125732, 3.1415927410125732, 3.1415927410125732, 3.1415927410125732, 3.1415927410125732, 3.1415927410125732, 3.1415927410125732, 3.1415927410125732, 3.1415927410125732, 3.1415927410125732, 3.1415927410125732, 3.1415927410125732, 3.1415927410125732, 3.1415927410125732, 3.1415927410125732, 3.1415927410125732, 3.1415927410125732, 3.1415927410125732, 3.1415927410125732, 3.1415927410125732, 3.1415927410125732, 3.1415927410125732, 3.1415927410125732, 3.1415927410125732, 3.1415927410125732, 3.1415927410125732, 3.1415927410125732, 3.1415927410125732, 3.1415927410125732, 3.1415927410125732, 3.1415927410125732, 3.1415927410125732, 3.1415927410125732, 3.1415927410125732, 3.1415927410125732, 3.1415927410125732, 3.1415927410125732, 3.1415927410125732, 3.1415927410125732, 3.1415927410125732, 3.1415927410125732, 3.1415927410125732, 3.1415927410125732, 3.1415927410125732, 3.1415927410125732, 3.1415927410125732, 3.1415927410125732, 3.1415927410125732, 3.1415927410125732, 3.1415927410125732, 3.1415927410125732, 3.1415927410125732, 3.1415927410125732, 3.1415927410125732, 3.1415927410125732, 3.1415927410125732, 3.1415927410125732, 3.1415927410125732, 3.1415927410125732, 3.1415927410125732, 3.1415927410125732, 3.1415927410125732, 3.1415927410125732, 3.1415927410125732, 3.1415927410125732, 3.1415927410125732, 3.1415927410125732, 3.1415927410125732, 3.1415927410125732, 3.1415927410125732, 3.1415927410125732, 3.1415927410125732, 3.1415927410125732, 3.1415927410125732, 3.1415927410125732, 3.1415927410125732, 3.1415927410125732, 3.1415927410125732, 3.1415927410125732, 3.1415927410125732, 3.1415927410125732, 3.1415927410125732, 3.1415927410125732, 3.1415927410125732, 3.1415927410125732, 3.1415927410125732, 3.1415927410125732, 3.1415927410125732, 3.1415927410125732, 3.1415927410125732, 3.1415927410125732, 3.1415927410125732, 3.1415927410125732, 3.1415927410125732, 3.1415927410125732, 3.1415927410125732, 3.1415927410125732, 3.1415927410125732, 3.1415927410125732, 3.1415927410125732, 3.1415927410125732, 3.1415927410125732, 3.1415927410125732, 3.1415927410125732, 3.1415927410125732, 3.1415927410125732, 3.1415927410125732, 3.1415927410125732, 3.1415927410125732, 3.1415927410125732, 3.1415927410125732, 3.1415927410125732, 3.1415927410125732, 3.1415927410125732, 3.1415927410125732, 3.1415927410125732, 3.1415927410125732, 3.1415927410125732, 3.1415927410125732, 3.1415927410125732, 3.1415927410125732, 3.1415927410125732, 3.1415927410125732, 3.1415927410125732, 3.1415927410125732, 3.1415927410125732, 3.1415927410125732, 3.1415927410125732, 3.1415927410125732, 3.1415927410125732, 3.1415927410125732, 3.1415927410125732, 3.1415927410125732, 3.1415927410125732, 3.1415927410125732, 3.1415927410125732, 3.1415927410125732, 3.1415927410125732, 3.1415927410125732, 3.1415927410125732, 3.1415927410125732, 3.1415927410125732, 3.1415927410125732, 3.1415927410125732, 3.1415927410125732, 3.1415927410125732, 3.1415927410125732, 3.1415927410125732, 3.1415927410125732, 3.1415927410125732, 3.1415927410125732, 3.1415927410125732, 3.1415927410125732, 3.1415927410125732, 3.1415927410125732, 3.1415927410125732, 3.1415927410125732, 3.1415927410125732, 3.1415927410125732, 3.1415927410125732, 3.1415927410125732, 3.1415927410125732, 3.1415927410125732, 3.1415927410125732, 3.1415927410125732, 3.1415927410125732, 3.1415927410125732, 3.1415927410125732, 3.1415927410125732, 3.1415927410125732, 3.1415927410125732, 3.1415927410125732, 3.1415927410125732, 3.1415927410125732, 3.1415927410125732, 3.1415927410125732, 3.1415927410125732, 3.1415927410125732, 3.1415927410125732, 3.1415927410125732, 3.1415927410125732, 3.1415927410125732, 3.1415927410125732, 0.0, 0.0, 0.0, 0.0, 0.0, 0.0, 0.0, 0.0, 0.0, 0.0, 0.0, 0.0, 0.0, 0.0, 0.0, 0.0, 3.1415927410125732, 3.1415927410125732, 3.1415927410125732, 3.1415927410125732, 3.1415927410125732, 3.1415927410125732, 3.1415927410125732, 3.1415927410125732, 3.1415927410125732, 3.1415927410125732, 3.1415927410125732, 3.1415927410125732, 3.1415927410125732, 3.1415927410125732, 3.1415927410125732, 3.1415927410125732, 0.0, 0.0, 0.0, 0.0, 0.0, 0.0, 0.0, 0.0, 0.0, 0.0, 0.0, 0.0, 0.0, 0.0, 0.0, 0.0, 3.1415927410125732, 3.1415927410125732, 3.1415927410125732, 3.1415927410125732, 3.1415927410125732, 3.1415927410125732, 3.1415927410125732, 3.1415927410125732, 3.1415927410125732, 3.1415927410125732, 3.1415927410125732, 3.1415927410125732, 3.1415927410125732, 3.1415927410125732, 3.1415927410125732, 3.1415927410125732, 0.0, 0.0, 0.0, 0.0, 0.0, 0.0, 0.0, 0.0, 0.0, 0.0, 0.0, 0.0, 0.0, 0.0, 0.0, 0.0, 3.1415927410125732, 3.1415927410125732, 3.1415927410125732, 3.1415927410125732, 3.1415927410125732, 3.1415927410125732, 3.1415927410125732, 3.1415927410125732, 3.1415927410125732, 3.1415927410125732, 3.1415927410125732, 3.1415927410125732, 3.1415927410125732, 3.1415927410125732, 3.1415927410125732, 3.1415927410125732, 0.0, 0.0, 0.0, 0.0, 0.0, 0.0, 0.0, 0.0, 0.0, 0.0, 0.0, 0.0, 0.0, 0.0, 0.0, 0.0, 3.1415927410125732, 3.1415927410125732, 3.1415927410125732, 3.1415927410125732, 3.1415927410125732, 3.1415927410125732, 3.1415927410125732, 3.1415927410125732, 3.1415927410125732, 3.1415927410125732, 3.1415927410125732, 3.1415927410125732, 3.1415927410125732, 3.1415927410125732, 3.1415927410125732, 3.1415927410125732, 0.0, 0.0, 0.0, 0.0, 0.0, 0.0, 0.0, 0.0, 0.0, 0.0, 0.0, 0.0, 0.0, 0.0, 0.0, 0.0, 3.1415927410125732, 3.1415927410125732, 3.1415927410125732, 3.1415927410125732, 3.1415927410125732, 3.1415927410125732, 3.1415927410125732, 3.1415927410125732, 3.1415927410125732, 3.1415927410125732, 3.1415927410125732, 3.1415927410125732, 3.1415927410125732, 3.1415927410125732, 3.1415927410125732, 3.1415927410125732, 0.0, 0.0, 0.0, 0.0, 0.0, 0.0, 0.0, 0.0, 0.0, 0.0, 0.0, 0.0, 0.0, 0.0, 0.0, 0.0, 3.1415927410125732, 3.1415927410125732, 3.1415927410125732, 3.1415927410125732, 3.1415927410125732, 3.1415927410125732, 3.1415927410125732, 3.1415927410125732, 3.1415927410125732, 3.1415927410125732, 3.1415927410125732, 3.1415927410125732, 3.1415927410125732, 3.1415927410125732, 3.1415927410125732, 3.1415927410125732, 0.0, 0.0, 0.0, 0.0, 0.0, 0.0, 0.0, 0.0, 0.0, 0.0, 0.0, 0.0, 0.0, 0.0, 0.0, 0.0, 3.1415927410125732, 3.1415927410125732, 3.1415927410125732, 3.1415927410125732, 3.1415927410125732, 3.1415927410125732, 3.1415927410125732, 3.1415927410125732, 3.1415927410125732, 3.1415927410125732, 3.1415927410125732, 3.1415927410125732, 3.1415927410125732, 3.1415927410125732, 3.1415927410125732, 3.1415927410125732, 0.0, 0.0, 0.0, 0.0, 0.0, 0.0, 0.0, 0.0, 0.0, 0.0, 0.0, 0.0, 0.0, 0.0, 0.0, 0.0, 3.1415927410125732, 3.1415927410125732, 3.1415927410125732, 3.1415927410125732, 3.1415927410125732, 3.1415927410125732, 3.1415927410125732, 3.1415927410125732, 3.1415927410125732, 3.1415927410125732, 3.1415927410125732, 3.1415927410125732, 3.1415927410125732, 3.1415927410125732, 3.1415927410125732, 3.1415927410125732, 0.0, 0.0, 0.0, 0.0, 0.0, 0.0, 0.0, 0.0, 0.0, 0.0, 0.0, 0.0, 0.0, 0.0, 0.0, 0.0, 0.0, 0.0, 0.0, 0.0, 0.0, 0.0, 0.0, 0.0, 0.0, 0.0, 0.0, 0.0, 0.0, 0.0, 0.0, 0.0, 0.0, 0.0, 0.0, 0.0, 0.0, 0.0, 0.0, 0.0, 0.0, 0.0, 0.0, 0.0, 0.0, 0.0, 0.0, 0.0, 0.0, 0.0, 0.0, 0.0, 0.0, 0.0, 0.0, 0.0, 0.0, 0.0, 0.0, 0.0, 0.0, 0.0, 0.0, 0.0, 0.0, 0.0, 0.0, 0.0, 0.0, 0.0, 0.0, 0.0, 0.0, 0.0, 0.0, 0.0, 0.0, 0.0, 0.0, 0.0, 0.0, 0.0, 0.0, 0.0, 0.0, 0.0, 0.0, 0.0, 0.0, 0.0, 0.0, 0.0, 0.0, 0.0, 0.0, 0.0, 0.0, 0.0, 0.0, 0.0, 0.0, 0.0, 0.0, 0.0, 0.0, 0.0, 0.0, 0.0, 0.0, 0.0, 0.0, 0.0, 0.0, 0.0, 0.0, 0.0, 0.0, 0.0, 0.0, 0.0, 0.0, 0.0, 0.0, 0.0, 0.0, 0.0, 0.0, 0.0, 0.0, 0.0, 0.0, 0.0, 0.0, 0.0, 0.0, 0.0, 0.0, 0.0, 0.0, 0.0, 0.0, 0.0, 0.0, 0.0, 0.0, 0.0, 0.0, 0.0, 0.0, 0.0, 0.0, 0.0, 0.0, 0.0, 0.0, 0.0, 0.0, 0.0, 0.0, 0.0, 0.0, 0.0, 0.0, 0.0, 0.0, 0.0, 0.0, 0.0, 0.0, 0.0, 0.0, 0.0, 0.0, 0.0, 0.0, 0.0, 0.0, 0.0, 0.0, 0.0, 0.0, 0.0, 0.0, 0.0, 0.0, 0.0, 0.0, 0.0, 0.0, 0.0, 0.0, 0.0, 0.0, 0.0, 0.0, 0.0, 0.0, 0.0, 0.0, 0.0, 0.0, 0.0, 0.0, 0.0, 0.0, 0.0, 0.0, 0.0, 0.0, 0.0, 0.0, 0.0, 0.0, 0.0, 0.0, 0.0, 0.0, 0.0, 0.0, 0.0, 0.0, 0.0, 0.0, 0.0, 0.0, 0.0, 0.0, 0.0, 0.0, 0.0, 0.0, 0.0, 0.0, 0.0, 0.0, 0.0, 0.0, 0.0, 0.0, 0.0, 0.0, 0.0, 0.0, 0.0, 0.0, 0.0, 0.0, 0.0, 0.0, 0.0, 0.0, 0.0, 0.0, 0.0, 0.0, 0.0, 0.0, 0.0, 0.0, 0.0, 0.0, 0.0, 0.0, 0.0, 3.1415927410125732, 3.1415927410125732, 3.1415927410125732, 3.1415927410125732, 3.1415927410125732, 3.1415927410125732, 3.1415927410125732, 3.1415927410125732, 0.0, 0.0, 0.0, 0.0, 0.0, 0.0, 0.0, 0.0, 0.0, 0.0, 0.0, 0.0, 0.0, 0.0, 0.0, 0.0, 0.0, 0.0, 0.0, 0.0, 0.0, 0.0, 0.0, 0.0, 3.1415927410125732, 3.1415927410125732, 3.1415927410125732, 3.1415927410125732, 3.1415927410125732, 3.1415927410125732, 3.1415927410125732, 3.1415927410125732, 0.0, 0.0, 0.0, 0.0, 0.0, 0.0, 0.0, 0.0, 0.0, 0.0, 0.0, 0.0, 0.0, 0.0, 0.0, 0.0, 0.0, 0.0, 0.0, 0.0, 0.0, 0.0, 0.0, 0.0, 3.1415927410125732, 3.1415927410125732, 3.1415927410125732, 3.1415927410125732, 3.1415927410125732, 3.1415927410125732, 3.1415927410125732, 3.1415927410125732, 0.0, 0.0, 0.0, 0.0, 0.0, 0.0, 0.0, 0.0, 0.0, 0.0, 0.0, 0.0, 0.0, 0.0, 0.0, 0.0, 0.0, 0.0, 0.0, 0.0, 0.0, 0.0, 0.0, 0.0, 3.1415927410125732, 3.1415927410125732, 3.1415927410125732, 3.1415927410125732, 3.1415927410125732, 3.1415927410125732, 3.1415927410125732, 3.1415927410125732, 0.0, 0.0, 0.0, 0.0, 0.0, 0.0, 0.0, 0.0, 0.0, 0.0, 0.0, 0.0, 0.0, 0.0, 0.0, 0.0, 0.0, 0.0, 0.0, 0.0, 0.0, 0.0, 0.0, 0.0, 3.1415927410125732, 3.1415927410125732, 3.1415927410125732, 3.1415927410125732, 3.1415927410125732, 3.1415927410125732, 3.1415927410125732, 3.1415927410125732, 0.0, 0.0, 0.0, 0.0, 0.0, 0.0, 0.0, 0.0, 0.0, 0.0, 0.0, 0.0, 0.0, 0.0, 0.0, 0.0, 0.0, 0.0, 0.0, 0.0, 0.0, 0.0, 0.0, 0.0, 3.1415927410125732, 3.1415927410125732, 3.1415927410125732, 3.1415927410125732, 3.1415927410125732, 3.1415927410125732, 3.1415927410125732, 3.1415927410125732, 0.0, 0.0, 0.0, 0.0, 0.0, 0.0, 0.0, 0.0, 0.0, 0.0, 0.0, 0.0, 0.0, 0.0, 0.0, 0.0, 0.0, 0.0, 0.0, 0.0, 0.0, 0.0, 0.0, 0.0, 3.1415927410125732, 3.1415927410125732, 3.1415927410125732, 3.1415927410125732, 3.1415927410125732, 3.1415927410125732, 3.1415927410125732, 3.1415927410125732, 0.0, 0.0, 0.0, 0.0, 0.0, 0.0, 0.0, 0.0, 0.0, 0.0, 0.0, 0.0, 0.0, 0.0, 0.0, 0.0, 0.0, 0.0, 0.0, 0.0, 0.0, 0.0, 0.0, 0.0, 3.1415927410125732, 3.1415927410125732, 3.1415927410125732, 3.1415927410125732, 3.1415927410125732, 3.1415927410125732, 3.1415927410125732, 3.1415927410125732, 0.0, 0.0, 0.0, 0.0, 0.0, 0.0, 0.0, 0.0, 0.0, 0.0, 0.0, 0.0, 0.0, 0.0, 0.0, 0.0]"
0.6088365,0.15223686,0.15219523,0.15220979,0.15219462,0.15220913,-9.53539467,-9.53664207,-9.53620815,-9.53666496,"[3.1415927410125732, 3.1415927410125732, 3.1415927410125732, 3.1415927410125732, 3.1415927410125732, 3.1415927410125732, 3.1415927410125732, 3.1415927410125732, 3.1415927410125732, 3.1415927410125732, 3.1415927410125732, 3.1415927410125732, 3.1415927410125732, 3.1415927410125732, 3.1415927410125732, 3.1415927410125732, 3.1415927410125732, 3.1415927410125732, 3.1415927410125732, 3.1415927410125732, 3.1415927410125732, 3.1415927410125732, 3.1415927410125732, 3.1415927410125732, 3.1415927410125732, 3.1415927410125732, 3.1415927410125732, 3.1415927410125732, 3.1415927410125732, 3.1415927410125732, 3.1415927410125732, 3.1415927410125732, 3.1415927410125732, 3.1415927410125732, 3.1415927410125732, 3.1415927410125732, 3.1415927410125732, 3.1415927410125732, 3.1415927410125732, 3.1415927410125732, 3.1415927410125732, 3.1415927410125732, 3.1415927410125732, 3.1415927410125732, 3.1415927410125732, 3.1415927410125732, 3.1415927410125732, 3.1415927410125732, 3.1415927410125732, 3.1415927410125732, 3.1415927410125732, 3.1415927410125732, 3.1415927410125732, 3.1415927410125732, 3.1415927410125732, 3.1415927410125732, 3.1415927410125732, 3.1415927410125732, 3.1415927410125732, 3.1415927410125732, 3.1415927410125732, 3.1415927410125732, 3.1415927410125732, 3.1415927410125732, 3.1415927410125732, 3.1415927410125732, 3.1415927410125732, 3.1415927410125732, 3.1415927410125732, 3.1415927410125732, 3.1415927410125732, 3.1415927410125732, 3.1415927410125732, 3.1415927410125732, 3.1415927410125732, 3.1415927410125732, 3.1415927410125732, 3.1415927410125732, 3.1415927410125732, 3.1415927410125732, 3.1415927410125732, 3.1415927410125732, 3.1415927410125732, 3.1415927410125732, 3.1415927410125732, 3.1415927410125732, 3.1415927410125732, 3.1415927410125732, 3.1415927410125732, 3.1415927410125732, 3.1415927410125732, 3.1415927410125732, 3.1415927410125732, 3.1415927410125732, 3.1415927410125732, 3.1415927410125732, 3.1415927410125732, 3.1415927410125732, 3.1415927410125732, 3.1415927410125732, 3.1415927410125732, 3.1415927410125732, 3.1415927410125732, 3.1415927410125732, 3.1415927410125732, 3.1415927410125732, 3.1415927410125732, 3.1415927410125732, 3.1415927410125732, 3.1415927410125732, 3.1415927410125732, 3.1415927410125732, 3.1415927410125732, 3.1415927410125732, 3.1415927410125732, 3.1415927410125732, 3.1415927410125732, 3.1415927410125732, 3.1415927410125732, 3.1415927410125732, 3.1415927410125732, 3.1415927410125732, 3.1415927410125732, 3.1415927410125732, 3.1415927410125732, 3.1415927410125732, 3.1415927410125732, 3.1415927410125732, 3.1415927410125732, 3.1415927410125732, 3.1415927410125732, 3.1415927410125732, 3.1415927410125732, 3.1415927410125732, 3.1415927410125732, 3.1415927410125732, 3.1415927410125732, 3.1415927410125732, 3.1415927410125732, 3.1415927410125732, 3.1415927410125732, 3.1415927410125732, 3.1415927410125732, 3.1415927410125732, 3.1415927410125732, 3.1415927410125732, 3.1415927410125732, 3.1415927410125732, 3.1415927410125732, 3.1415927410125732, 3.1415927410125732, 3.1415927410125732, 3.1415927410125732, 3.1415927410125732, 3.1415927410125732, 3.1415927410125732, 3.1415927410125732, 3.1415927410125732, 3.1415927410125732, 3.1415927410125732, 3.1415927410125732, 3.1415927410125732, 3.1415927410125732, 3.1415927410125732, 3.1415927410125732, 3.1415927410125732, 3.1415927410125732, 3.1415927410125732, 3.1415927410125732, 3.1415927410125732, 3.1415927410125732, 3.1415927410125732, 3.1415927410125732, 3.1415927410125732, 3.1415927410125732, 3.1415927410125732, 3.1415927410125732, 3.1415927410125732, 3.1415927410125732, 3.1415927410125732, 3.1415927410125732, 3.1415927410125732, 3.1415927410125732, 3.1415927410125732, 3.1415927410125732, 3.1415927410125732, 3.1415927410125732, 3.1415927410125732, 3.1415927410125732, 3.1415927410125732, 3.1415927410125732, 3.1415927410125732, 3.1415927410125732, 3.1415927410125732, 3.1415927410125732, 3.1415927410125732, 3.1415927410125732, 3.1415927410125732, 3.1415927410125732, 3.1415927410125732, 3.1415927410125732, 3.1415927410125732, 3.1415927410125732, 3.1415927410125732, 3.1415927410125732, 3.1415927410125732, 3.1415927410125732, 3.1415927410125732, 3.1415927410125732, 3.1415927410125732, 3.1415927410125732, 3.1415927410125732, 3.1415927410125732, 3.1415927410125732, 3.1415927410125732, 3.1415927410125732, 3.1415927410125732, 3.1415927410125732, 3.1415927410125732, 3.1415927410125732, 3.1415927410125732, 3.1415927410125732, 3.1415927410125732, 3.1415927410125732, 3.1415927410125732, 3.1415927410125732, 3.1415927410125732, 3.1415927410125732, 3.1415927410125732, 3.1415927410125732, 3.1415927410125732, 3.1415927410125732, 3.1415927410125732, 3.1415927410125732, 3.1415927410125732, 3.1415927410125732, 3.1415927410125732, 3.1415927410125732, 3.1415927410125732, 3.1415927410125732, 3.1415927410125732, 3.1415927410125732, 3.1415927410125732, 3.1415927410125732, 3.1415927410125732, 3.1415927410125732, 3.1415927410125732, 3.1415927410125732, 3.1415927410125732, 3.1415927410125732, 3.1415927410125732, 3.1415927410125732, 3.1415927410125732, 3.1415927410125732, 3.1415927410125732, 3.1415927410125732, 0.0, 0.0, 0.0, 0.0, 0.0, 0.0, 0.0, 0.0, 0.0, 0.0, 0.0, 0.0, 0.0, 0.0, 0.0, 0.0, 3.1415927410125732, 3.1415927410125732, 3.1415927410125732, 3.1415927410125732, 3.1415927410125732, 3.1415927410125732, 3.1415927410125732, 3.1415927410125732, 3.1415927410125732, 3.1415927410125732, 3.1415927410125732, 3.1415927410125732, 3.1415927410125732, 3.1415927410125732, 3.1415927410125732, 3.1415927410125732, 0.0, 0.0, 0.0, 0.0, 0.0, 0.0, 0.0, 0.0, 0.0, 0.0, 0.0, 0.0, 0.0, 0.0, 0.0, 0.0, 3.1415927410125732, 3.1415927410125732, 3.1415927410125732, 3.1415927410125732, 3.1415927410125732, 3.1415927410125732, 3.1415927410125732, 3.1415927410125732, 3.1415927410125732, 3.1415927410125732, 3.1415927410125732, 3.1415927410125732, 3.1415927410125732, 3.1415927410125732, 3.1415927410125732, 3.1415927410125732, 0.0, 0.0, 0.0, 0.0, 0.0, 0.0, 0.0, 0.0, 0.0, 0.0, 0.0, 0.0, 0.0, 0.0, 0.0, 0.0, 3.1415927410125732, 3.1415927410125732, 3.1415927410125732, 3.1415927410125732, 3.1415927410125732, 3.1415927410125732, 3.1415927410125732, 3.1415927410125732, 3.1415927410125732, 3.1415927410125732, 3.1415927410125732, 3.1415927410125732, 3.1415927410125732, 3.1415927410125732, 3.1415927410125732, 3.1415927410125732, 0.0, 0.0, 0.0, 0.0, 0.0, 0.0, 0.0, 0.0, 0.0, 0.0, 0.0, 0.0, 0.0, 0.0, 0.0, 0.0, 3.1415927410125732, 3.1415927410125732, 3.1415927410125732, 3.1415927410125732, 3.1415927410125732, 3.1415927410125732, 3.1415927410125732, 3.1415927410125732, 3.1415927410125732, 3.1415927410125732, 3.1415927410125732, 3.1415927410125732, 3.1415927410125732, 3.1415927410125732, 3.1415927410125732, 3.1415927410125732, 0.0, 0.0, 0.0, 0.0, 0.0, 0.0, 0.0, 0.0, 0.0, 0.0, 0.0, 0.0, 0.0, 0.0, 0.0, 0.0, 3.1415927410125732, 3.1415927410125732, 3.1415927410125732, 3.1415927410125732, 3.1415927410125732, 3.1415927410125732, 3.1415927410125732, 3.1415927410125732, 3.1415927410125732, 3.1415927410125732, 3.1415927410125732, 3.1415927410125732, 3.1415927410125732, 3.1415927410125732, 3.1415927410125732, 3.1415927410125732, 0.0, 0.0, 0.0, 0.0, 0.0, 0.0, 0.0, 0.0, 0.0, 0.0, 0.0, 0.0, 0.0, 0.0, 0.0, 0.0, 3.1415927410125732, 3.1415927410125732, 3.1415927410125732, 3.1415927410125732, 3.1415927410125732, 3.1415927410125732, 3.1415927410125732, 3.1415927410125732, 3.1415927410125732, 3.1415927410125732, 3.1415927410125732, 3.1415927410125732, 3.1415927410125732, 3.1415927410125732, 3.1415927410125732, 3.1415927410125732, 0.0, 0.0, 0.0, 0.0, 0.0, 0.0, 0.0, 0.0, 0.0, 0.0, 0.0, 0.0, 0.0, 0.0, 0.0, 0.0, 3.1415927410125732, 3.1415927410125732, 3.1415927410125732, 3.1415927410125732, 3.1415927410125732, 3.1415927410125732, 3.1415927410125732, 3.1415927410125732, 3.1415927410125732, 3.1415927410125732, 3.1415927410125732, 3.1415927410125732, 3.1415927410125732, 3.1415927410125732, 3.1415927410125732, 3.1415927410125732, 0.0, 0.0, 0.0, 0.0, 0.0, 0.0, 0.0, 0.0, 0.0, 0.0, 0.0, 0.0, 0.0, 0.0, 0.0, 0.0, 3.1415927410125732, 3.1415927410125732, 3.1415927410125732, 3.1415927410125732, 3.1415927410125732, 3.1415927410125732, 3.1415927410125732, 3.1415927410125732, 3.1415927410125732, 3.1415927410125732, 3.1415927410125732, 3.1415927410125732, 3.1415927410125732, 3.1415927410125732, 3.1415927410125732, 3.1415927410125732, 0.0, 0.0, 0.0, 0.0, 0.0, 0.0, 0.0, 0.0, 0.0, 0.0, 0.0, 0.0, 0.0, 0.0, 0.0, 0.0, 0.0, 0.0, 0.0, 0.0, 0.0, 0.0, 0.0, 0.0, 0.0, 0.0, 0.0, 0.0, 0.0, 0.0, 0.0, 0.0, 0.0, 0.0, 0.0, 0.0, 0.0, 0.0, 0.0, 0.0, 0.0, 0.0, 0.0, 0.0, 0.0, 0.0, 0.0, 0.0, 0.0, 0.0, 0.0, 0.0, 0.0, 0.0, 0.0, 0.0, 0.0, 0.0, 0.0, 0.0, 0.0, 0.0, 0.0, 0.0, 0.0, 0.0, 0.0, 0.0, 0.0, 0.0, 0.0, 0.0, 0.0, 0.0, 0.0, 0.0, 0.0, 0.0, 0.0, 0.0, 0.0, 0.0, 0.0, 0.0, 0.0, 0.0, 0.0, 0.0, 0.0, 0.0, 0.0, 0.0, 0.0, 0.0, 0.0, 0.0, 0.0, 0.0, 0.0, 0.0, 0.0, 0.0, 0.0, 0.0, 0.0, 0.0, 0.0, 0.0, 0.0, 0.0, 0.0, 0.0, 0.0, 0.0, 0.0, 0.0, 0.0, 0.0, 0.0, 0.0, 0.0, 0.0, 0.0, 0.0, 0.0, 0.0, 0.0, 0.0, 0.0, 0.0, 0.0, 0.0, 0.0, 0.0, 0.0, 0.0, 0.0, 0.0, 0.0, 0.0, 0.0, 0.0, 0.0, 0.0, 0.0, 0.0, 0.0, 0.0, 0.0, 0.0, 0.0, 0.0, 0.0, 0.0, 0.0, 0.0, 0.0, 0.0, 0.0, 0.0, 0.0, 0.0, 0.0, 0.0, 0.0, 0.0, 0.0, 0.0, 0.0, 0.0, 0.0, 0.0, 0.0, 0.0, 0.0, 0.0, 0.0, 0.0, 0.0, 0.0, 0.0, 0.0, 0.0, 0.0, 0.0, 0.0, 0.0, 0.0, 0.0, 0.0, 0.0, 0.0, 0.0, 0.0, 0.0, 0.0, 0.0, 0.0, 0.0, 0.0, 0.0, 0.0, 0.0, 0.0, 0.0, 0.0, 0.0, 0.0, 0.0, 0.0, 0.0, 0.0, 0.0, 0.0, 0.0, 0.0, 0.0, 0.0, 0.0, 0.0, 0.0, 0.0, 0.0, 0.0, 0.0, 0.0, 0.0, 0.0, 0.0, 0.0, 0.0, 0.0, 0.0, 0.0, 0.0, 0.0, 0.0, 0.0, 0.0, 0.0, 0.0, 0.0, 0.0, 0.0, 0.0, 0.0, 0.0, 0.0, 0.0, 0.0, 0.0, 0.0, 0.0, 0.0, 0.0, 0.0, 0.0, 0.0, 0.0, 0.0, 0.0, 0.0, 0.0, 0.0, 3.1415927410125732, 3.1415927410125732, 3.1415927410125732, 3.1415927410125732, 3.1415927410125732, 3.1415927410125732, 3.1415927410125732, 3.1415927410125732, 0.0, 0.0, 0.0, 0.0, 0.0, 0.0, 0.0, 0.0, 0.0, 0.0, 0.0, 0.0, 0.0, 0.0, 0.0, 0.0, 0.0, 0.0, 0.0, 0.0, 0.0, 0.0, 0.0, 0.0, 3.1415927410125732, 3.1415927410125732, 3.1415927410125732, 3.1415927410125732, 3.1415927410125732, 3.1415927410125732, 3.1415927410125732, 3.1415927410125732, 0.0, 0.0, 0.0, 0.0, 0.0, 0.0, 0.0, 0.0, 0.0, 0.0, 0.0, 0.0, 0.0, 0.0, 0.0, 0.0, 0.0, 0.0, 0.0, 0.0, 0.0, 0.0, 0.0, 0.0, 3.1415927410125732, 3.1415927410125732, 3.1415927410125732, 3.1415927410125732, 3.1415927410125732, 3.1415927410125732, 3.1415927410125732, 3.1415927410125732, 0.0, 0.0, 0.0, 0.0, 0.0, 0.0, 0.0, 0.0, 0.0, 0.0, 0.0, 0.0, 0.0, 0.0, 0.0, 0.0, 0.0, 0.0, 0.0, 0.0, 0.0, 0.0, 0.0, 0.0, 3.1415927410125732, 3.1415927410125732, 3.1415927410125732, 3.1415927410125732, 3.1415927410125732, 3.1415927410125732, 3.1415927410125732, 3.1415927410125732, 0.0, 0.0, 0.0, 0.0, 0.0, 0.0, 0.0, 0.0, 0.0, 0.0, 0.0, 0.0, 0.0, 0.0, 0.0, 0.0, 0.0, 0.0, 0.0, 0.0, 0.0, 0.0, 0.0, 0.0, 3.1415927410125732, 3.1415927410125732, 3.1415927410125732, 3.1415927410125732, 3.1415927410125732, 3.1415927410125732, 3.1415927410125732, 3.1415927410125732, 0.0, 0.0, 0.0, 0.0, 0.0, 0.0, 0.0, 0.0, 0.0, 0.0, 0.0, 0.0, 0.0, 0.0, 0.0, 0.0, 0.0, 0.0, 0.0, 0.0, 0.0, 0.0, 0.0, 0.0, 3.1415927410125732, 3.1415927410125732, 3.1415927410125732, 3.1415927410125732, 3.1415927410125732, 3.1415927410125732, 3.1415927410125732, 3.1415927410125732, 0.0, 0.0, 0.0, 0.0, 0.0, 0.0, 0.0, 0.0, 0.0, 0.0, 0.0, 0.0, 0.0, 0.0, 0.0, 0.0, 0.0, 0.0, 0.0, 0.0, 0.0, 0.0, 0.0, 0.0, 3.1415927410125732, 3.1415927410125732, 3.1415927410125732, 3.1415927410125732, 3.1415927410125732, 3.1415927410125732, 3.1415927410125732, 3.1415927410125732, 0.0, 0.0, 0.0, 0.0, 0.0, 0.0, 0.0, 0.0, 0.0, 0.0, 0.0, 0.0, 0.0, 0.0, 0.0, 0.0, 0.0, 0.0, 0.0, 0.0, 0.0, 0.0, 0.0, 0.0, 3.1415927410125732, 3.1415927410125732, 3.1415927410125732, 3.1415927410125732, 3.1415927410125732, 3.1415927410125732, 3.1415927410125732, 3.1415927410125732, 0.0, 0.0, 0.0, 0.0, 0.0, 0.0, 0.0, 0.0, 0.0, 0.0, 0.0, 0.0, 0.0, 0.0, 0.0, 0.0]"
0.6088365,0.15223686,0.15219523,0.15220979,0.15219462,0.15220913,-9.53539467,-9.53664207,-9.53620815,-9.53666496,"[3.1415927410125732, 3.1415927410125732, 3.1415927410125732, 3.1415927410125732, 3.1415927410125732, 3.1415927410125732, 3.1415927410125732, 3.1415927410125732, 3.1415927410125732, 3.1415927410125732, 3.1415927410125732, 3.1415927410125732, 3.1415927410125732, 3.1415927410125732, 3.1415927410125732, 3.1415927410125732, 3.1415927410125732, 3.1415927410125732, 3.1415927410125732, 3.1415927410125732, 3.1415927410125732, 3.1415927410125732, 3.1415927410125732, 3.1415927410125732, 3.1415927410125732, 3.1415927410125732, 3.1415927410125732, 3.1415927410125732, 3.1415927410125732, 3.1415927410125732, 3.1415927410125732, 3.1415927410125732, 3.1415927410125732, 3.1415927410125732, 3.1415927410125732, 3.1415927410125732, 3.1415927410125732, 3.1415927410125732, 3.1415927410125732, 3.1415927410125732, 3.1415927410125732, 3.1415927410125732, 3.1415927410125732, 3.1415927410125732, 3.1415927410125732, 3.1415927410125732, 3.1415927410125732, 3.1415927410125732, 3.1415927410125732, 3.1415927410125732, 3.1415927410125732, 3.1415927410125732, 3.1415927410125732, 3.1415927410125732, 3.1415927410125732, 3.1415927410125732, 3.1415927410125732, 3.1415927410125732, 3.1415927410125732, 3.1415927410125732, 3.1415927410125732, 3.1415927410125732, 3.1415927410125732, 3.1415927410125732, 3.1415927410125732, 3.1415927410125732, 3.1415927410125732, 3.1415927410125732, 3.1415927410125732, 3.1415927410125732, 3.1415927410125732, 3.1415927410125732, 3.1415927410125732, 3.1415927410125732, 3.1415927410125732, 3.1415927410125732, 3.1415927410125732, 3.1415927410125732, 3.1415927410125732, 3.1415927410125732, 3.1415927410125732, 3.1415927410125732, 3.1415927410125732, 3.1415927410125732, 3.1415927410125732, 3.1415927410125732, 3.1415927410125732, 3.1415927410125732, 3.1415927410125732, 3.1415927410125732, 3.1415927410125732, 3.1415927410125732, 3.1415927410125732, 3.1415927410125732, 3.1415927410125732, 3.1415927410125732, 3.1415927410125732, 3.1415927410125732, 3.1415927410125732, 3.1415927410125732, 3.1415927410125732, 3.1415927410125732, 3.1415927410125732, 3.1415927410125732, 3.1415927410125732, 3.1415927410125732, 3.1415927410125732, 3.1415927410125732, 3.1415927410125732, 3.1415927410125732, 3.1415927410125732, 3.1415927410125732, 3.1415927410125732, 3.1415927410125732, 3.1415927410125732, 3.1415927410125732, 3.1415927410125732, 3.1415927410125732, 3.1415927410125732, 3.1415927410125732, 3.1415927410125732, 3.1415927410125732, 3.1415927410125732, 3.1415927410125732, 3.1415927410125732, 3.1415927410125732, 3.1415927410125732, 3.1415927410125732, 3.1415927410125732, 3.1415927410125732, 3.1415927410125732, 3.1415927410125732, 3.1415927410125732, 3.1415927410125732, 3.1415927410125732, 3.1415927410125732, 3.1415927410125732, 3.1415927410125732, 3.1415927410125732, 3.1415927410125732, 3.1415927410125732, 3.1415927410125732, 3.1415927410125732, 3.1415927410125732, 3.1415927410125732, 3.1415927410125732, 3.1415927410125732, 3.1415927410125732, 3.1415927410125732, 3.1415927410125732, 3.1415927410125732, 3.1415927410125732, 3.1415927410125732, 3.1415927410125732, 3.1415927410125732, 3.1415927410125732, 3.1415927410125732, 3.1415927410125732, 3.1415927410125732, 3.1415927410125732, 3.1415927410125732, 3.1415927410125732, 3.1415927410125732, 3.1415927410125732, 3.1415927410125732, 3.1415927410125732, 3.1415927410125732, 3.1415927410125732, 3.1415927410125732, 3.1415927410125732, 3.1415927410125732, 3.1415927410125732, 3.1415927410125732, 3.1415927410125732, 3.1415927410125732, 3.1415927410125732, 3.1415927410125732, 3.1415927410125732, 3.1415927410125732, 3.1415927410125732, 3.1415927410125732, 3.1415927410125732, 3.1415927410125732, 3.1415927410125732, 3.1415927410125732, 3.1415927410125732, 3.1415927410125732, 3.1415927410125732, 3.1415927410125732, 3.1415927410125732, 3.1415927410125732, 3.1415927410125732, 3.1415927410125732, 3.1415927410125732, 3.1415927410125732, 3.1415927410125732, 3.1415927410125732, 3.1415927410125732, 3.1415927410125732, 3.1415927410125732, 3.1415927410125732, 3.1415927410125732, 3.1415927410125732, 3.1415927410125732, 3.1415927410125732, 3.1415927410125732, 3.1415927410125732, 3.1415927410125732, 3.1415927410125732, 3.1415927410125732, 3.1415927410125732, 3.1415927410125732, 3.1415927410125732, 3.1415927410125732, 3.1415927410125732, 3.1415927410125732, 3.1415927410125732, 3.1415927410125732, 3.1415927410125732, 3.1415927410125732, 3.1415927410125732, 3.1415927410125732, 3.1415927410125732, 3.1415927410125732, 3.1415927410125732, 3.1415927410125732, 3.1415927410125732, 3.1415927410125732, 3.1415927410125732, 3.1415927410125732, 3.1415927410125732, 3.1415927410125732, 3.1415927410125732, 3.1415927410125732, 3.1415927410125732, 3.1415927410125732, 3.1415927410125732, 3.1415927410125732, 3.1415927410125732, 3.1415927410125732, 3.1415927410125732, 3.1415927410125732, 3.1415927410125732, 3.1415927410125732, 3.1415927410125732, 3.1415927410125732, 3.1415927410125732, 3.1415927410125732, 3.1415927410125732, 3.1415927410125732, 3.1415927410125732, 3.1415927410125732, 3.1415927410125732, 3.1415927410125732, 3.1415927410125732, 3.1415927410125732, 0.0, 0.0, 0.0, 0.0, 0.0, 0.0, 0.0, 0.0, 0.0, 0.0, 0.0, 0.0, 0.0, 0.0, 0.0, 0.0, 3.1415927410125732, 3.1415927410125732, 3.1415927410125732, 3.1415927410125732, 3.1415927410125732, 3.1415927410125732, 3.1415927410125732, 3.1415927410125732, 3.1415927410125732, 3.1415927410125732, 3.1415927410125732, 3.1415927410125732, 3.1415927410125732, 3.1415927410125732, 3.1415927410125732, 3.1415927410125732, 0.0, 0.0, 0.0, 0.0, 0.0, 0.0, 0.0, 0.0, 0.0, 0.0, 0.0, 0.0, 0.0, 0.0, 0.0, 0.0, 3.1415927410125732, 3.1415927410125732, 3.1415927410125732, 3.1415927410125732, 3.1415927410125732, 3.1415927410125732, 3.1415927410125732, 3.1415927410125732, 3.1415927410125732, 3.1415927410125732, 3.1415927410125732, 3.1415927410125732, 3.1415927410125732, 3.1415927410125732, 3.1415927410125732, 3.1415927410125732, 0.0, 0.0, 0.0, 0.0, 0.0, 0.0, 0.0, 0.0, 0.0, 0.0, 0.0, 0.0, 0.0, 0.0, 0.0, 0.0, 3.1415927410125732, 3.1415927410125732, 3.1415927410125732, 3.1415927410125732, 3.1415927410125732, 3.1415927410125732, 3.1415927410125732, 3.1415927410125732, 3.1415927410125732, 3.1415927410125732, 3.1415927410125732, 3.1415927410125732, 3.1415927410125732, 3.1415927410125732, 3.1415927410125732, 3.1415927410125732, 0.0, 0.0, 0.0, 0.0, 0.0, 0.0, 0.0, 0.0, 0.0, 0.0, 0.0, 0.0, 0.0, 0.0, 0.0, 0.0, 3.1415927410125732, 3.1415927410125732, 3.1415927410125732, 3.1415927410125732, 3.1415927410125732, 3.1415927410125732, 3.1415927410125732, 3.1415927410125732, 3.1415927410125732, 3.1415927410125732, 3.1415927410125732, 3.1415927410125732, 3.1415927410125732, 3.1415927410125732, 3.1415927410125732, 3.1415927410125732, 0.0, 0.0, 0.0, 0.0, 0.0, 0.0, 0.0, 0.0, 0.0, 0.0, 0.0, 0.0, 0.0, 0.0, 0.0, 0.0, 3.1415927410125732, 3.1415927410125732, 3.1415927410125732, 3.1415927410125732, 3.1415927410125732, 3.1415927410125732, 3.1415927410125732, 3.1415927410125732, 3.1415927410125732, 3.1415927410125732, 3.1415927410125732, 3.1415927410125732, 3.1415927410125732, 3.1415927410125732, 3.1415927410125732, 3.1415927410125732, 0.0, 0.0, 0.0, 0.0, 0.0, 0.0, 0.0, 0.0, 0.0, 0.0, 0.0, 0.0, 0.0, 0.0, 0.0, 0.0, 3.1415927410125732, 3.1415927410125732, 3.1415927410125732, 3.1415927410125732, 3.1415927410125732, 3.1415927410125732, 3.1415927410125732, 3.1415927410125732, 3.1415927410125732, 3.1415927410125732, 3.1415927410125732, 3.1415927410125732, 3.1415927410125732, 3.1415927410125732, 3.1415927410125732, 3.1415927410125732, 0.0, 0.0, 0.0, 0.0, 0.0, 0.0, 0.0, 0.0, 0.0, 0.0, 0.0, 0.0, 0.0, 0.0, 0.0, 0.0, 3.1415927410125732, 3.1415927410125732, 3.1415927410125732, 3.1415927410125732, 3.1415927410125732, 3.1415927410125732, 3.1415927410125732, 3.1415927410125732, 3.1415927410125732, 3.1415927410125732, 3.1415927410125732, 3.1415927410125732, 3.1415927410125732, 3.1415927410125732, 3.1415927410125732, 3.1415927410125732, 0.0, 0.0, 0.0, 0.0, 0.0, 0.0, 0.0, 0.0, 0.0, 0.0, 0.0, 0.0, 0.0, 0.0, 0.0, 0.0, 3.1415927410125732, 3.1415927410125732, 3.1415927410125732, 3.1415927410125732, 3.1415927410125732, 3.1415927410125732, 3.1415927410125732, 3.1415927410125732, 3.1415927410125732, 3.1415927410125732, 3.1415927410125732, 3.1415927410125732, 3.1415927410125732, 3.1415927410125732, 3.1415927410125732, 3.1415927410125732, 0.0, 0.0, 0.0, 0.0, 0.0, 0.0, 0.0, 0.0, 0.0, 0.0, 0.0, 0.0, 0.0, 0.0, 0.0, 0.0, 0.0, 0.0, 0.0, 0.0, 0.0, 0.0, 0.0, 0.0, 0.0, 0.0, 0.0, 0.0, 0.0, 0.0, 0.0, 0.0, 0.0, 0.0, 0.0, 0.0, 0.0, 0.0, 0.0, 0.0, 0.0, 0.0, 0.0, 0.0, 0.0, 0.0, 0.0, 0.0, 0.0, 0.0, 0.0, 0.0, 0.0, 0.0, 0.0, 0.0, 0.0, 0.0, 0.0, 0.0, 0.0, 0.0, 0.0, 0.0, 0.0, 0.0, 0.0, 0.0, 0.0, 0.0, 0.0, 0.0, 0.0, 0.0, 0.0, 0.0, 0.0, 0.0, 0.0, 0.0, 0.0, 0.0, 0.0, 0.0, 0.0, 0.0, 0.0, 0.0, 0.0, 0.0, 0.0, 0.0, 0.0, 0.0, 0.0, 0.0, 0.0, 0.0, 0.0, 0.0, 0.0, 0.0, 0.0, 0.0, 0.0, 0.0, 0.0, 0.0, 0.0, 0.0, 0.0, 0.0, 0.0, 0.0, 0.0, 0.0, 0.0, 0.0, 0.0, 0.0, 0.0, 0.0, 0.0, 0.0, 0.0, 0.0, 0.0, 0.0, 0.0, 0.0, 0.0, 0.0, 0.0, 0.0, 0.0, 0.0, 0.0, 0.0, 0.0, 0.0, 0.0, 0.0, 0.0, 0.0, 0.0, 0.0, 0.0, 0.0, 0.0, 0.0, 0.0, 0.0, 0.0, 0.0, 0.0, 0.0, 0.0, 0.0, 0.0, 0.0, 0.0, 0.0, 0.0, 0.0, 0.0, 0.0, 0.0, 0.0, 0.0, 0.0, 0.0, 0.0, 0.0, 0.0, 0.0, 0.0, 0.0, 0.0, 0.0, 0.0, 0.0, 0.0, 0.0, 0.0, 0.0, 0.0, 0.0, 0.0, 0.0, 0.0, 0.0, 0.0, 0.0, 0.0, 0.0, 0.0, 0.0, 0.0, 0.0, 0.0, 0.0, 0.0, 0.0, 0.0, 0.0, 0.0, 0.0, 0.0, 0.0, 0.0, 0.0, 0.0, 0.0, 0.0, 0.0, 0.0, 0.0, 0.0, 0.0, 0.0, 0.0, 0.0, 0.0, 0.0, 0.0, 0.0, 0.0, 0.0, 0.0, 0.0, 0.0, 0.0, 0.0, 0.0, 0.0, 0.0, 0.0, 0.0, 0.0, 0.0, 0.0, 0.0, 0.0, 0.0, 0.0, 0.0, 0.0, 0.0, 0.0, 0.0, 0.0, 0.0, 0.0, 0.0, 0.0, 0.0, 0.0, 0.0, 0.0, 0.0, 0.0, 0.0, 0.0, 0.0, 3.1415927410125732, 3.1415927410125732, 3.1415927410125732, 3.1415927410125732, 3.1415927410125732, 3.1415927410125732, 3.1415927410125732, 3.1415927410125732, 0.0, 0.0, 0.0, 0.0, 0.0, 0.0, 0.0, 0.0, 0.0, 0.0, 0.0, 0.0, 0.0, 0.0, 0.0, 0.0, 0.0, 0.0, 0.0, 0.0, 0.0, 0.0, 0.0, 0.0, 3.1415927410125732, 3.1415927410125732, 3.1415927410125732, 3.1415927410125732, 3.1415927410125732, 3.1415927410125732, 3.1415927410125732, 3.1415927410125732, 0.0, 0.0, 0.0, 0.0, 0.0, 0.0, 0.0, 0.0, 0.0, 0.0, 0.0, 0.0, 0.0, 0.0, 0.0, 0.0, 0.0, 0.0, 0.0, 0.0, 0.0, 0.0, 0.0, 0.0, 3.1415927410125732, 3.1415927410125732, 3.1415927410125732, 3.1415927410125732, 3.1415927410125732, 3.1415927410125732, 3.1415927410125732, 3.1415927410125732, 0.0, 0.0, 0.0, 0.0, 0.0, 0.0, 0.0, 0.0, 0.0, 0.0, 0.0, 0.0, 0.0, 0.0, 0.0, 0.0, 0.0, 0.0, 0.0, 0.0, 0.0, 0.0, 0.0, 0.0, 3.1415927410125732, 3.1415927410125732, 3.1415927410125732, 3.1415927410125732, 3.1415927410125732, 3.1415927410125732, 3.1415927410125732, 3.1415927410125732, 0.0, 0.0, 0.0, 0.0, 0.0, 0.0, 0.0, 0.0, 0.0, 0.0, 0.0, 0.0, 0.0, 0.0, 0.0, 0.0, 0.0, 0.0, 0.0, 0.0, 0.0, 0.0, 0.0, 0.0, 3.1415927410125732, 3.1415927410125732, 3.1415927410125732, 3.1415927410125732, 3.1415927410125732, 3.1415927410125732, 3.1415927410125732, 3.1415927410125732, 0.0, 0.0, 0.0, 0.0, 0.0, 0.0, 0.0, 0.0, 0.0, 0.0, 0.0, 0.0, 0.0, 0.0, 0.0, 0.0, 0.0, 0.0, 0.0, 0.0, 0.0, 0.0, 0.0, 0.0, 3.1415927410125732, 3.1415927410125732, 3.1415927410125732, 3.1415927410125732, 3.1415927410125732, 3.1415927410125732, 3.1415927410125732, 3.1415927410125732, 0.0, 0.0, 0.0, 0.0, 0.0, 0.0, 0.0, 0.0, 0.0, 0.0, 0.0, 0.0, 0.0, 0.0, 0.0, 0.0, 0.0, 0.0, 0.0, 0.0, 0.0, 0.0, 0.0, 0.0, 3.1415927410125732, 3.1415927410125732, 3.1415927410125732, 3.1415927410125732, 3.1415927410125732, 3.1415927410125732, 3.1415927410125732, 3.1415927410125732, 0.0, 0.0, 0.0, 0.0, 0.0, 0.0, 0.0, 0.0, 0.0, 0.0, 0.0, 0.0, 0.0, 0.0, 0.0, 0.0, 0.0, 0.0, 0.0, 0.0, 0.0, 0.0, 0.0, 0.0, 3.1415927410125732, 3.1415927410125732, 3.1415927410125732, 3.1415927410125732, 3.1415927410125732, 3.1415927410125732, 3.1415927410125732, 3.1415927410125732, 0.0, 0.0, 0.0, 0.0, 0.0, 0.0, 0.0, 0.0, 0.0, 0.0, 0.0, 0.0, 0.0, 0.0, 0.0, 0.0]"
0.6088365,0.15223686,0.15219523,0.15220979,0.15219462,0.15220913,-9.53539467,-9.53664207,-9.53620815,-9.53666496,"[3.1415927410125732, 3.1415927410125732, 3.1415927410125732, 3.1415927410125732, 3.1415927410125732, 3.1415927410125732, 3.1415927410125732, 3.1415927410125732, 3.1415927410125732, 3.1415927410125732, 3.1415927410125732, 3.1415927410125732, 3.1415927410125732, 3.1415927410125732, 3.1415927410125732, 3.1415927410125732, 3.1415927410125732, 3.1415927410125732, 3.1415927410125732, 3.1415927410125732, 3.1415927410125732, 3.1415927410125732, 3.1415927410125732, 3.1415927410125732, 3.1415927410125732, 3.1415927410125732, 3.1415927410125732, 3.1415927410125732, 3.1415927410125732, 3.1415927410125732, 3.1415927410125732, 3.1415927410125732, 3.1415927410125732, 3.1415927410125732, 3.1415927410125732, 3.1415927410125732, 3.1415927410125732, 3.1415927410125732, 3.1415927410125732, 3.1415927410125732, 3.1415927410125732, 3.1415927410125732, 3.1415927410125732, 3.1415927410125732, 3.1415927410125732, 3.1415927410125732, 3.1415927410125732, 3.1415927410125732, 3.1415927410125732, 3.1415927410125732, 3.1415927410125732, 3.1415927410125732, 3.1415927410125732, 3.1415927410125732, 3.1415927410125732, 3.1415927410125732, 3.1415927410125732, 3.1415927410125732, 3.1415927410125732, 3.1415927410125732, 3.1415927410125732, 3.1415927410125732, 3.1415927410125732, 3.1415927410125732, 3.1415927410125732, 3.1415927410125732, 3.1415927410125732, 3.1415927410125732, 3.1415927410125732, 3.1415927410125732, 3.1415927410125732, 3.1415927410125732, 3.1415927410125732, 3.1415927410125732, 3.1415927410125732, 3.1415927410125732, 3.1415927410125732, 3.1415927410125732, 3.1415927410125732, 3.1415927410125732, 3.1415927410125732, 3.1415927410125732, 3.1415927410125732, 3.1415927410125732, 3.1415927410125732, 3.1415927410125732, 3.1415927410125732, 3.1415927410125732, 3.1415927410125732, 3.1415927410125732, 3.1415927410125732, 3.1415927410125732, 3.1415927410125732, 3.1415927410125732, 3.1415927410125732, 3.1415927410125732, 3.1415927410125732, 3.1415927410125732, 3.1415927410125732, 3.1415927410125732, 3.1415927410125732, 3.1415927410125732, 3.1415927410125732, 3.1415927410125732, 3.1415927410125732, 3.1415927410125732, 3.1415927410125732, 3.1415927410125732, 3.1415927410125732, 3.1415927410125732, 3.1415927410125732, 3.1415927410125732, 3.1415927410125732, 3.1415927410125732, 3.1415927410125732, 3.1415927410125732, 3.1415927410125732, 3.1415927410125732, 3.1415927410125732, 3.1415927410125732, 3.1415927410125732, 3.1415927410125732, 3.1415927410125732, 3.1415927410125732, 3.1415927410125732, 3.1415927410125732, 3.1415927410125732, 3.1415927410125732, 3.1415927410125732, 3.1415927410125732, 3.1415927410125732, 3.1415927410125732, 3.1415927410125732, 3.1415927410125732, 3.1415927410125732, 3.1415927410125732, 3.1415927410125732, 3.1415927410125732, 3.1415927410125732, 3.1415927410125732, 3.1415927410125732, 3.1415927410125732, 3.1415927410125732, 3.1415927410125732, 3.1415927410125732, 3.1415927410125732, 3.1415927410125732, 3.1415927410125732, 3.1415927410125732, 3.1415927410125732, 3.1415927410125732, 3.1415927410125732, 3.1415927410125732, 3.1415927410125732, 3.1415927410125732, 3.1415927410125732, 3.1415927410125732, 3.1415927410125732, 3.1415927410125732, 3.1415927410125732, 3.1415927410125732, 3.1415927410125732, 3.1415927410125732, 3.1415927410125732, 3.1415927410125732, 3.1415927410125732, 3.1415927410125732, 3.1415927410125732, 3.1415927410125732, 3.1415927410125732, 3.1415927410125732, 3.1415927410125732, 3.1415927410125732, 3.1415927410125732, 3.1415927410125732, 3.1415927410125732, 3.1415927410125732, 3.1415927410125732, 3.1415927410125732, 3.1415927410125732, 3.1415927410125732, 3.1415927410125732, 3.1415927410125732, 3.1415927410125732, 3.1415927410125732, 3.1415927410125732, 3.1415927410125732, 3.1415927410125732, 3.1415927410125732, 3.1415927410125732, 3.1415927410125732, 3.1415927410125732, 3.1415927410125732, 3.1415927410125732, 3.1415927410125732, 3.1415927410125732, 3.1415927410125732, 3.1415927410125732, 3.1415927410125732, 3.1415927410125732, 3.1415927410125732, 3.1415927410125732, 3.1415927410125732, 3.1415927410125732, 3.1415927410125732, 3.1415927410125732, 3.1415927410125732, 3.1415927410125732, 3.1415927410125732, 3.1415927410125732, 3.1415927410125732, 3.1415927410125732, 3.1415927410125732, 3.1415927410125732, 3.1415927410125732, 3.1415927410125732, 3.1415927410125732, 3.1415927410125732, 3.1415927410125732, 3.1415927410125732, 3.1415927410125732, 3.1415927410125732, 3.1415927410125732, 3.1415927410125732, 3.1415927410125732, 3.1415927410125732, 3.1415927410125732, 3.1415927410125732, 3.1415927410125732, 3.1415927410125732, 3.1415927410125732, 3.1415927410125732, 3.1415927410125732, 3.1415927410125732, 3.1415927410125732, 3.1415927410125732, 3.1415927410125732, 3.1415927410125732, 3.1415927410125732, 3.1415927410125732, 3.1415927410125732, 3.1415927410125732, 3.1415927410125732, 3.1415927410125732, 3.1415927410125732, 3.1415927410125732, 3.1415927410125732, 3.1415927410125732, 3.1415927410125732, 3.1415927410125732, 3.1415927410125732, 3.1415927410125732, 3.1415927410125732, 3.1415927410125732, 3.1415927410125732, 3.1415927410125732, 0.0, 0.0, 0.0, 0.0, 0.0, 0.0, 0.0, 0.0, 0.0, 0.0, 0.0, 0.0, 0.0, 0.0, 0.0, 0.0, 3.1415927410125732, 3.1415927410125732, 3.1415927410125732, 3.1415927410125732, 3.1415927410125732, 3.1415927410125732, 3.1415927410125732, 3.1415927410125732, 3.1415927410125732, 3.1415927410125732, 3.1415927410125732, 3.1415927410125732, 3.1415927410125732, 3.1415927410125732, 3.1415927410125732, 3.1415927410125732, 0.0, 0.0, 0.0, 0.0, 0.0, 0.0, 0.0, 0.0, 0.0, 0.0, 0.0, 0.0, 0.0, 0.0, 0.0, 0.0, 3.1415927410125732, 3.1415927410125732, 3.1415927410125732, 3.1415927410125732, 3.1415927410125732, 3.1415927410125732, 3.1415927410125732, 3.1415927410125732, 3.1415927410125732, 3.1415927410125732, 3.1415927410125732, 3.1415927410125732, 3.1415927410125732, 3.1415927410125732, 3.1415927410125732, 3.1415927410125732, 0.0, 0.0, 0.0, 0.0, 0.0, 0.0, 0.0, 0.0, 0.0, 0.0, 0.0, 0.0, 0.0, 0.0, 0.0, 0.0, 3.1415927410125732, 3.1415927410125732, 3.1415927410125732, 3.1415927410125732, 3.1415927410125732, 3.1415927410125732, 3.1415927410125732, 3.1415927410125732, 3.1415927410125732, 3.1415927410125732, 3.1415927410125732, 3.1415927410125732, 3.1415927410125732, 3.1415927410125732, 3.1415927410125732, 3.1415927410125732, 0.0, 0.0, 0.0, 0.0, 0.0, 0.0, 0.0, 0.0, 0.0, 0.0, 0.0, 0.0, 0.0, 0.0, 0.0, 0.0, 3.1415927410125732, 3.1415927410125732, 3.1415927410125732, 3.1415927410125732, 3.1415927410125732, 3.1415927410125732, 3.1415927410125732, 3.1415927410125732, 3.1415927410125732, 3.1415927410125732, 3.1415927410125732, 3.1415927410125732, 3.1415927410125732, 3.1415927410125732, 3.1415927410125732, 3.1415927410125732, 0.0, 0.0, 0.0, 0.0, 0.0, 0.0, 0.0, 0.0, 0.0, 0.0, 0.0, 0.0, 0.0, 0.0, 0.0, 0.0, 3.1415927410125732, 3.1415927410125732, 3.1415927410125732, 3.1415927410125732, 3.1415927410125732, 3.1415927410125732, 3.1415927410125732, 3.1415927410125732, 3.1415927410125732, 3.1415927410125732, 3.1415927410125732, 3.1415927410125732, 3.1415927410125732, 3.1415927410125732, 3.1415927410125732, 3.1415927410125732, 0.0, 0.0, 0.0, 0.0, 0.0, 0.0, 0.0, 0.0, 0.0, 0.0, 0.0, 0.0, 0.0, 0.0, 0.0, 0.0, 3.1415927410125732, 3.1415927410125732, 3.1415927410125732, 3.1415927410125732, 3.1415927410125732, 3.1415927410125732, 3.1415927410125732, 3.1415927410125732, 3.1415927410125732, 3.1415927410125732, 3.1415927410125732, 3.1415927410125732, 3.1415927410125732, 3.1415927410125732, 3.1415927410125732, 3.1415927410125732, 0.0, 0.0, 0.0, 0.0, 0.0, 0.0, 0.0, 0.0, 0.0, 0.0, 0.0, 0.0, 0.0, 0.0, 0.0, 0.0, 3.1415927410125732, 3.1415927410125732, 3.1415927410125732, 3.1415927410125732, 3.1415927410125732, 3.1415927410125732, 3.1415927410125732, 3.1415927410125732, 3.1415927410125732, 3.1415927410125732, 3.1415927410125732, 3.1415927410125732, 3.1415927410125732, 3.1415927410125732, 3.1415927410125732, 3.1415927410125732, 0.0, 0.0, 0.0, 0.0, 0.0, 0.0, 0.0, 0.0, 0.0, 0.0, 0.0, 0.0, 0.0, 0.0, 0.0, 0.0, 3.1415927410125732, 3.1415927410125732, 3.1415927410125732, 3.1415927410125732, 3.1415927410125732, 3.1415927410125732, 3.1415927410125732, 3.1415927410125732, 3.1415927410125732, 3.1415927410125732, 3.1415927410125732, 3.1415927410125732, 3.1415927410125732, 3.1415927410125732, 3.1415927410125732, 3.1415927410125732, 0.0, 0.0, 0.0, 0.0, 0.0, 0.0, 0.0, 0.0, 0.0, 0.0, 0.0, 0.0, 0.0, 0.0, 0.0, 0.0, 0.0, 0.0, 0.0, 0.0, 0.0, 0.0, 0.0, 0.0, 0.0, 0.0, 0.0, 0.0, 0.0, 0.0, 0.0, 0.0, 0.0, 0.0, 0.0, 0.0, 0.0, 0.0, 0.0, 0.0, 0.0, 0.0, 0.0, 0.0, 0.0, 0.0, 0.0, 0.0, 0.0, 0.0, 0.0, 0.0, 0.0, 0.0, 0.0, 0.0, 0.0, 0.0, 0.0, 0.0, 0.0, 0.0, 0.0, 0.0, 0.0, 0.0, 0.0, 0.0, 0.0, 0.0, 0.0, 0.0, 0.0, 0.0, 0.0, 0.0, 0.0, 0.0, 0.0, 0.0, 0.0, 0.0, 0.0, 0.0, 0.0, 0.0, 0.0, 0.0, 0.0, 0.0, 0.0, 0.0, 0.0, 0.0, 0.0, 0.0, 0.0, 0.0, 0.0, 0.0, 0.0, 0.0, 0.0, 0.0, 0.0, 0.0, 0.0, 0.0, 0.0, 0.0, 0.0, 0.0, 0.0, 0.0, 0.0, 0.0, 0.0, 0.0, 0.0, 0.0, 0.0, 0.0, 0.0, 0.0, 0.0, 0.0, 0.0, 0.0, 0.0, 0.0, 0.0, 0.0, 0.0, 0.0, 0.0, 0.0, 0.0, 0.0, 0.0, 0.0, 0.0, 0.0, 0.0, 0.0, 0.0, 0.0, 0.0, 0.0, 0.0, 0.0, 0.0, 0.0, 0.0, 0.0, 0.0, 0.0, 0.0, 0.0, 0.0, 0.0, 0.0, 0.0, 0.0, 0.0, 0.0, 0.0, 0.0, 0.0, 0.0, 0.0, 0.0, 0.0, 0.0, 0.0, 0.0, 0.0, 0.0, 0.0, 0.0, 0.0, 0.0, 0.0, 0.0, 0.0, 0.0, 0.0, 0.0, 0.0, 0.0, 0.0, 0.0, 0.0, 0.0, 0.0, 0.0, 0.0, 0.0, 0.0, 0.0, 0.0, 0.0, 0.0, 0.0, 0.0, 0.0, 0.0, 0.0, 0.0, 0.0, 0.0, 0.0, 0.0, 0.0, 0.0, 0.0, 0.0, 0.0, 0.0, 0.0, 0.0, 0.0, 0.0, 0.0, 0.0, 0.0, 0.0, 0.0, 0.0, 0.0, 0.0, 0.0, 0.0, 0.0, 0.0, 0.0, 0.0, 0.0, 0.0, 0.0, 0.0, 0.0, 0.0, 0.0, 0.0, 0.0, 0.0, 0.0, 0.0, 0.0, 0.0, 0.0, 0.0, 0.0, 0.0, 0.0, 0.0, 0.0, 0.0, 0.0, 0.0, 0.0, 0.0, 0.0, 0.0, 3.1415927410125732, 3.1415927410125732, 3.1415927410125732, 3.1415927410125732, 3.1415927410125732, 3.1415927410125732, 3.1415927410125732, 3.1415927410125732, 0.0, 0.0, 0.0, 0.0, 0.0, 0.0, 0.0, 0.0, 0.0, 0.0, 0.0, 0.0, 0.0, 0.0, 0.0, 0.0, 0.0, 0.0, 0.0, 0.0, 0.0, 0.0, 0.0, 0.0, 3.1415927410125732, 3.1415927410125732, 3.1415927410125732, 3.1415927410125732, 3.1415927410125732, 3.1415927410125732, 3.1415927410125732, 3.1415927410125732, 0.0, 0.0, 0.0, 0.0, 0.0, 0.0, 0.0, 0.0, 0.0, 0.0, 0.0, 0.0, 0.0, 0.0, 0.0, 0.0, 0.0, 0.0, 0.0, 0.0, 0.0, 0.0, 0.0, 0.0, 3.1415927410125732, 3.1415927410125732, 3.1415927410125732, 3.1415927410125732, 3.1415927410125732, 3.1415927410125732, 3.1415927410125732, 3.1415927410125732, 0.0, 0.0, 0.0, 0.0, 0.0, 0.0, 0.0, 0.0, 0.0, 0.0, 0.0, 0.0, 0.0, 0.0, 0.0, 0.0, 0.0, 0.0, 0.0, 0.0, 0.0, 0.0, 0.0, 0.0, 3.1415927410125732, 3.1415927410125732, 3.1415927410125732, 3.1415927410125732, 3.1415927410125732, 3.1415927410125732, 3.1415927410125732, 3.1415927410125732, 0.0, 0.0, 0.0, 0.0, 0.0, 0.0, 0.0, 0.0, 0.0, 0.0, 0.0, 0.0, 0.0, 0.0, 0.0, 0.0, 0.0, 0.0, 0.0, 0.0, 0.0, 0.0, 0.0, 0.0, 3.1415927410125732, 3.1415927410125732, 3.1415927410125732, 3.1415927410125732, 3.1415927410125732, 3.1415927410125732, 3.1415927410125732, 3.1415927410125732, 0.0, 0.0, 0.0, 0.0, 0.0, 0.0, 0.0, 0.0, 0.0, 0.0, 0.0, 0.0, 0.0, 0.0, 0.0, 0.0, 0.0, 0.0, 0.0, 0.0, 0.0, 0.0, 0.0, 0.0, 3.1415927410125732, 3.1415927410125732, 3.1415927410125732, 3.1415927410125732, 3.1415927410125732, 3.1415927410125732, 3.1415927410125732, 3.1415927410125732, 0.0, 0.0, 0.0, 0.0, 0.0, 0.0, 0.0, 0.0, 0.0, 0.0, 0.0, 0.0, 0.0, 0.0, 0.0, 0.0, 0.0, 0.0, 0.0, 0.0, 0.0, 0.0, 0.0, 0.0, 3.1415927410125732, 3.1415927410125732, 3.1415927410125732, 3.1415927410125732, 3.1415927410125732, 3.1415927410125732, 3.1415927410125732, 3.1415927410125732, 0.0, 0.0, 0.0, 0.0, 0.0, 0.0, 0.0, 0.0, 0.0, 0.0, 0.0, 0.0, 0.0, 0.0, 0.0, 0.0, 0.0, 0.0, 0.0, 0.0, 0.0, 0.0, 0.0, 0.0, 3.1415927410125732, 3.1415927410125732, 3.1415927410125732, 3.1415927410125732, 3.1415927410125732, 3.1415927410125732, 3.1415927410125732, 3.1415927410125732, 0.0, 0.0, 0.0, 0.0, 0.0, 0.0, 0.0, 0.0, 0.0, 0.0, 0.0, 0.0, 0.0, 0.0, 0.0, 0.0]"
0.6088365,0.15223686,0.15219523,0.15220979,0.15219462,0.15220913,-9.53539467,-9.53664207,-9.53620815,-9.53666496,"[3.1415927410125732, 3.1415927410125732, 3.1415927410125732, 3.1415927410125732, 3.1415927410125732, 3.1415927410125732, 3.1415927410125732, 3.1415927410125732, 3.1415927410125732, 3.1415927410125732, 3.1415927410125732, 3.1415927410125732, 3.1415927410125732, 3.1415927410125732, 3.1415927410125732, 3.1415927410125732, 3.1415927410125732, 3.1415927410125732, 3.1415927410125732, 3.1415927410125732, 3.1415927410125732, 3.1415927410125732, 3.1415927410125732, 3.1415927410125732, 3.1415927410125732, 3.1415927410125732, 3.1415927410125732, 3.1415927410125732, 3.1415927410125732, 3.1415927410125732, 3.1415927410125732, 3.1415927410125732, 3.1415927410125732, 3.1415927410125732, 3.1415927410125732, 3.1415927410125732, 3.1415927410125732, 3.1415927410125732, 3.1415927410125732, 3.1415927410125732, 3.1415927410125732, 3.1415927410125732, 3.1415927410125732, 3.1415927410125732, 3.1415927410125732, 3.1415927410125732, 3.1415927410125732, 3.1415927410125732, 3.1415927410125732, 3.1415927410125732, 3.1415927410125732, 3.1415927410125732, 3.1415927410125732, 3.1415927410125732, 3.1415927410125732, 3.1415927410125732, 3.1415927410125732, 3.1415927410125732, 3.1415927410125732, 3.1415927410125732, 3.1415927410125732, 3.1415927410125732, 3.1415927410125732, 3.1415927410125732, 3.1415927410125732, 3.1415927410125732, 3.1415927410125732, 3.1415927410125732, 3.1415927410125732, 3.1415927410125732, 3.1415927410125732, 3.1415927410125732, 3.1415927410125732, 3.1415927410125732, 3.1415927410125732, 3.1415927410125732, 3.1415927410125732, 3.1415927410125732, 3.1415927410125732, 3.1415927410125732, 3.1415927410125732, 3.1415927410125732, 3.1415927410125732, 3.1415927410125732, 3.1415927410125732, 3.1415927410125732, 3.1415927410125732, 3.1415927410125732, 3.1415927410125732, 3.1415927410125732, 3.1415927410125732, 3.1415927410125732, 3.1415927410125732, 3.1415927410125732, 3.1415927410125732, 3.1415927410125732, 3.1415927410125732, 3.1415927410125732, 3.1415927410125732, 3.1415927410125732, 3.1415927410125732, 3.1415927410125732, 3.1415927410125732, 3.1415927410125732, 3.1415927410125732, 3.1415927410125732, 3.1415927410125732, 3.1415927410125732, 3.1415927410125732, 3.1415927410125732, 3.1415927410125732, 3.1415927410125732, 3.1415927410125732, 3.1415927410125732, 3.1415927410125732, 3.1415927410125732, 3.1415927410125732, 3.1415927410125732, 3.1415927410125732, 3.1415927410125732, 3.1415927410125732, 3.1415927410125732, 3.1415927410125732, 3.1415927410125732, 3.1415927410125732, 3.1415927410125732, 3.1415927410125732, 3.1415927410125732, 3.1415927410125732, 3.1415927410125732, 3.1415927410125732, 3.1415927410125732, 3.1415927410125732, 3.1415927410125732, 3.1415927410125732, 3.1415927410125732, 3.1415927410125732, 3.1415927410125732, 3.1415927410125732, 3.1415927410125732, 3.1415927410125732, 3.1415927410125732, 3.1415927410125732, 3.1415927410125732, 3.1415927410125732, 3.1415927410125732, 3.1415927410125732, 3.1415927410125732, 3.1415927410125732, 3.1415927410125732, 3.1415927410125732, 3.1415927410125732, 3.1415927410125732, 3.1415927410125732, 3.1415927410125732, 3.1415927410125732, 3.1415927410125732, 3.1415927410125732, 3.1415927410125732, 3.1415927410125732, 3.1415927410125732, 3.1415927410125732, 3.1415927410125732, 3.1415927410125732, 3.1415927410125732, 3.1415927410125732, 3.1415927410125732, 3.1415927410125732, 3.1415927410125732, 3.1415927410125732, 3.1415927410125732, 3.1415927410125732, 3.1415927410125732, 3.1415927410125732, 3.1415927410125732, 3.1415927410125732, 3.1415927410125732, 3.1415927410125732, 3.1415927410125732, 3.1415927410125732, 3.1415927410125732, 3.1415927410125732, 3.1415927410125732, 3.1415927410125732, 3.1415927410125732, 3.1415927410125732, 3.1415927410125732, 3.1415927410125732, 3.1415927410125732, 3.1415927410125732, 3.1415927410125732, 3.1415927410125732, 3.1415927410125732, 3.1415927410125732, 3.1415927410125732, 3.1415927410125732, 3.1415927410125732, 3.1415927410125732, 3.1415927410125732, 3.1415927410125732, 3.1415927410125732, 3.1415927410125732, 3.1415927410125732, 3.1415927410125732, 3.1415927410125732, 3.1415927410125732, 3.1415927410125732, 3.1415927410125732, 3.1415927410125732, 3.1415927410125732, 3.1415927410125732, 3.1415927410125732, 3.1415927410125732, 3.1415927410125732, 3.1415927410125732, 3.1415927410125732, 3.1415927410125732, 3.1415927410125732, 3.1415927410125732, 3.1415927410125732, 3.1415927410125732, 3.1415927410125732, 3.1415927410125732, 3.1415927410125732, 3.1415927410125732, 3.1415927410125732, 3.1415927410125732, 3.1415927410125732, 3.1415927410125732, 3.1415927410125732, 3.1415927410125732, 3.1415927410125732, 3.1415927410125732, 3.1415927410125732, 3.1415927410125732, 3.1415927410125732, 3.1415927410125732, 3.1415927410125732, 3.1415927410125732, 3.1415927410125732, 3.1415927410125732, 3.1415927410125732, 3.1415927410125732, 3.1415927410125732, 3.1415927410125732, 3.1415927410125732, 3.1415927410125732, 3.1415927410125732, 3.1415927410125732, 3.1415927410125732, 3.1415927410125732, 3.1415927410125732, 3.1415927410125732, 3.1415927410125732, 3.1415927410125732, 3.1415927410125732, 0.0, 0.0, 0.0, 0.0, 0.0, 0.0, 0.0, 0.0, 0.0, 0.0, 0.0, 0.0, 0.0, 0.0, 0.0, 0.0, 3.1415927410125732, 3.1415927410125732, 3.1415927410125732, 3.1415927410125732, 3.1415927410125732, 3.1415927410125732, 3.1415927410125732, 3.1415927410125732, 3.1415927410125732, 3.1415927410125732, 3.1415927410125732, 3.1415927410125732, 3.1415927410125732, 3.1415927410125732, 3.1415927410125732, 3.1415927410125732, 0.0, 0.0, 0.0, 0.0, 0.0, 0.0, 0.0, 0.0, 0.0, 0.0, 0.0, 0.0, 0.0, 0.0, 0.0, 0.0, 3.1415927410125732, 3.1415927410125732, 3.1415927410125732, 3.1415927410125732, 3.1415927410125732, 3.1415927410125732, 3.1415927410125732, 3.1415927410125732, 3.1415927410125732, 3.1415927410125732, 3.1415927410125732, 3.1415927410125732, 3.1415927410125732, 3.1415927410125732, 3.1415927410125732, 3.1415927410125732, 0.0, 0.0, 0.0, 0.0, 0.0, 0.0, 0.0, 0.0, 0.0, 0.0, 0.0, 0.0, 0.0, 0.0, 0.0, 0.0, 3.1415927410125732, 3.1415927410125732, 3.1415927410125732, 3.1415927410125732, 3.1415927410125732, 3.1415927410125732, 3.1415927410125732, 3.1415927410125732, 3.1415927410125732, 3.1415927410125732, 3.1415927410125732, 3.1415927410125732, 3.1415927410125732, 3.1415927410125732, 3.1415927410125732, 3.1415927410125732, 0.0, 0.0, 0.0, 0.0, 0.0, 0.0, 0.0, 0.0, 0.0, 0.0, 0.0, 0.0, 0.0, 0.0, 0.0, 0.0, 3.1415927410125732, 3.1415927410125732, 3.1415927410125732, 3.1415927410125732, 3.1415927410125732, 3.1415927410125732, 3.1415927410125732, 3.1415927410125732, 3.1415927410125732, 3.1415927410125732, 3.1415927410125732, 3.1415927410125732, 3.1415927410125732, 3.1415927410125732, 3.1415927410125732, 3.1415927410125732, 0.0, 0.0, 0.0, 0.0, 0.0, 0.0, 0.0, 0.0, 0.0, 0.0, 0.0, 0.0, 0.0, 0.0, 0.0, 0.0, 3.1415927410125732, 3.1415927410125732, 3.1415927410125732, 3.1415927410125732, 3.1415927410125732, 3.1415927410125732, 3.1415927410125732, 3.1415927410125732, 3.1415927410125732, 3.1415927410125732, 3.1415927410125732, 3.1415927410125732, 3.1415927410125732, 3.1415927410125732, 3.1415927410125732, 3.1415927410125732, 0.0, 0.0, 0.0, 0.0, 0.0, 0.0, 0.0, 0.0, 0.0, 0.0, 0.0, 0.0, 0.0, 0.0, 0.0, 0.0, 3.1415927410125732, 3.1415927410125732, 3.1415927410125732, 3.1415927410125732, 3.1415927410125732, 3.1415927410125732, 3.1415927410125732, 3.1415927410125732, 3.1415927410125732, 3.1415927410125732, 3.1415927410125732, 3.1415927410125732, 3.1415927410125732, 3.1415927410125732, 3.1415927410125732, 3.1415927410125732, 0.0, 0.0, 0.0, 0.0, 0.0, 0.0, 0.0, 0.0, 0.0, 0.0, 0.0, 0.0, 0.0, 0.0, 0.0, 0.0, 3.1415927410125732, 3.1415927410125732, 3.1415927410125732, 3.1415927410125732, 3.1415927410125732, 3.1415927410125732, 3.1415927410125732, 3.1415927410125732, 3.1415927410125732, 3.1415927410125732, 3.1415927410125732, 3.1415927410125732, 3.1415927410125732, 3.1415927410125732, 3.1415927410125732, 3.1415927410125732, 0.0, 0.0, 0.0, 0.0, 0.0, 0.0, 0.0, 0.0, 0.0, 0.0, 0.0, 0.0, 0.0, 0.0, 0.0, 0.0, 3.1415927410125732, 3.1415927410125732, 3.1415927410125732, 3.1415927410125732, 3.1415927410125732, 3.1415927410125732, 3.1415927410125732, 3.1415927410125732, 3.1415927410125732, 3.1415927410125732, 3.1415927410125732, 3.1415927410125732, 3.1415927410125732, 3.1415927410125732, 3.1415927410125732, 3.1415927410125732, 0.0, 0.0, 0.0, 0.0, 0.0, 0.0, 0.0, 0.0, 0.0, 0.0, 0.0, 0.0, 0.0, 0.0, 0.0, 0.0, 0.0, 0.0, 0.0, 0.0, 0.0, 0.0, 0.0, 0.0, 0.0, 0.0, 0.0, 0.0, 0.0, 0.0, 0.0, 0.0, 0.0, 0.0, 0.0, 0.0, 0.0, 0.0, 0.0, 0.0, 0.0, 0.0, 0.0, 0.0, 0.0, 0.0, 0.0, 0.0, 0.0, 0.0, 0.0, 0.0, 0.0, 0.0, 0.0, 0.0, 0.0, 0.0, 0.0, 0.0, 0.0, 0.0, 0.0, 0.0, 0.0, 0.0, 0.0, 0.0, 0.0, 0.0, 0.0, 0.0, 0.0, 0.0, 0.0, 0.0, 0.0, 0.0, 0.0, 0.0, 0.0, 0.0, 0.0, 0.0, 0.0, 0.0, 0.0, 0.0, 0.0, 0.0, 0.0, 0.0, 0.0, 0.0, 0.0, 0.0, 0.0, 0.0, 0.0, 0.0, 0.0, 0.0, 0.0, 0.0, 0.0, 0.0, 0.0, 0.0, 0.0, 0.0, 0.0, 0.0, 0.0, 0.0, 0.0, 0.0, 0.0, 0.0, 0.0, 0.0, 0.0, 0.0, 0.0, 0.0, 0.0, 0.0, 0.0, 0.0, 0.0, 0.0, 0.0, 0.0, 0.0, 0.0, 0.0, 0.0, 0.0, 0.0, 0.0, 0.0, 0.0, 0.0, 0.0, 0.0, 0.0, 0.0, 0.0, 0.0, 0.0, 0.0, 0.0, 0.0, 0.0, 0.0, 0.0, 0.0, 0.0, 0.0, 0.0, 0.0, 0.0, 0.0, 0.0, 0.0, 0.0, 0.0, 0.0, 0.0, 0.0, 0.0, 0.0, 0.0, 0.0, 0.0, 0.0, 0.0, 0.0, 0.0, 0.0, 0.0, 0.0, 0.0, 0.0, 0.0, 0.0, 0.0, 0.0, 0.0, 0.0, 0.0, 0.0, 0.0, 0.0, 0.0, 0.0, 0.0, 0.0, 0.0, 0.0, 0.0, 0.0, 0.0, 0.0, 0.0, 0.0, 0.0, 0.0, 0.0, 0.0, 0.0, 0.0, 0.0, 0.0, 0.0, 0.0, 0.0, 0.0, 0.0, 0.0, 0.0, 0.0, 0.0, 0.0, 0.0, 0.0, 0.0, 0.0, 0.0, 0.0, 0.0, 0.0, 0.0, 0.0, 0.0, 0.0, 0.0, 0.0, 0.0, 0.0, 0.0, 0.0, 0.0, 0.0, 0.0, 0.0, 0.0, 0.0, 0.0, 0.0, 0.0, 0.0, 0.0, 0.0, 0.0, 0.0, 0.0, 0.0, 0.0, 0.0, 0.0, 0.0, 0.0, 0.0, 0.0, 3.1415927410125732, 3.1415927410125732, 3.1415927410125732, 3.1415927410125732, 3.1415927410125732, 3.1415927410125732, 3.1415927410125732, 3.1415927410125732, 0.0, 0.0, 0.0, 0.0, 0.0, 0.0, 0.0, 0.0, 0.0, 0.0, 0.0, 0.0, 0.0, 0.0, 0.0, 0.0, 0.0, 0.0, 0.0, 0.0, 0.0, 0.0, 0.0, 0.0, 3.1415927410125732, 3.1415927410125732, 3.1415927410125732, 3.1415927410125732, 3.1415927410125732, 3.1415927410125732, 3.1415927410125732, 3.1415927410125732, 0.0, 0.0, 0.0, 0.0, 0.0, 0.0, 0.0, 0.0, 0.0, 0.0, 0.0, 0.0, 0.0, 0.0, 0.0, 0.0, 0.0, 0.0, 0.0, 0.0, 0.0, 0.0, 0.0, 0.0, 3.1415927410125732, 3.1415927410125732, 3.1415927410125732, 3.1415927410125732, 3.1415927410125732, 3.1415927410125732, 3.1415927410125732, 3.1415927410125732, 0.0, 0.0, 0.0, 0.0, 0.0, 0.0, 0.0, 0.0, 0.0, 0.0, 0.0, 0.0, 0.0, 0.0, 0.0, 0.0, 0.0, 0.0, 0.0, 0.0, 0.0, 0.0, 0.0, 0.0, 3.1415927410125732, 3.1415927410125732, 3.1415927410125732, 3.1415927410125732, 3.1415927410125732, 3.1415927410125732, 3.1415927410125732, 3.1415927410125732, 0.0, 0.0, 0.0, 0.0, 0.0, 0.0, 0.0, 0.0, 0.0, 0.0, 0.0, 0.0, 0.0, 0.0, 0.0, 0.0, 0.0, 0.0, 0.0, 0.0, 0.0, 0.0, 0.0, 0.0, 3.1415927410125732, 3.1415927410125732, 3.1415927410125732, 3.1415927410125732, 3.1415927410125732, 3.1415927410125732, 3.1415927410125732, 3.1415927410125732, 0.0, 0.0, 0.0, 0.0, 0.0, 0.0, 0.0, 0.0, 0.0, 0.0, 0.0, 0.0, 0.0, 0.0, 0.0, 0.0, 0.0, 0.0, 0.0, 0.0, 0.0, 0.0, 0.0, 0.0, 3.1415927410125732, 3.1415927410125732, 3.1415927410125732, 3.1415927410125732, 3.1415927410125732, 3.1415927410125732, 3.1415927410125732, 3.1415927410125732, 0.0, 0.0, 0.0, 0.0, 0.0, 0.0, 0.0, 0.0, 0.0, 0.0, 0.0, 0.0, 0.0, 0.0, 0.0, 0.0, 0.0, 0.0, 0.0, 0.0, 0.0, 0.0, 0.0, 0.0, 3.1415927410125732, 3.1415927410125732, 3.1415927410125732, 3.1415927410125732, 3.1415927410125732, 3.1415927410125732, 3.1415927410125732, 3.1415927410125732, 0.0, 0.0, 0.0, 0.0, 0.0, 0.0, 0.0, 0.0, 0.0, 0.0, 0.0, 0.0, 0.0, 0.0, 0.0, 0.0, 0.0, 0.0, 0.0, 0.0, 0.0, 0.0, 0.0, 0.0, 3.1415927410125732, 3.1415927410125732, 3.1415927410125732, 3.1415927410125732, 3.1415927410125732, 3.1415927410125732, 3.1415927410125732, 3.1415927410125732, 0.0, 0.0, 0.0, 0.0, 0.0, 0.0, 0.0, 0.0, 0.0, 0.0, 0.0, 0.0, 0.0, 0.0, 0.0, 0.0]"
0.6088365,0.15223686,0.15219523,0.15220979,0.15219462,0.15220913,-9.53539467,-9.53664207,-9.53620815,-9.53666496,"[3.1415927410125732, 3.1415927410125732, 3.1415927410125732, 3.1415927410125732, 3.1415927410125732, 3.1415927410125732, 3.1415927410125732, 3.1415927410125732, 3.1415927410125732, 3.1415927410125732, 3.1415927410125732, 3.1415927410125732, 3.1415927410125732, 3.1415927410125732, 3.1415927410125732, 3.1415927410125732, 3.1415927410125732, 3.1415927410125732, 3.1415927410125732, 3.1415927410125732, 3.1415927410125732, 3.1415927410125732, 3.1415927410125732, 3.1415927410125732, 3.1415927410125732, 3.1415927410125732, 3.1415927410125732, 3.1415927410125732, 3.1415927410125732, 3.1415927410125732, 3.1415927410125732, 3.1415927410125732, 3.1415927410125732, 3.1415927410125732, 3.1415927410125732, 3.1415927410125732, 3.1415927410125732, 3.1415927410125732, 3.1415927410125732, 3.1415927410125732, 3.1415927410125732, 3.1415927410125732, 3.1415927410125732, 3.1415927410125732, 3.1415927410125732, 3.1415927410125732, 3.1415927410125732, 3.1415927410125732, 3.1415927410125732, 3.1415927410125732, 3.1415927410125732, 3.1415927410125732, 3.1415927410125732, 3.1415927410125732, 3.1415927410125732, 3.1415927410125732, 3.1415927410125732, 3.1415927410125732, 3.1415927410125732, 3.1415927410125732, 3.1415927410125732, 3.1415927410125732, 3.1415927410125732, 3.1415927410125732, 3.1415927410125732, 3.1415927410125732, 3.1415927410125732, 3.1415927410125732, 3.1415927410125732, 3.1415927410125732, 3.1415927410125732, 3.1415927410125732, 3.1415927410125732, 3.1415927410125732, 3.1415927410125732, 3.1415927410125732, 3.1415927410125732, 3.1415927410125732, 3.1415927410125732, 3.1415927410125732, 3.1415927410125732, 3.1415927410125732, 3.1415927410125732, 3.1415927410125732, 3.1415927410125732, 3.1415927410125732, 3.1415927410125732, 3.1415927410125732, 3.1415927410125732, 3.1415927410125732, 3.1415927410125732, 3.1415927410125732, 3.1415927410125732, 3.1415927410125732, 3.1415927410125732, 3.1415927410125732, 3.1415927410125732, 3.1415927410125732, 3.1415927410125732, 3.1415927410125732, 3.1415927410125732, 3.1415927410125732, 3.1415927410125732, 3.1415927410125732, 3.1415927410125732, 3.1415927410125732, 3.1415927410125732, 3.1415927410125732, 3.1415927410125732, 3.1415927410125732, 3.1415927410125732, 3.1415927410125732, 3.1415927410125732, 3.1415927410125732, 3.1415927410125732, 3.1415927410125732, 3.1415927410125732, 3.1415927410125732, 3.1415927410125732, 3.1415927410125732, 3.1415927410125732, 3.1415927410125732, 3.1415927410125732, 3.1415927410125732, 3.1415927410125732, 3.1415927410125732, 3.1415927410125732, 3.1415927410125732, 3.1415927410125732, 3.1415927410125732, 3.1415927410125732, 3.1415927410125732, 3.1415927410125732, 3.1415927410125732, 3.1415927410125732, 3.1415927410125732, 3.1415927410125732, 3.1415927410125732, 3.1415927410125732, 3.1415927410125732, 3.1415927410125732, 3.1415927410125732, 3.1415927410125732, 3.1415927410125732, 3.1415927410125732, 3.1415927410125732, 3.1415927410125732, 3.1415927410125732, 3.1415927410125732, 3.1415927410125732, 3.1415927410125732, 3.1415927410125732, 3.1415927410125732, 3.1415927410125732, 3.1415927410125732, 3.1415927410125732, 3.1415927410125732, 3.1415927410125732, 3.1415927410125732, 3.1415927410125732, 3.1415927410125732, 3.1415927410125732, 3.1415927410125732, 3.1415927410125732, 3.1415927410125732, 3.1415927410125732, 3.1415927410125732, 3.1415927410125732, 3.1415927410125732, 3.1415927410125732, 3.1415927410125732, 3.1415927410125732, 3.1415927410125732, 3.1415927410125732, 3.1415927410125732, 3.1415927410125732, 3.1415927410125732, 3.1415927410125732, 3.1415927410125732, 3.1415927410125732, 3.1415927410125732, 3.1415927410125732, 3.1415927410125732, 3.1415927410125732, 3.1415927410125732, 3.1415927410125732, 3.1415927410125732, 3.1415927410125732, 3.1415927410125732, 3.1415927410125732, 3.1415927410125732, 3.1415927410125732, 3.1415927410125732, 3.1415927410125732, 3.1415927410125732, 3.1415927410125732, 3.1415927410125732, 3.1415927410125732, 3.1415927410125732, 3.1415927410125732, 3.1415927410125732, 3.1415927410125732, 3.1415927410125732, 3.1415927410125732, 3.1415927410125732, 3.1415927410125732, 3.1415927410125732, 3.1415927410125732, 3.1415927410125732, 3.1415927410125732, 3.1415927410125732, 3.1415927410125732, 3.1415927410125732, 3.1415927410125732, 3.1415927410125732, 3.1415927410125732, 3.1415927410125732, 3.1415927410125732, 3.1415927410125732, 3.1415927410125732, 3.1415927410125732, 3.1415927410125732, 3.1415927410125732, 3.1415927410125732, 3.1415927410125732, 3.1415927410125732, 3.1415927410125732, 3.1415927410125732, 3.1415927410125732, 3.1415927410125732, 3.1415927410125732, 3.1415927410125732, 3.1415927410125732, 3.1415927410125732, 3.1415927410125732, 3.1415927410125732, 3.1415927410125732, 3.1415927410125732, 3.1415927410125732, 3.1415927410125732, 3.1415927410125732, 3.1415927410125732, 3.1415927410125732, 3.1415927410125732, 3.1415927410125732, 3.1415927410125732, 3.1415927410125732, 3.1415927410125732, 3.1415927410125732, 3.1415927410125732, 3.1415927410125732, 3.1415927410125732, 3.1415927410125732, 3.1415927410125732, 3.1415927410125732, 3.1415927410125732, 0.0, 0.0, 0.0, 0.0, 0.0, 0.0, 0.0, 0.0, 0.0, 0.0, 0.0, 0.0, 0.0, 0.0, 0.0, 0.0, 3.1415927410125732, 3.1415927410125732, 3.1415927410125732, 3.1415927410125732, 3.1415927410125732, 3.1415927410125732, 3.1415927410125732, 3.1415927410125732, 3.1415927410125732, 3.1415927410125732, 3.1415927410125732, 3.1415927410125732, 3.1415927410125732, 3.1415927410125732, 3.1415927410125732, 3.1415927410125732, 0.0, 0.0, 0.0, 0.0, 0.0, 0.0, 0.0, 0.0, 0.0, 0.0, 0.0, 0.0, 0.0, 0.0, 0.0, 0.0, 3.1415927410125732, 3.1415927410125732, 3.1415927410125732, 3.1415927410125732, 3.1415927410125732, 3.1415927410125732, 3.1415927410125732, 3.1415927410125732, 3.1415927410125732, 3.1415927410125732, 3.1415927410125732, 3.1415927410125732, 3.1415927410125732, 3.1415927410125732, 3.1415927410125732, 3.1415927410125732, 0.0, 0.0, 0.0, 0.0, 0.0, 0.0, 0.0, 0.0, 0.0, 0.0, 0.0, 0.0, 0.0, 0.0, 0.0, 0.0, 3.1415927410125732, 3.1415927410125732, 3.1415927410125732, 3.1415927410125732, 3.1415927410125732, 3.1415927410125732, 3.1415927410125732, 3.1415927410125732, 3.1415927410125732, 3.1415927410125732, 3.1415927410125732, 3.1415927410125732, 3.1415927410125732, 3.1415927410125732, 3.1415927410125732, 3.1415927410125732, 0.0, 0.0, 0.0, 0.0, 0.0, 0.0, 0.0, 0.0, 0.0, 0.0, 0.0, 0.0, 0.0, 0.0, 0.0, 0.0, 3.1415927410125732, 3.1415927410125732, 3.1415927410125732, 3.1415927410125732, 3.1415927410125732, 3.1415927410125732, 3.1415927410125732, 3.1415927410125732, 3.1415927410125732, 3.1415927410125732, 3.1415927410125732, 3.1415927410125732, 3.1415927410125732, 3.1415927410125732, 3.1415927410125732, 3.1415927410125732, 0.0, 0.0, 0.0, 0.0, 0.0, 0.0, 0.0, 0.0, 0.0, 0.0, 0.0, 0.0, 0.0, 0.0, 0.0, 0.0, 3.1415927410125732, 3.1415927410125732, 3.1415927410125732, 3.1415927410125732, 3.1415927410125732, 3.1415927410125732, 3.1415927410125732, 3.1415927410125732, 3.1415927410125732, 3.1415927410125732, 3.1415927410125732, 3.1415927410125732, 3.1415927410125732, 3.1415927410125732, 3.1415927410125732, 3.1415927410125732, 0.0, 0.0, 0.0, 0.0, 0.0, 0.0, 0.0, 0.0, 0.0, 0.0, 0.0, 0.0, 0.0, 0.0, 0.0, 0.0, 3.1415927410125732, 3.1415927410125732, 3.1415927410125732, 3.1415927410125732, 3.1415927410125732, 3.1415927410125732, 3.1415927410125732, 3.1415927410125732, 3.1415927410125732, 3.1415927410125732, 3.1415927410125732, 3.1415927410125732, 3.1415927410125732, 3.1415927410125732, 3.1415927410125732, 3.1415927410125732, 0.0, 0.0, 0.0, 0.0, 0.0, 0.0, 0.0, 0.0, 0.0, 0.0, 0.0, 0.0, 0.0, 0.0, 0.0, 0.0, 3.1415927410125732, 3.1415927410125732, 3.1415927410125732, 3.1415927410125732, 3.1415927410125732, 3.1415927410125732, 3.1415927410125732, 3.1415927410125732, 3.1415927410125732, 3.1415927410125732, 3.1415927410125732, 3.1415927410125732, 3.1415927410125732, 3.1415927410125732, 3.1415927410125732, 3.1415927410125732, 0.0, 0.0, 0.0, 0.0, 0.0, 0.0, 0.0, 0.0, 0.0, 0.0, 0.0, 0.0, 0.0, 0.0, 0.0, 0.0, 3.1415927410125732, 3.1415927410125732, 3.1415927410125732, 3.1415927410125732, 3.1415927410125732, 3.1415927410125732, 3.1415927410125732, 3.1415927410125732, 3.1415927410125732, 3.1415927410125732, 3.1415927410125732, 3.1415927410125732, 3.1415927410125732, 3.1415927410125732, 3.1415927410125732, 3.1415927410125732, 0.0, 0.0, 0.0, 0.0, 0.0, 0.0, 0.0, 0.0, 0.0, 0.0, 0.0, 0.0, 0.0, 0.0, 0.0, 0.0, 0.0, 0.0, 0.0, 0.0, 0.0, 0.0, 0.0, 0.0, 0.0, 0.0, 0.0, 0.0, 0.0, 0.0, 0.0, 0.0, 0.0, 0.0, 0.0, 0.0, 0.0, 0.0, 0.0, 0.0, 0.0, 0.0, 0.0, 0.0, 0.0, 0.0, 0.0, 0.0, 0.0, 0.0, 0.0, 0.0, 0.0, 0.0, 0.0, 0.0, 0.0, 0.0, 0.0, 0.0, 0.0, 0.0, 0.0, 0.0, 0.0, 0.0, 0.0, 0.0, 0.0, 0.0, 0.0, 0.0, 0.0, 0.0, 0.0, 0.0, 0.0, 0.0, 0.0, 0.0, 0.0, 0.0, 0.0, 0.0, 0.0, 0.0, 0.0, 0.0, 0.0, 0.0, 0.0, 0.0, 0.0, 0.0, 0.0, 0.0, 0.0, 0.0, 0.0, 0.0, 0.0, 0.0, 0.0, 0.0, 0.0, 0.0, 0.0, 0.0, 0.0, 0.0, 0.0, 0.0, 0.0, 0.0, 0.0, 0.0, 0.0, 0.0, 0.0, 0.0, 0.0, 0.0, 0.0, 0.0, 0.0, 0.0, 0.0, 0.0, 0.0, 0.0, 0.0, 0.0, 0.0, 0.0, 0.0, 0.0, 0.0, 0.0, 0.0, 0.0, 0.0, 0.0, 0.0, 0.0, 0.0, 0.0, 0.0, 0.0, 0.0, 0.0, 0.0, 0.0, 0.0, 0.0, 0.0, 0.0, 0.0, 0.0, 0.0, 0.0, 0.0, 0.0, 0.0, 0.0, 0.0, 0.0, 0.0, 0.0, 0.0, 0.0, 0.0, 0.0, 0.0, 0.0, 0.0, 0.0, 0.0, 0.0, 0.0, 0.0, 0.0, 0.0, 0.0, 0.0, 0.0, 0.0, 0.0, 0.0, 0.0, 0.0, 0.0, 0.0, 0.0, 0.0, 0.0, 0.0, 0.0, 0.0, 0.0, 0.0, 0.0, 0.0, 0.0, 0.0, 0.0, 0.0, 0.0, 0.0, 0.0, 0.0, 0.0, 0.0, 0.0, 0.0, 0.0, 0.0, 0.0, 0.0, 0.0, 0.0, 0.0, 0.0, 0.0, 0.0, 0.0, 0.0, 0.0, 0.0, 0.0, 0.0, 0.0, 0.0, 0.0, 0.0, 0.0, 0.0, 0.0, 0.0, 0.0, 0.0, 0.0, 0.0, 0.0, 0.0, 0.0, 0.0, 0.0, 0.0, 0.0, 0.0, 0.0, 0.0, 0.0, 0.0, 0.0, 0.0, 0.0, 0.0, 0.0, 0.0, 0.0, 0.0, 0.0, 0.0, 3.1415927410125732, 3.1415927410125732, 3.1415927410125732, 3.1415927410125732, 3.1415927410125732, 3.1415927410125732, 3.1415927410125732, 3.1415927410125732, 0.0, 0.0, 0.0, 0.0, 0.0, 0.0, 0.0, 0.0, 0.0, 0.0, 0.0, 0.0, 0.0, 0.0, 0.0, 0.0, 0.0, 0.0, 0.0, 0.0, 0.0, 0.0, 0.0, 0.0, 3.1415927410125732, 3.1415927410125732, 3.1415927410125732, 3.1415927410125732, 3.1415927410125732, 3.1415927410125732, 3.1415927410125732, 3.1415927410125732, 0.0, 0.0, 0.0, 0.0, 0.0, 0.0, 0.0, 0.0, 0.0, 0.0, 0.0, 0.0, 0.0, 0.0, 0.0, 0.0, 0.0, 0.0, 0.0, 0.0, 0.0, 0.0, 0.0, 0.0, 3.1415927410125732, 3.1415927410125732, 3.1415927410125732, 3.1415927410125732, 3.1415927410125732, 3.1415927410125732, 3.1415927410125732, 3.1415927410125732, 0.0, 0.0, 0.0, 0.0, 0.0, 0.0, 0.0, 0.0, 0.0, 0.0, 0.0, 0.0, 0.0, 0.0, 0.0, 0.0, 0.0, 0.0, 0.0, 0.0, 0.0, 0.0, 0.0, 0.0, 3.1415927410125732, 3.1415927410125732, 3.1415927410125732, 3.1415927410125732, 3.1415927410125732, 3.1415927410125732, 3.1415927410125732, 3.1415927410125732, 0.0, 0.0, 0.0, 0.0, 0.0, 0.0, 0.0, 0.0, 0.0, 0.0, 0.0, 0.0, 0.0, 0.0, 0.0, 0.0, 0.0, 0.0, 0.0, 0.0, 0.0, 0.0, 0.0, 0.0, 3.1415927410125732, 3.1415927410125732, 3.1415927410125732, 3.1415927410125732, 3.1415927410125732, 3.1415927410125732, 3.1415927410125732, 3.1415927410125732, 0.0, 0.0, 0.0, 0.0, 0.0, 0.0, 0.0, 0.0, 0.0, 0.0, 0.0, 0.0, 0.0, 0.0, 0.0, 0.0, 0.0, 0.0, 0.0, 0.0, 0.0, 0.0, 0.0, 0.0, 3.1415927410125732, 3.1415927410125732, 3.1415927410125732, 3.1415927410125732, 3.1415927410125732, 3.1415927410125732, 3.1415927410125732, 3.1415927410125732, 0.0, 0.0, 0.0, 0.0, 0.0, 0.0, 0.0, 0.0, 0.0, 0.0, 0.0, 0.0, 0.0, 0.0, 0.0, 0.0, 0.0, 0.0, 0.0, 0.0, 0.0, 0.0, 0.0, 0.0, 3.1415927410125732, 3.1415927410125732, 3.1415927410125732, 3.1415927410125732, 3.1415927410125732, 3.1415927410125732, 3.1415927410125732, 3.1415927410125732, 0.0, 0.0, 0.0, 0.0, 0.0, 0.0, 0.0, 0.0, 0.0, 0.0, 0.0, 0.0, 0.0, 0.0, 0.0, 0.0, 0.0, 0.0, 0.0, 0.0, 0.0, 0.0, 0.0, 0.0, 3.1415927410125732, 3.1415927410125732, 3.1415927410125732, 3.1415927410125732, 3.1415927410125732, 3.1415927410125732, 3.1415927410125732, 3.1415927410125732, 0.0, 0.0, 0.0, 0.0, 0.0, 0.0, 0.0, 0.0, 0.0, 0.0, 0.0, 0.0, 0.0, 0.0, 0.0, 0.0]"
0.6088365,0.15223686,0.15219523,0.15220979,0.15219462,0.15220913,-9.53539467,-9.53664207,-9.53620815,-9.53666496,"[3.1415927410125732, 3.1415927410125732, 3.1415927410125732, 3.1415927410125732, 3.1415927410125732, 3.1415927410125732, 3.1415927410125732, 3.1415927410125732, 3.1415927410125732, 3.1415927410125732, 3.1415927410125732, 3.1415927410125732, 3.1415927410125732, 3.1415927410125732, 3.1415927410125732, 3.1415927410125732, 3.1415927410125732, 3.1415927410125732, 3.1415927410125732, 3.1415927410125732, 3.1415927410125732, 3.1415927410125732, 3.1415927410125732, 3.1415927410125732, 3.1415927410125732, 3.1415927410125732, 3.1415927410125732, 3.1415927410125732, 3.1415927410125732, 3.1415927410125732, 3.1415927410125732, 3.1415927410125732, 3.1415927410125732, 3.1415927410125732, 3.1415927410125732, 3.1415927410125732, 3.1415927410125732, 3.1415927410125732, 3.1415927410125732, 3.1415927410125732, 3.1415927410125732, 3.1415927410125732, 3.1415927410125732, 3.1415927410125732, 3.1415927410125732, 3.1415927410125732, 3.1415927410125732, 3.1415927410125732, 3.1415927410125732, 3.1415927410125732, 3.1415927410125732, 3.1415927410125732, 3.1415927410125732, 3.1415927410125732, 3.1415927410125732, 3.1415927410125732, 3.1415927410125732, 3.1415927410125732, 3.1415927410125732, 3.1415927410125732, 3.1415927410125732, 3.1415927410125732, 3.1415927410125732, 3.1415927410125732, 3.1415927410125732, 3.1415927410125732, 3.1415927410125732, 3.1415927410125732, 3.1415927410125732, 3.1415927410125732, 3.1415927410125732, 3.1415927410125732, 3.1415927410125732, 3.1415927410125732, 3.1415927410125732, 3.1415927410125732, 3.1415927410125732, 3.1415927410125732, 3.1415927410125732, 3.1415927410125732, 3.1415927410125732, 3.1415927410125732, 3.1415927410125732, 3.1415927410125732, 3.1415927410125732, 3.1415927410125732, 3.1415927410125732, 3.1415927410125732, 3.1415927410125732, 3.1415927410125732, 3.1415927410125732, 3.1415927410125732, 3.1415927410125732, 3.1415927410125732, 3.1415927410125732, 3.1415927410125732, 3.1415927410125732, 3.1415927410125732, 3.1415927410125732, 3.1415927410125732, 3.1415927410125732, 3.1415927410125732, 3.1415927410125732, 3.1415927410125732, 3.1415927410125732, 3.1415927410125732, 3.1415927410125732, 3.1415927410125732, 3.1415927410125732, 3.1415927410125732, 3.1415927410125732, 3.1415927410125732, 3.1415927410125732, 3.1415927410125732, 3.1415927410125732, 3.1415927410125732, 3.1415927410125732, 3.1415927410125732, 3.1415927410125732, 3.1415927410125732, 3.1415927410125732, 3.1415927410125732, 3.1415927410125732, 3.1415927410125732, 3.1415927410125732, 3.1415927410125732, 3.1415927410125732, 3.1415927410125732, 3.1415927410125732, 3.1415927410125732, 3.1415927410125732, 3.1415927410125732, 3.1415927410125732, 3.1415927410125732, 3.1415927410125732, 3.1415927410125732, 3.1415927410125732, 3.1415927410125732, 3.1415927410125732, 3.1415927410125732, 3.1415927410125732, 3.1415927410125732, 3.1415927410125732, 3.1415927410125732, 3.1415927410125732, 3.1415927410125732, 3.1415927410125732, 3.1415927410125732, 3.1415927410125732, 3.1415927410125732, 3.1415927410125732, 3.1415927410125732, 3.1415927410125732, 3.1415927410125732, 3.1415927410125732, 3.1415927410125732, 3.1415927410125732, 3.1415927410125732, 3.1415927410125732, 3.1415927410125732, 3.1415927410125732, 3.1415927410125732, 3.1415927410125732, 3.1415927410125732, 3.1415927410125732, 3.1415927410125732, 3.1415927410125732, 3.1415927410125732, 3.1415927410125732, 3.1415927410125732, 3.1415927410125732, 3.1415927410125732, 3.1415927410125732, 3.1415927410125732, 3.1415927410125732, 3.1415927410125732, 3.1415927410125732, 3.1415927410125732, 3.1415927410125732, 3.1415927410125732, 3.1415927410125732, 3.1415927410125732, 3.1415927410125732, 3.1415927410125732, 3.1415927410125732, 3.1415927410125732, 3.1415927410125732, 3.1415927410125732, 3.1415927410125732, 3.1415927410125732, 3.1415927410125732, 3.1415927410125732, 3.1415927410125732, 3.1415927410125732, 3.1415927410125732, 3.1415927410125732, 3.1415927410125732, 3.1415927410125732, 3.1415927410125732, 3.1415927410125732, 3.1415927410125732, 3.1415927410125732, 3.1415927410125732, 3.1415927410125732, 3.1415927410125732, 3.1415927410125732, 3.1415927410125732, 3.1415927410125732, 3.1415927410125732, 3.1415927410125732, 3.1415927410125732, 3.1415927410125732, 3.1415927410125732, 3.1415927410125732, 3.1415927410125732, 3.1415927410125732, 3.1415927410125732, 3.1415927410125732, 3.1415927410125732, 3.1415927410125732, 3.1415927410125732, 3.1415927410125732, 3.1415927410125732, 3.1415927410125732, 3.1415927410125732, 3.1415927410125732, 3.1415927410125732, 3.1415927410125732, 3.1415927410125732, 3.1415927410125732, 3.1415927410125732, 3.1415927410125732, 3.1415927410125732, 3.1415927410125732, 3.1415927410125732, 3.1415927410125732, 3.1415927410125732, 3.1415927410125732, 3.1415927410125732, 3.1415927410125732, 3.1415927410125732, 3.1415927410125732, 3.1415927410125732, 3.1415927410125732, 3.1415927410125732, 3.1415927410125732, 3.1415927410125732, 3.1415927410125732, 3.1415927410125732, 3.1415927410125732, 3.1415927410125732, 3.1415927410125732, 3.1415927410125732, 3.1415927410125732, 3.1415927410125732, 3.1415927410125732, 0.0, 0.0, 0.0, 0.0, 0.0, 0.0, 0.0, 0.0, 0.0, 0.0, 0.0, 0.0, 0.0, 0.0, 0.0, 0.0, 3.1415927410125732, 3.1415927410125732, 3.1415927410125732, 3.1415927410125732, 3.1415927410125732, 3.1415927410125732, 3.1415927410125732, 3.1415927410125732, 3.1415927410125732, 3.1415927410125732, 3.1415927410125732, 3.1415927410125732, 3.1415927410125732, 3.1415927410125732, 3.1415927410125732, 3.1415927410125732, 0.0, 0.0, 0.0, 0.0, 0.0, 0.0, 0.0, 0.0, 0.0, 0.0, 0.0, 0.0, 0.0, 0.0, 0.0, 0.0, 3.1415927410125732, 3.1415927410125732, 3.1415927410125732, 3.1415927410125732, 3.1415927410125732, 3.1415927410125732, 3.1415927410125732, 3.1415927410125732, 3.1415927410125732, 3.1415927410125732, 3.1415927410125732, 3.1415927410125732, 3.1415927410125732, 3.1415927410125732, 3.1415927410125732, 3.1415927410125732, 0.0, 0.0, 0.0, 0.0, 0.0, 0.0, 0.0, 0.0, 0.0, 0.0, 0.0, 0.0, 0.0, 0.0, 0.0, 0.0, 3.1415927410125732, 3.1415927410125732, 3.1415927410125732, 3.1415927410125732, 3.1415927410125732, 3.1415927410125732, 3.1415927410125732, 3.1415927410125732, 3.1415927410125732, 3.1415927410125732, 3.1415927410125732, 3.1415927410125732, 3.1415927410125732, 3.1415927410125732, 3.1415927410125732, 3.1415927410125732, 0.0, 0.0, 0.0, 0.0, 0.0, 0.0, 0.0, 0.0, 0.0, 0.0, 0.0, 0.0, 0.0, 0.0, 0.0, 0.0, 3.1415927410125732, 3.1415927410125732, 3.1415927410125732, 3.1415927410125732, 3.1415927410125732, 3.1415927410125732, 3.1415927410125732, 3.1415927410125732, 3.1415927410125732, 3.1415927410125732, 3.1415927410125732, 3.1415927410125732, 3.1415927410125732, 3.1415927410125732, 3.1415927410125732, 3.1415927410125732, 0.0, 0.0, 0.0, 0.0, 0.0, 0.0, 0.0, 0.0, 0.0, 0.0, 0.0, 0.0, 0.0, 0.0, 0.0, 0.0, 3.1415927410125732, 3.1415927410125732, 3.1415927410125732, 3.1415927410125732, 3.1415927410125732, 3.1415927410125732, 3.1415927410125732, 3.1415927410125732, 3.1415927410125732, 3.1415927410125732, 3.1415927410125732, 3.1415927410125732, 3.1415927410125732, 3.1415927410125732, 3.1415927410125732, 3.1415927410125732, 0.0, 0.0, 0.0, 0.0, 0.0, 0.0, 0.0, 0.0, 0.0, 0.0, 0.0, 0.0, 0.0, 0.0, 0.0, 0.0, 3.1415927410125732, 3.1415927410125732, 3.1415927410125732, 3.1415927410125732, 3.1415927410125732, 3.1415927410125732, 3.1415927410125732, 3.1415927410125732, 3.1415927410125732, 3.1415927410125732, 3.1415927410125732, 3.1415927410125732, 3.1415927410125732, 3.1415927410125732, 3.1415927410125732, 3.1415927410125732, 0.0, 0.0, 0.0, 0.0, 0.0, 0.0, 0.0, 0.0, 0.0, 0.0, 0.0, 0.0, 0.0, 0.0, 0.0, 0.0, 3.1415927410125732, 3.1415927410125732, 3.1415927410125732, 3.1415927410125732, 3.1415927410125732, 3.1415927410125732, 3.1415927410125732, 3.1415927410125732, 3.1415927410125732, 3.1415927410125732, 3.1415927410125732, 3.1415927410125732, 3.1415927410125732, 3.1415927410125732, 3.1415927410125732, 3.1415927410125732, 0.0, 0.0, 0.0, 0.0, 0.0, 0.0, 0.0, 0.0, 0.0, 0.0, 0.0, 0.0, 0.0, 0.0, 0.0, 0.0, 3.1415927410125732, 3.1415927410125732, 3.1415927410125732, 3.1415927410125732, 3.1415927410125732, 3.1415927410125732, 3.1415927410125732, 3.1415927410125732, 3.1415927410125732, 3.1415927410125732, 3.1415927410125732, 3.1415927410125732, 3.1415927410125732, 3.1415927410125732, 3.1415927410125732, 3.1415927410125732, 0.0, 0.0, 0.0, 0.0, 0.0, 0.0, 0.0, 0.0, 0.0, 0.0, 0.0, 0.0, 0.0, 0.0, 0.0, 0.0, 0.0, 0.0, 0.0, 0.0, 0.0, 0.0, 0.0, 0.0, 0.0, 0.0, 0.0, 0.0, 0.0, 0.0, 0.0, 0.0, 0.0, 0.0, 0.0, 0.0, 0.0, 0.0, 0.0, 0.0, 0.0, 0.0, 0.0, 0.0, 0.0, 0.0, 0.0, 0.0, 0.0, 0.0, 0.0, 0.0, 0.0, 0.0, 0.0, 0.0, 0.0, 0.0, 0.0, 0.0, 0.0, 0.0, 0.0, 0.0, 0.0, 0.0, 0.0, 0.0, 0.0, 0.0, 0.0, 0.0, 0.0, 0.0, 0.0, 0.0, 0.0, 0.0, 0.0, 0.0, 0.0, 0.0, 0.0, 0.0, 0.0, 0.0, 0.0, 0.0, 0.0, 0.0, 0.0, 0.0, 0.0, 0.0, 0.0, 0.0, 0.0, 0.0, 0.0, 0.0, 0.0, 0.0, 0.0, 0.0, 0.0, 0.0, 0.0, 0.0, 0.0, 0.0, 0.0, 0.0, 0.0, 0.0, 0.0, 0.0, 0.0, 0.0, 0.0, 0.0, 0.0, 0.0, 0.0, 0.0, 0.0, 0.0, 0.0, 0.0, 0.0, 0.0, 0.0, 0.0, 0.0, 0.0, 0.0, 0.0, 0.0, 0.0, 0.0, 0.0, 0.0, 0.0, 0.0, 0.0, 0.0, 0.0, 0.0, 0.0, 0.0, 0.0, 0.0, 0.0, 0.0, 0.0, 0.0, 0.0, 0.0, 0.0, 0.0, 0.0, 0.0, 0.0, 0.0, 0.0, 0.0, 0.0, 0.0, 0.0, 0.0, 0.0, 0.0, 0.0, 0.0, 0.0, 0.0, 0.0, 0.0, 0.0, 0.0, 0.0, 0.0, 0.0, 0.0, 0.0, 0.0, 0.0, 0.0, 0.0, 0.0, 0.0, 0.0, 0.0, 0.0, 0.0, 0.0, 0.0, 0.0, 0.0, 0.0, 0.0, 0.0, 0.0, 0.0, 0.0, 0.0, 0.0, 0.0, 0.0, 0.0, 0.0, 0.0, 0.0, 0.0, 0.0, 0.0, 0.0, 0.0, 0.0, 0.0, 0.0, 0.0, 0.0, 0.0, 0.0, 0.0, 0.0, 0.0, 0.0, 0.0, 0.0, 0.0, 0.0, 0.0, 0.0, 0.0, 0.0, 0.0, 0.0, 0.0, 0.0, 0.0, 0.0, 0.0, 0.0, 0.0, 0.0, 0.0, 0.0, 0.0, 0.0, 0.0, 0.0, 0.0, 0.0, 0.0, 0.0, 0.0, 0.0, 0.0, 0.0, 0.0, 0.0, 0.0, 0.0, 3.1415927410125732, 3.1415927410125732, 3.1415927410125732, 3.1415927410125732, 3.1415927410125732, 3.1415927410125732, 3.1415927410125732, 3.1415927410125732, 0.0, 0.0, 0.0, 0.0, 0.0, 0.0, 0.0, 0.0, 0.0, 0.0, 0.0, 0.0, 0.0, 0.0, 0.0, 0.0, 0.0, 0.0, 0.0, 0.0, 0.0, 0.0, 0.0, 0.0, 3.1415927410125732, 3.1415927410125732, 3.1415927410125732, 3.1415927410125732, 3.1415927410125732, 3.1415927410125732, 3.1415927410125732, 3.1415927410125732, 0.0, 0.0, 0.0, 0.0, 0.0, 0.0, 0.0, 0.0, 0.0, 0.0, 0.0, 0.0, 0.0, 0.0, 0.0, 0.0, 0.0, 0.0, 0.0, 0.0, 0.0, 0.0, 0.0, 0.0, 3.1415927410125732, 3.1415927410125732, 3.1415927410125732, 3.1415927410125732, 3.1415927410125732, 3.1415927410125732, 3.1415927410125732, 3.1415927410125732, 0.0, 0.0, 0.0, 0.0, 0.0, 0.0, 0.0, 0.0, 0.0, 0.0, 0.0, 0.0, 0.0, 0.0, 0.0, 0.0, 0.0, 0.0, 0.0, 0.0, 0.0, 0.0, 0.0, 0.0, 3.1415927410125732, 3.1415927410125732, 3.1415927410125732, 3.1415927410125732, 3.1415927410125732, 3.1415927410125732, 3.1415927410125732, 3.1415927410125732, 0.0, 0.0, 0.0, 0.0, 0.0, 0.0, 0.0, 0.0, 0.0, 0.0, 0.0, 0.0, 0.0, 0.0, 0.0, 0.0, 0.0, 0.0, 0.0, 0.0, 0.0, 0.0, 0.0, 0.0, 3.1415927410125732, 3.1415927410125732, 3.1415927410125732, 3.1415927410125732, 3.1415927410125732, 3.1415927410125732, 3.1415927410125732, 3.1415927410125732, 0.0, 0.0, 0.0, 0.0, 0.0, 0.0, 0.0, 0.0, 0.0, 0.0, 0.0, 0.0, 0.0, 0.0, 0.0, 0.0, 0.0, 0.0, 0.0, 0.0, 0.0, 0.0, 0.0, 0.0, 3.1415927410125732, 3.1415927410125732, 3.1415927410125732, 3.1415927410125732, 3.1415927410125732, 3.1415927410125732, 3.1415927410125732, 3.1415927410125732, 0.0, 0.0, 0.0, 0.0, 0.0, 0.0, 0.0, 0.0, 0.0, 0.0, 0.0, 0.0, 0.0, 0.0, 0.0, 0.0, 0.0, 0.0, 0.0, 0.0, 0.0, 0.0, 0.0, 0.0, 3.1415927410125732, 3.1415927410125732, 3.1415927410125732, 3.1415927410125732, 3.1415927410125732, 3.1415927410125732, 3.1415927410125732, 3.1415927410125732, 0.0, 0.0, 0.0, 0.0, 0.0, 0.0, 0.0, 0.0, 0.0, 0.0, 0.0, 0.0, 0.0, 0.0, 0.0, 0.0, 0.0, 0.0, 0.0, 0.0, 0.0, 0.0, 0.0, 0.0, 3.1415927410125732, 3.1415927410125732, 3.1415927410125732, 3.1415927410125732, 3.1415927410125732, 3.1415927410125732, 3.1415927410125732, 3.1415927410125732, 0.0, 0.0, 0.0, 0.0, 0.0, 0.0, 0.0, 0.0, 0.0, 0.0, 0.0, 0.0, 0.0, 0.0, 0.0, 0.0]"
0.6088365,0.15223686,0.15219523,0.15220979,0.15219462,0.15220913,-9.53539467,-9.53664207,-9.53620815,-9.53666496,"[3.1415927410125732, 3.1415927410125732, 3.1415927410125732, 3.1415927410125732, 3.1415927410125732, 3.1415927410125732, 3.1415927410125732, 3.1415927410125732, 3.1415927410125732, 3.1415927410125732, 3.1415927410125732, 3.1415927410125732, 3.1415927410125732, 3.1415927410125732, 3.1415927410125732, 3.1415927410125732, 3.1415927410125732, 3.1415927410125732, 3.1415927410125732, 3.1415927410125732, 3.1415927410125732, 3.1415927410125732, 3.1415927410125732, 3.1415927410125732, 3.1415927410125732, 3.1415927410125732, 3.1415927410125732, 3.1415927410125732, 3.1415927410125732, 3.1415927410125732, 3.1415927410125732, 3.1415927410125732, 3.1415927410125732, 3.1415927410125732, 3.1415927410125732, 3.1415927410125732, 3.1415927410125732, 3.1415927410125732, 3.1415927410125732, 3.1415927410125732, 3.1415927410125732, 3.1415927410125732, 3.1415927410125732, 3.1415927410125732, 3.1415927410125732, 3.1415927410125732, 3.1415927410125732, 3.1415927410125732, 3.1415927410125732, 3.1415927410125732, 3.1415927410125732, 3.1415927410125732, 3.1415927410125732, 3.1415927410125732, 3.1415927410125732, 3.1415927410125732, 3.1415927410125732, 3.1415927410125732, 3.1415927410125732, 3.1415927410125732, 3.1415927410125732, 3.1415927410125732, 3.1415927410125732, 3.1415927410125732, 3.1415927410125732, 3.1415927410125732, 3.1415927410125732, 3.1415927410125732, 3.1415927410125732, 3.1415927410125732, 3.1415927410125732, 3.1415927410125732, 3.1415927410125732, 3.1415927410125732, 3.1415927410125732, 3.1415927410125732, 3.1415927410125732, 3.1415927410125732, 3.1415927410125732, 3.1415927410125732, 3.1415927410125732, 3.1415927410125732, 3.1415927410125732, 3.1415927410125732, 3.1415927410125732, 3.1415927410125732, 3.1415927410125732, 3.1415927410125732, 3.1415927410125732, 3.1415927410125732, 3.1415927410125732, 3.1415927410125732, 3.1415927410125732, 3.1415927410125732, 3.1415927410125732, 3.1415927410125732, 3.1415927410125732, 3.1415927410125732, 3.1415927410125732, 3.1415927410125732, 3.1415927410125732, 3.1415927410125732, 3.1415927410125732, 3.1415927410125732, 3.1415927410125732, 3.1415927410125732, 3.1415927410125732, 3.1415927410125732, 3.1415927410125732, 3.1415927410125732, 3.1415927410125732, 3.1415927410125732, 3.1415927410125732, 3.1415927410125732, 3.1415927410125732, 3.1415927410125732, 3.1415927410125732, 3.1415927410125732, 3.1415927410125732, 3.1415927410125732, 3.1415927410125732, 3.1415927410125732, 3.1415927410125732, 3.1415927410125732, 3.1415927410125732, 3.1415927410125732, 3.1415927410125732, 3.1415927410125732, 3.1415927410125732, 3.1415927410125732, 3.1415927410125732, 3.1415927410125732, 3.1415927410125732, 3.1415927410125732, 3.1415927410125732, 3.1415927410125732, 3.1415927410125732, 3.1415927410125732, 3.1415927410125732, 3.1415927410125732, 3.1415927410125732, 3.1415927410125732, 3.1415927410125732, 3.1415927410125732, 3.1415927410125732, 3.1415927410125732, 3.1415927410125732, 3.1415927410125732, 3.1415927410125732, 3.1415927410125732, 3.1415927410125732, 3.1415927410125732, 3.1415927410125732, 3.1415927410125732, 3.1415927410125732, 3.1415927410125732, 3.1415927410125732, 3.1415927410125732, 3.1415927410125732, 3.1415927410125732, 3.1415927410125732, 3.1415927410125732, 3.1415927410125732, 3.1415927410125732, 3.1415927410125732, 3.1415927410125732, 3.1415927410125732, 3.1415927410125732, 3.1415927410125732, 3.1415927410125732, 3.1415927410125732, 3.1415927410125732, 3.1415927410125732, 3.1415927410125732, 3.1415927410125732, 3.1415927410125732, 3.1415927410125732, 3.1415927410125732, 3.1415927410125732, 3.1415927410125732, 3.1415927410125732, 3.1415927410125732, 3.1415927410125732, 3.1415927410125732, 3.1415927410125732, 3.1415927410125732, 3.1415927410125732, 3.1415927410125732, 3.1415927410125732, 3.1415927410125732, 3.1415927410125732, 3.1415927410125732, 3.1415927410125732, 3.1415927410125732, 3.1415927410125732, 3.1415927410125732, 3.1415927410125732, 3.1415927410125732, 3.1415927410125732, 3.1415927410125732, 3.1415927410125732, 3.1415927410125732, 3.1415927410125732, 3.1415927410125732, 3.1415927410125732, 3.1415927410125732, 3.1415927410125732, 3.1415927410125732, 3.1415927410125732, 3.1415927410125732, 3.1415927410125732, 3.1415927410125732, 3.1415927410125732, 3.1415927410125732, 3.1415927410125732, 3.1415927410125732, 3.1415927410125732, 3.1415927410125732, 3.1415927410125732, 3.1415927410125732, 3.1415927410125732, 3.1415927410125732, 3.1415927410125732, 3.1415927410125732, 3.1415927410125732, 3.1415927410125732, 3.1415927410125732, 3.1415927410125732, 3.1415927410125732, 3.1415927410125732, 3.1415927410125732, 3.1415927410125732, 3.1415927410125732, 3.1415927410125732, 3.1415927410125732, 3.1415927410125732, 3.1415927410125732, 3.1415927410125732, 3.1415927410125732, 3.1415927410125732, 3.1415927410125732, 3.1415927410125732, 3.1415927410125732, 3.1415927410125732, 3.1415927410125732, 3.1415927410125732, 3.1415927410125732, 3.1415927410125732, 3.1415927410125732, 3.1415927410125732, 3.1415927410125732, 3.1415927410125732, 3.1415927410125732, 3.1415927410125732, 3.1415927410125732, 3.1415927410125732, 0.0, 0.0, 0.0, 0.0, 0.0, 0.0, 0.0, 0.0, 0.0, 0.0, 0.0, 0.0, 0.0, 0.0, 0.0, 0.0, 3.1415927410125732, 3.1415927410125732, 3.1415927410125732, 3.1415927410125732, 3.1415927410125732, 3.1415927410125732, 3.1415927410125732, 3.1415927410125732, 3.1415927410125732, 3.1415927410125732, 3.1415927410125732, 3.1415927410125732, 3.1415927410125732, 3.1415927410125732, 3.1415927410125732, 3.1415927410125732, 0.0, 0.0, 0.0, 0.0, 0.0, 0.0, 0.0, 0.0, 0.0, 0.0, 0.0, 0.0, 0.0, 0.0, 0.0, 0.0, 3.1415927410125732, 3.1415927410125732, 3.1415927410125732, 3.1415927410125732, 3.1415927410125732, 3.1415927410125732, 3.1415927410125732, 3.1415927410125732, 3.1415927410125732, 3.1415927410125732, 3.1415927410125732, 3.1415927410125732, 3.1415927410125732, 3.1415927410125732, 3.1415927410125732, 3.1415927410125732, 0.0, 0.0, 0.0, 0.0, 0.0, 0.0, 0.0, 0.0, 0.0, 0.0, 0.0, 0.0, 0.0, 0.0, 0.0, 0.0, 3.1415927410125732, 3.1415927410125732, 3.1415927410125732, 3.1415927410125732, 3.1415927410125732, 3.1415927410125732, 3.1415927410125732, 3.1415927410125732, 3.1415927410125732, 3.1415927410125732, 3.1415927410125732, 3.1415927410125732, 3.1415927410125732, 3.1415927410125732, 3.1415927410125732, 3.1415927410125732, 0.0, 0.0, 0.0, 0.0, 0.0, 0.0, 0.0, 0.0, 0.0, 0.0, 0.0, 0.0, 0.0, 0.0, 0.0, 0.0, 3.1415927410125732, 3.1415927410125732, 3.1415927410125732, 3.1415927410125732, 3.1415927410125732, 3.1415927410125732, 3.1415927410125732, 3.1415927410125732, 3.1415927410125732, 3.1415927410125732, 3.1415927410125732, 3.1415927410125732, 3.1415927410125732, 3.1415927410125732, 3.1415927410125732, 3.1415927410125732, 0.0, 0.0, 0.0, 0.0, 0.0, 0.0, 0.0, 0.0, 0.0, 0.0, 0.0, 0.0, 0.0, 0.0, 0.0, 0.0, 3.1415927410125732, 3.1415927410125732, 3.1415927410125732, 3.1415927410125732, 3.1415927410125732, 3.1415927410125732, 3.1415927410125732, 3.1415927410125732, 3.1415927410125732, 3.1415927410125732, 3.1415927410125732, 3.1415927410125732, 3.1415927410125732, 3.1415927410125732, 3.1415927410125732, 3.1415927410125732, 0.0, 0.0, 0.0, 0.0, 0.0, 0.0, 0.0, 0.0, 0.0, 0.0, 0.0, 0.0, 0.0, 0.0, 0.0, 0.0, 3.1415927410125732, 3.1415927410125732, 3.1415927410125732, 3.1415927410125732, 3.1415927410125732, 3.1415927410125732, 3.1415927410125732, 3.1415927410125732, 3.1415927410125732, 3.1415927410125732, 3.1415927410125732, 3.1415927410125732, 3.1415927410125732, 3.1415927410125732, 3.1415927410125732, 3.1415927410125732, 0.0, 0.0, 0.0, 0.0, 0.0, 0.0, 0.0, 0.0, 0.0, 0.0, 0.0, 0.0, 0.0, 0.0, 0.0, 0.0, 3.1415927410125732, 3.1415927410125732, 3.1415927410125732, 3.1415927410125732, 3.1415927410125732, 3.1415927410125732, 3.1415927410125732, 3.1415927410125732, 3.1415927410125732, 3.1415927410125732, 3.1415927410125732, 3.1415927410125732, 3.1415927410125732, 3.1415927410125732, 3.1415927410125732, 3.1415927410125732, 0.0, 0.0, 0.0, 0.0, 0.0, 0.0, 0.0, 0.0, 0.0, 0.0, 0.0, 0.0, 0.0, 0.0, 0.0, 0.0, 3.1415927410125732, 3.1415927410125732, 3.1415927410125732, 3.1415927410125732, 3.1415927410125732, 3.1415927410125732, 3.1415927410125732, 3.1415927410125732, 3.1415927410125732, 3.1415927410125732, 3.1415927410125732, 3.1415927410125732, 3.1415927410125732, 3.1415927410125732, 3.1415927410125732, 3.1415927410125732, 0.0, 0.0, 0.0, 0.0, 0.0, 0.0, 0.0, 0.0, 0.0, 0.0, 0.0, 0.0, 0.0, 0.0, 0.0, 0.0, 0.0, 0.0, 0.0, 0.0, 0.0, 0.0, 0.0, 0.0, 0.0, 0.0, 0.0, 0.0, 0.0, 0.0, 0.0, 0.0, 0.0, 0.0, 0.0, 0.0, 0.0, 0.0, 0.0, 0.0, 0.0, 0.0, 0.0, 0.0, 0.0, 0.0, 0.0, 0.0, 0.0, 0.0, 0.0, 0.0, 0.0, 0.0, 0.0, 0.0, 0.0, 0.0, 0.0, 0.0, 0.0, 0.0, 0.0, 0.0, 0.0, 0.0, 0.0, 0.0, 0.0, 0.0, 0.0, 0.0, 0.0, 0.0, 0.0, 0.0, 0.0, 0.0, 0.0, 0.0, 0.0, 0.0, 0.0, 0.0, 0.0, 0.0, 0.0, 0.0, 0.0, 0.0, 0.0, 0.0, 0.0, 0.0, 0.0, 0.0, 0.0, 0.0, 0.0, 0.0, 0.0, 0.0, 0.0, 0.0, 0.0, 0.0, 0.0, 0.0, 0.0, 0.0, 0.0, 0.0, 0.0, 0.0, 0.0, 0.0, 0.0, 0.0, 0.0, 0.0, 0.0, 0.0, 0.0, 0.0, 0.0, 0.0, 0.0, 0.0, 0.0, 0.0, 0.0, 0.0, 0.0, 0.0, 0.0, 0.0, 0.0, 0.0, 0.0, 0.0, 0.0, 0.0, 0.0, 0.0, 0.0, 0.0, 0.0, 0.0, 0.0, 0.0, 0.0, 0.0, 0.0, 0.0, 0.0, 0.0, 0.0, 0.0, 0.0, 0.0, 0.0, 0.0, 0.0, 0.0, 0.0, 0.0, 0.0, 0.0, 0.0, 0.0, 0.0, 0.0, 0.0, 0.0, 0.0, 0.0, 0.0, 0.0, 0.0, 0.0, 0.0, 0.0, 0.0, 0.0, 0.0, 0.0, 0.0, 0.0, 0.0, 0.0, 0.0, 0.0, 0.0, 0.0, 0.0, 0.0, 0.0, 0.0, 0.0, 0.0, 0.0, 0.0, 0.0, 0.0, 0.0, 0.0, 0.0, 0.0, 0.0, 0.0, 0.0, 0.0, 0.0, 0.0, 0.0, 0.0, 0.0, 0.0, 0.0, 0.0, 0.0, 0.0, 0.0, 0.0, 0.0, 0.0, 0.0, 0.0, 0.0, 0.0, 0.0, 0.0, 0.0, 0.0, 0.0, 0.0, 0.0, 0.0, 0.0, 0.0, 0.0, 0.0, 0.0, 0.0, 0.0, 0.0, 0.0, 0.0, 0.0, 0.0, 0.0, 0.0, 0.0, 0.0, 0.0, 0.0, 0.0, 0.0, 0.0, 0.0, 0.0, 0.0, 0.0, 0.0, 3.1415927410125732, 3.1415927410125732, 3.1415927410125732, 3.1415927410125732, 3.1415927410125732, 3.1415927410125732, 3.1415927410125732, 3.1415927410125732, 0.0, 0.0, 0.0, 0.0, 0.0, 0.0, 0.0, 0.0, 0.0, 0.0, 0.0, 0.0, 0.0, 0.0, 0.0, 0.0, 0.0, 0.0, 0.0, 0.0, 0.0, 0.0, 0.0, 0.0, 3.1415927410125732, 3.1415927410125732, 3.1415927410125732, 3.1415927410125732, 3.1415927410125732, 3.1415927410125732, 3.1415927410125732, 3.1415927410125732, 0.0, 0.0, 0.0, 0.0, 0.0, 0.0, 0.0, 0.0, 0.0, 0.0, 0.0, 0.0, 0.0, 0.0, 0.0, 0.0, 0.0, 0.0, 0.0, 0.0, 0.0, 0.0, 0.0, 0.0, 3.1415927410125732, 3.1415927410125732, 3.1415927410125732, 3.1415927410125732, 3.1415927410125732, 3.1415927410125732, 3.1415927410125732, 3.1415927410125732, 0.0, 0.0, 0.0, 0.0, 0.0, 0.0, 0.0, 0.0, 0.0, 0.0, 0.0, 0.0, 0.0, 0.0, 0.0, 0.0, 0.0, 0.0, 0.0, 0.0, 0.0, 0.0, 0.0, 0.0, 3.1415927410125732, 3.1415927410125732, 3.1415927410125732, 3.1415927410125732, 3.1415927410125732, 3.1415927410125732, 3.1415927410125732, 3.1415927410125732, 0.0, 0.0, 0.0, 0.0, 0.0, 0.0, 0.0, 0.0, 0.0, 0.0, 0.0, 0.0, 0.0, 0.0, 0.0, 0.0, 0.0, 0.0, 0.0, 0.0, 0.0, 0.0, 0.0, 0.0, 3.1415927410125732, 3.1415927410125732, 3.1415927410125732, 3.1415927410125732, 3.1415927410125732, 3.1415927410125732, 3.1415927410125732, 3.1415927410125732, 0.0, 0.0, 0.0, 0.0, 0.0, 0.0, 0.0, 0.0, 0.0, 0.0, 0.0, 0.0, 0.0, 0.0, 0.0, 0.0, 0.0, 0.0, 0.0, 0.0, 0.0, 0.0, 0.0, 0.0, 3.1415927410125732, 3.1415927410125732, 3.1415927410125732, 3.1415927410125732, 3.1415927410125732, 3.1415927410125732, 3.1415927410125732, 3.1415927410125732, 0.0, 0.0, 0.0, 0.0, 0.0, 0.0, 0.0, 0.0, 0.0, 0.0, 0.0, 0.0, 0.0, 0.0, 0.0, 0.0, 0.0, 0.0, 0.0, 0.0, 0.0, 0.0, 0.0, 0.0, 3.1415927410125732, 3.1415927410125732, 3.1415927410125732, 3.1415927410125732, 3.1415927410125732, 3.1415927410125732, 3.1415927410125732, 3.1415927410125732, 0.0, 0.0, 0.0, 0.0, 0.0, 0.0, 0.0, 0.0, 0.0, 0.0, 0.0, 0.0, 0.0, 0.0, 0.0, 0.0, 0.0, 0.0, 0.0, 0.0, 0.0, 0.0, 0.0, 0.0, 3.1415927410125732, 3.1415927410125732, 3.1415927410125732, 3.1415927410125732, 3.1415927410125732, 3.1415927410125732, 3.1415927410125732, 3.1415927410125732, 0.0, 0.0, 0.0, 0.0, 0.0, 0.0, 0.0, 0.0, 0.0, 0.0, 0.0, 0.0, 0.0, 0.0, 0.0, 0.0]"
0.6088365,0.15223686,0.15219523,0.15220979,0.15219462,0.15220913,-9.53539467,-9.53664207,-9.53620815,-9.53666496,"[3.1415927410125732, 3.1415927410125732, 3.1415927410125732, 3.1415927410125732, 3.1415927410125732, 3.1415927410125732, 3.1415927410125732, 3.1415927410125732, 3.1415927410125732, 3.1415927410125732, 3.1415927410125732, 3.1415927410125732, 3.1415927410125732, 3.1415927410125732, 3.1415927410125732, 3.1415927410125732, 3.1415927410125732, 3.1415927410125732, 3.1415927410125732, 3.1415927410125732, 3.1415927410125732, 3.1415927410125732, 3.1415927410125732, 3.1415927410125732, 3.1415927410125732, 3.1415927410125732, 3.1415927410125732, 3.1415927410125732, 3.1415927410125732, 3.1415927410125732, 3.1415927410125732, 3.1415927410125732, 3.1415927410125732, 3.1415927410125732, 3.1415927410125732, 3.1415927410125732, 3.1415927410125732, 3.1415927410125732, 3.1415927410125732, 3.1415927410125732, 3.1415927410125732, 3.1415927410125732, 3.1415927410125732, 3.1415927410125732, 3.1415927410125732, 3.1415927410125732, 3.1415927410125732, 3.1415927410125732, 3.1415927410125732, 3.1415927410125732, 3.1415927410125732, 3.1415927410125732, 3.1415927410125732, 3.1415927410125732, 3.1415927410125732, 3.1415927410125732, 3.1415927410125732, 3.1415927410125732, 3.1415927410125732, 3.1415927410125732, 3.1415927410125732, 3.1415927410125732, 3.1415927410125732, 3.1415927410125732, 3.1415927410125732, 3.1415927410125732, 3.1415927410125732, 3.1415927410125732, 3.1415927410125732, 3.1415927410125732, 3.1415927410125732, 3.1415927410125732, 3.1415927410125732, 3.1415927410125732, 3.1415927410125732, 3.1415927410125732, 3.1415927410125732, 3.1415927410125732, 3.1415927410125732, 3.1415927410125732, 3.1415927410125732, 3.1415927410125732, 3.1415927410125732, 3.1415927410125732, 3.1415927410125732, 3.1415927410125732, 3.1415927410125732, 3.1415927410125732, 3.1415927410125732, 3.1415927410125732, 3.1415927410125732, 3.1415927410125732, 3.1415927410125732, 3.1415927410125732, 3.1415927410125732, 3.1415927410125732, 3.1415927410125732, 3.1415927410125732, 3.1415927410125732, 3.1415927410125732, 3.1415927410125732, 3.1415927410125732, 3.1415927410125732, 3.1415927410125732, 3.1415927410125732, 3.1415927410125732, 3.1415927410125732, 3.1415927410125732, 3.1415927410125732, 3.1415927410125732, 3.1415927410125732, 3.1415927410125732, 3.1415927410125732, 3.1415927410125732, 3.1415927410125732, 3.1415927410125732, 3.1415927410125732, 3.1415927410125732, 3.1415927410125732, 3.1415927410125732, 3.1415927410125732, 3.1415927410125732, 3.1415927410125732, 3.1415927410125732, 3.1415927410125732, 3.1415927410125732, 3.1415927410125732, 3.1415927410125732, 3.1415927410125732, 3.1415927410125732, 3.1415927410125732, 3.1415927410125732, 3.1415927410125732, 3.1415927410125732, 3.1415927410125732, 3.1415927410125732, 3.1415927410125732, 3.1415927410125732, 3.1415927410125732, 3.1415927410125732, 3.1415927410125732, 3.1415927410125732, 3.1415927410125732, 3.1415927410125732, 3.1415927410125732, 3.1415927410125732, 3.1415927410125732, 3.1415927410125732, 3.1415927410125732, 3.1415927410125732, 3.1415927410125732, 3.1415927410125732, 3.1415927410125732, 3.1415927410125732, 3.1415927410125732, 3.1415927410125732, 3.1415927410125732, 3.1415927410125732, 3.1415927410125732, 3.1415927410125732, 3.1415927410125732, 3.1415927410125732, 3.1415927410125732, 3.1415927410125732, 3.1415927410125732, 3.1415927410125732, 3.1415927410125732, 3.1415927410125732, 3.1415927410125732, 3.1415927410125732, 3.1415927410125732, 3.1415927410125732, 3.1415927410125732, 3.1415927410125732, 3.1415927410125732, 3.1415927410125732, 3.1415927410125732, 3.1415927410125732, 3.1415927410125732, 3.1415927410125732, 3.1415927410125732, 3.1415927410125732, 3.1415927410125732, 3.1415927410125732, 3.1415927410125732, 3.1415927410125732, 3.1415927410125732, 3.1415927410125732, 3.1415927410125732, 3.1415927410125732, 3.1415927410125732, 3.1415927410125732, 3.1415927410125732, 3.1415927410125732, 3.1415927410125732, 3.1415927410125732, 3.1415927410125732, 3.1415927410125732, 3.1415927410125732, 3.1415927410125732, 3.1415927410125732, 3.1415927410125732, 3.1415927410125732, 3.1415927410125732, 3.1415927410125732, 3.1415927410125732, 3.1415927410125732, 3.1415927410125732, 3.1415927410125732, 3.1415927410125732, 3.1415927410125732, 3.1415927410125732, 3.1415927410125732, 3.1415927410125732, 3.1415927410125732, 3.1415927410125732, 3.1415927410125732, 3.1415927410125732, 3.1415927410125732, 3.1415927410125732, 3.1415927410125732, 3.1415927410125732, 3.1415927410125732, 3.1415927410125732, 3.1415927410125732, 3.1415927410125732, 3.1415927410125732, 3.1415927410125732, 3.1415927410125732, 3.1415927410125732, 3.1415927410125732, 3.1415927410125732, 3.1415927410125732, 3.1415927410125732, 3.1415927410125732, 3.1415927410125732, 3.1415927410125732, 3.1415927410125732, 3.1415927410125732, 3.1415927410125732, 3.1415927410125732, 3.1415927410125732, 3.1415927410125732, 3.1415927410125732, 3.1415927410125732, 3.1415927410125732, 3.1415927410125732, 3.1415927410125732, 3.1415927410125732, 3.1415927410125732, 3.1415927410125732, 3.1415927410125732, 3.1415927410125732, 3.1415927410125732, 3.1415927410125732, 3.1415927410125732, 0.0, 0.0, 0.0, 0.0, 0.0, 0.0, 0.0, 0.0, 0.0, 0.0, 0.0, 0.0, 0.0, 0.0, 0.0, 0.0, 3.1415927410125732, 3.1415927410125732, 3.1415927410125732, 3.1415927410125732, 3.1415927410125732, 3.1415927410125732, 3.1415927410125732, 3.1415927410125732, 3.1415927410125732, 3.1415927410125732, 3.1415927410125732, 3.1415927410125732, 3.1415927410125732, 3.1415927410125732, 3.1415927410125732, 3.1415927410125732, 0.0, 0.0, 0.0, 0.0, 0.0, 0.0, 0.0, 0.0, 0.0, 0.0, 0.0, 0.0, 0.0, 0.0, 0.0, 0.0, 3.1415927410125732, 3.1415927410125732, 3.1415927410125732, 3.1415927410125732, 3.1415927410125732, 3.1415927410125732, 3.1415927410125732, 3.1415927410125732, 3.1415927410125732, 3.1415927410125732, 3.1415927410125732, 3.1415927410125732, 3.1415927410125732, 3.1415927410125732, 3.1415927410125732, 3.1415927410125732, 0.0, 0.0, 0.0, 0.0, 0.0, 0.0, 0.0, 0.0, 0.0, 0.0, 0.0, 0.0, 0.0, 0.0, 0.0, 0.0, 3.1415927410125732, 3.1415927410125732, 3.1415927410125732, 3.1415927410125732, 3.1415927410125732, 3.1415927410125732, 3.1415927410125732, 3.1415927410125732, 3.1415927410125732, 3.1415927410125732, 3.1415927410125732, 3.1415927410125732, 3.1415927410125732, 3.1415927410125732, 3.1415927410125732, 3.1415927410125732, 0.0, 0.0, 0.0, 0.0, 0.0, 0.0, 0.0, 0.0, 0.0, 0.0, 0.0, 0.0, 0.0, 0.0, 0.0, 0.0, 3.1415927410125732, 3.1415927410125732, 3.1415927410125732, 3.1415927410125732, 3.1415927410125732, 3.1415927410125732, 3.1415927410125732, 3.1415927410125732, 3.1415927410125732, 3.1415927410125732, 3.1415927410125732, 3.1415927410125732, 3.1415927410125732, 3.1415927410125732, 3.1415927410125732, 3.1415927410125732, 0.0, 0.0, 0.0, 0.0, 0.0, 0.0, 0.0, 0.0, 0.0, 0.0, 0.0, 0.0, 0.0, 0.0, 0.0, 0.0, 3.1415927410125732, 3.1415927410125732, 3.1415927410125732, 3.1415927410125732, 3.1415927410125732, 3.1415927410125732, 3.1415927410125732, 3.1415927410125732, 3.1415927410125732, 3.1415927410125732, 3.1415927410125732, 3.1415927410125732, 3.1415927410125732, 3.1415927410125732, 3.1415927410125732, 3.1415927410125732, 0.0, 0.0, 0.0, 0.0, 0.0, 0.0, 0.0, 0.0, 0.0, 0.0, 0.0, 0.0, 0.0, 0.0, 0.0, 0.0, 3.1415927410125732, 3.1415927410125732, 3.1415927410125732, 3.1415927410125732, 3.1415927410125732, 3.1415927410125732, 3.1415927410125732, 3.1415927410125732, 3.1415927410125732, 3.1415927410125732, 3.1415927410125732, 3.1415927410125732, 3.1415927410125732, 3.1415927410125732, 3.1415927410125732, 3.1415927410125732, 0.0, 0.0, 0.0, 0.0, 0.0, 0.0, 0.0, 0.0, 0.0, 0.0, 0.0, 0.0, 0.0, 0.0, 0.0, 0.0, 3.1415927410125732, 3.1415927410125732, 3.1415927410125732, 3.1415927410125732, 3.1415927410125732, 3.1415927410125732, 3.1415927410125732, 3.1415927410125732, 3.1415927410125732, 3.1415927410125732, 3.1415927410125732, 3.1415927410125732, 3.1415927410125732, 3.1415927410125732, 3.1415927410125732, 3.1415927410125732, 0.0, 0.0, 0.0, 0.0, 0.0, 0.0, 0.0, 0.0, 0.0, 0.0, 0.0, 0.0, 0.0, 0.0, 0.0, 0.0, 3.1415927410125732, 3.1415927410125732, 3.1415927410125732, 3.1415927410125732, 3.1415927410125732, 3.1415927410125732, 3.1415927410125732, 3.1415927410125732, 3.1415927410125732, 3.1415927410125732, 3.1415927410125732, 3.1415927410125732, 3.1415927410125732, 3.1415927410125732, 3.1415927410125732, 3.1415927410125732, 0.0, 0.0, 0.0, 0.0, 0.0, 0.0, 0.0, 0.0, 0.0, 0.0, 0.0, 0.0, 0.0, 0.0, 0.0, 0.0, 0.0, 0.0, 0.0, 0.0, 0.0, 0.0, 0.0, 0.0, 0.0, 0.0, 0.0, 0.0, 0.0, 0.0, 0.0, 0.0, 0.0, 0.0, 0.0, 0.0, 0.0, 0.0, 0.0, 0.0, 0.0, 0.0, 0.0, 0.0, 0.0, 0.0, 0.0, 0.0, 0.0, 0.0, 0.0, 0.0, 0.0, 0.0, 0.0, 0.0, 0.0, 0.0, 0.0, 0.0, 0.0, 0.0, 0.0, 0.0, 0.0, 0.0, 0.0, 0.0, 0.0, 0.0, 0.0, 0.0, 0.0, 0.0, 0.0, 0.0, 0.0, 0.0, 0.0, 0.0, 0.0, 0.0, 0.0, 0.0, 0.0, 0.0, 0.0, 0.0, 0.0, 0.0, 0.0, 0.0, 0.0, 0.0, 0.0, 0.0, 0.0, 0.0, 0.0, 0.0, 0.0, 0.0, 0.0, 0.0, 0.0, 0.0, 0.0, 0.0, 0.0, 0.0, 0.0, 0.0, 0.0, 0.0, 0.0, 0.0, 0.0, 0.0, 0.0, 0.0, 0.0, 0.0, 0.0, 0.0, 0.0, 0.0, 0.0, 0.0, 0.0, 0.0, 0.0, 0.0, 0.0, 0.0, 0.0, 0.0, 0.0, 0.0, 0.0, 0.0, 0.0, 0.0, 0.0, 0.0, 0.0, 0.0, 0.0, 0.0, 0.0, 0.0, 0.0, 0.0, 0.0, 0.0, 0.0, 0.0, 0.0, 0.0, 0.0, 0.0, 0.0, 0.0, 0.0, 0.0, 0.0, 0.0, 0.0, 0.0, 0.0, 0.0, 0.0, 0.0, 0.0, 0.0, 0.0, 0.0, 0.0, 0.0, 0.0, 0.0, 0.0, 0.0, 0.0, 0.0, 0.0, 0.0, 0.0, 0.0, 0.0, 0.0, 0.0, 0.0, 0.0, 0.0, 0.0, 0.0, 0.0, 0.0, 0.0, 0.0, 0.0, 0.0, 0.0, 0.0, 0.0, 0.0, 0.0, 0.0, 0.0, 0.0, 0.0, 0.0, 0.0, 0.0, 0.0, 0.0, 0.0, 0.0, 0.0, 0.0, 0.0, 0.0, 0.0, 0.0, 0.0, 0.0, 0.0, 0.0, 0.0, 0.0, 0.0, 0.0, 0.0, 0.0, 0.0, 0.0, 0.0, 0.0, 0.0, 0.0, 0.0, 0.0, 0.0, 0.0, 0.0, 0.0, 0.0, 0.0, 0.0, 0.0, 0.0, 0.0, 0.0, 0.0, 0.0, 0.0, 0.0, 0.0, 0.0, 0.0, 0.0, 0.0, 0.0, 0.0, 3.1415927410125732, 3.1415927410125732, 3.1415927410125732, 3.1415927410125732, 3.1415927410125732, 3.1415927410125732, 3.1415927410125732, 3.1415927410125732, 0.0, 0.0, 0.0, 0.0, 0.0, 0.0, 0.0, 0.0, 0.0, 0.0, 0.0, 0.0, 0.0, 0.0, 0.0, 0.0, 0.0, 0.0, 0.0, 0.0, 0.0, 0.0, 0.0, 0.0, 3.1415927410125732, 3.1415927410125732, 3.1415927410125732, 3.1415927410125732, 3.1415927410125732, 3.1415927410125732, 3.1415927410125732, 3.1415927410125732, 0.0, 0.0, 0.0, 0.0, 0.0, 0.0, 0.0, 0.0, 0.0, 0.0, 0.0, 0.0, 0.0, 0.0, 0.0, 0.0, 0.0, 0.0, 0.0, 0.0, 0.0, 0.0, 0.0, 0.0, 3.1415927410125732, 3.1415927410125732, 3.1415927410125732, 3.1415927410125732, 3.1415927410125732, 3.1415927410125732, 3.1415927410125732, 3.1415927410125732, 0.0, 0.0, 0.0, 0.0, 0.0, 0.0, 0.0, 0.0, 0.0, 0.0, 0.0, 0.0, 0.0, 0.0, 0.0, 0.0, 0.0, 0.0, 0.0, 0.0, 0.0, 0.0, 0.0, 0.0, 3.1415927410125732, 3.1415927410125732, 3.1415927410125732, 3.1415927410125732, 3.1415927410125732, 3.1415927410125732, 3.1415927410125732, 3.1415927410125732, 0.0, 0.0, 0.0, 0.0, 0.0, 0.0, 0.0, 0.0, 0.0, 0.0, 0.0, 0.0, 0.0, 0.0, 0.0, 0.0, 0.0, 0.0, 0.0, 0.0, 0.0, 0.0, 0.0, 0.0, 3.1415927410125732, 3.1415927410125732, 3.1415927410125732, 3.1415927410125732, 3.1415927410125732, 3.1415927410125732, 3.1415927410125732, 3.1415927410125732, 0.0, 0.0, 0.0, 0.0, 0.0, 0.0, 0.0, 0.0, 0.0, 0.0, 0.0, 0.0, 0.0, 0.0, 0.0, 0.0, 0.0, 0.0, 0.0, 0.0, 0.0, 0.0, 0.0, 0.0, 3.1415927410125732, 3.1415927410125732, 3.1415927410125732, 3.1415927410125732, 3.1415927410125732, 3.1415927410125732, 3.1415927410125732, 3.1415927410125732, 0.0, 0.0, 0.0, 0.0, 0.0, 0.0, 0.0, 0.0, 0.0, 0.0, 0.0, 0.0, 0.0, 0.0, 0.0, 0.0, 0.0, 0.0, 0.0, 0.0, 0.0, 0.0, 0.0, 0.0, 3.1415927410125732, 3.1415927410125732, 3.1415927410125732, 3.1415927410125732, 3.1415927410125732, 3.1415927410125732, 3.1415927410125732, 3.1415927410125732, 0.0, 0.0, 0.0, 0.0, 0.0, 0.0, 0.0, 0.0, 0.0, 0.0, 0.0, 0.0, 0.0, 0.0, 0.0, 0.0, 0.0, 0.0, 0.0, 0.0, 0.0, 0.0, 0.0, 0.0, 3.1415927410125732, 3.1415927410125732, 3.1415927410125732, 3.1415927410125732, 3.1415927410125732, 3.1415927410125732, 3.1415927410125732, 3.1415927410125732, 0.0, 0.0, 0.0, 0.0, 0.0, 0.0, 0.0, 0.0, 0.0, 0.0, 0.0, 0.0, 0.0, 0.0, 0.0, 0.0]"
0.6088365,0.15223686,0.15219523,0.15220979,0.15219462,0.15220913,-9.53539467,-9.53664207,-9.53620815,-9.53666496,"[3.1415927410125732, 3.1415927410125732, 3.1415927410125732, 3.1415927410125732, 3.1415927410125732, 3.1415927410125732, 3.1415927410125732, 3.1415927410125732, 3.1415927410125732, 3.1415927410125732, 3.1415927410125732, 3.1415927410125732, 3.1415927410125732, 3.1415927410125732, 3.1415927410125732, 3.1415927410125732, 3.1415927410125732, 3.1415927410125732, 3.1415927410125732, 3.1415927410125732, 3.1415927410125732, 3.1415927410125732, 3.1415927410125732, 3.1415927410125732, 3.1415927410125732, 3.1415927410125732, 3.1415927410125732, 3.1415927410125732, 3.1415927410125732, 3.1415927410125732, 3.1415927410125732, 3.1415927410125732, 3.1415927410125732, 3.1415927410125732, 3.1415927410125732, 3.1415927410125732, 3.1415927410125732, 3.1415927410125732, 3.1415927410125732, 3.1415927410125732, 3.1415927410125732, 3.1415927410125732, 3.1415927410125732, 3.1415927410125732, 3.1415927410125732, 3.1415927410125732, 3.1415927410125732, 3.1415927410125732, 3.1415927410125732, 3.1415927410125732, 3.1415927410125732, 3.1415927410125732, 3.1415927410125732, 3.1415927410125732, 3.1415927410125732, 3.1415927410125732, 3.1415927410125732, 3.1415927410125732, 3.1415927410125732, 3.1415927410125732, 3.1415927410125732, 3.1415927410125732, 3.1415927410125732, 3.1415927410125732, 3.1415927410125732, 3.1415927410125732, 3.1415927410125732, 3.1415927410125732, 3.1415927410125732, 3.1415927410125732, 3.1415927410125732, 3.1415927410125732, 3.1415927410125732, 3.1415927410125732, 3.1415927410125732, 3.1415927410125732, 3.1415927410125732, 3.1415927410125732, 3.1415927410125732, 3.1415927410125732, 3.1415927410125732, 3.1415927410125732, 3.1415927410125732, 3.1415927410125732, 3.1415927410125732, 3.1415927410125732, 3.1415927410125732, 3.1415927410125732, 3.1415927410125732, 3.1415927410125732, 3.1415927410125732, 3.1415927410125732, 3.1415927410125732, 3.1415927410125732, 3.1415927410125732, 3.1415927410125732, 3.1415927410125732, 3.1415927410125732, 3.1415927410125732, 3.1415927410125732, 3.1415927410125732, 3.1415927410125732, 3.1415927410125732, 3.1415927410125732, 3.1415927410125732, 3.1415927410125732, 3.1415927410125732, 3.1415927410125732, 3.1415927410125732, 3.1415927410125732, 3.1415927410125732, 3.1415927410125732, 3.1415927410125732, 3.1415927410125732, 3.1415927410125732, 3.1415927410125732, 3.1415927410125732, 3.1415927410125732, 3.1415927410125732, 3.1415927410125732, 3.1415927410125732, 3.1415927410125732, 3.1415927410125732, 3.1415927410125732, 3.1415927410125732, 3.1415927410125732, 3.1415927410125732, 3.1415927410125732, 3.1415927410125732, 3.1415927410125732, 3.1415927410125732, 3.1415927410125732, 3.1415927410125732, 3.1415927410125732, 3.1415927410125732, 3.1415927410125732, 3.1415927410125732, 3.1415927410125732, 3.1415927410125732, 3.1415927410125732, 3.1415927410125732, 3.1415927410125732, 3.1415927410125732, 3.1415927410125732, 3.1415927410125732, 3.1415927410125732, 3.1415927410125732, 3.1415927410125732, 3.1415927410125732, 3.1415927410125732, 3.1415927410125732, 3.1415927410125732, 3.1415927410125732, 3.1415927410125732, 3.1415927410125732, 3.1415927410125732, 3.1415927410125732, 3.1415927410125732, 3.1415927410125732, 3.1415927410125732, 3.1415927410125732, 3.1415927410125732, 3.1415927410125732, 3.1415927410125732, 3.1415927410125732, 3.1415927410125732, 3.1415927410125732, 3.1415927410125732, 3.1415927410125732, 3.1415927410125732, 3.1415927410125732, 3.1415927410125732, 3.1415927410125732, 3.1415927410125732, 3.1415927410125732, 3.1415927410125732, 3.1415927410125732, 3.1415927410125732, 3.1415927410125732, 3.1415927410125732, 3.1415927410125732, 3.1415927410125732, 3.1415927410125732, 3.1415927410125732, 3.1415927410125732, 3.1415927410125732, 3.1415927410125732, 3.1415927410125732, 3.1415927410125732, 3.1415927410125732, 3.1415927410125732, 3.1415927410125732, 3.1415927410125732, 3.1415927410125732, 3.1415927410125732, 3.1415927410125732, 3.1415927410125732, 3.1415927410125732, 3.1415927410125732, 3.1415927410125732, 3.1415927410125732, 3.1415927410125732, 3.1415927410125732, 3.1415927410125732, 3.1415927410125732, 3.1415927410125732, 3.1415927410125732, 3.1415927410125732, 3.1415927410125732, 3.1415927410125732, 3.1415927410125732, 3.1415927410125732, 3.1415927410125732, 3.1415927410125732, 3.1415927410125732, 3.1415927410125732, 3.1415927410125732, 3.1415927410125732, 3.1415927410125732, 3.1415927410125732, 3.1415927410125732, 3.1415927410125732, 3.1415927410125732, 3.1415927410125732, 3.1415927410125732, 3.1415927410125732, 3.1415927410125732, 3.1415927410125732, 3.1415927410125732, 3.1415927410125732, 3.1415927410125732, 3.1415927410125732, 3.1415927410125732, 3.1415927410125732, 3.1415927410125732, 3.1415927410125732, 3.1415927410125732, 3.1415927410125732, 3.1415927410125732, 3.1415927410125732, 3.1415927410125732, 3.1415927410125732, 3.1415927410125732, 3.1415927410125732, 3.1415927410125732, 3.1415927410125732, 3.1415927410125732, 3.1415927410125732, 3.1415927410125732, 3.1415927410125732, 3.1415927410125732, 3.1415927410125732, 3.1415927410125732, 3.1415927410125732, 3.1415927410125732, 3.1415927410125732, 0.0, 0.0, 0.0, 0.0, 0.0, 0.0, 0.0, 0.0, 0.0, 0.0, 0.0, 0.0, 0.0, 0.0, 0.0, 0.0, 3.1415927410125732, 3.1415927410125732, 3.1415927410125732, 3.1415927410125732, 3.1415927410125732, 3.1415927410125732, 3.1415927410125732, 3.1415927410125732, 3.1415927410125732, 3.1415927410125732, 3.1415927410125732, 3.1415927410125732, 3.1415927410125732, 3.1415927410125732, 3.1415927410125732, 3.1415927410125732, 0.0, 0.0, 0.0, 0.0, 0.0, 0.0, 0.0, 0.0, 0.0, 0.0, 0.0, 0.0, 0.0, 0.0, 0.0, 0.0, 3.1415927410125732, 3.1415927410125732, 3.1415927410125732, 3.1415927410125732, 3.1415927410125732, 3.1415927410125732, 3.1415927410125732, 3.1415927410125732, 3.1415927410125732, 3.1415927410125732, 3.1415927410125732, 3.1415927410125732, 3.1415927410125732, 3.1415927410125732, 3.1415927410125732, 3.1415927410125732, 0.0, 0.0, 0.0, 0.0, 0.0, 0.0, 0.0, 0.0, 0.0, 0.0, 0.0, 0.0, 0.0, 0.0, 0.0, 0.0, 3.1415927410125732, 3.1415927410125732, 3.1415927410125732, 3.1415927410125732, 3.1415927410125732, 3.1415927410125732, 3.1415927410125732, 3.1415927410125732, 3.1415927410125732, 3.1415927410125732, 3.1415927410125732, 3.1415927410125732, 3.1415927410125732, 3.1415927410125732, 3.1415927410125732, 3.1415927410125732, 0.0, 0.0, 0.0, 0.0, 0.0, 0.0, 0.0, 0.0, 0.0, 0.0, 0.0, 0.0, 0.0, 0.0, 0.0, 0.0, 3.1415927410125732, 3.1415927410125732, 3.1415927410125732, 3.1415927410125732, 3.1415927410125732, 3.1415927410125732, 3.1415927410125732, 3.1415927410125732, 3.1415927410125732, 3.1415927410125732, 3.1415927410125732, 3.1415927410125732, 3.1415927410125732, 3.1415927410125732, 3.1415927410125732, 3.1415927410125732, 0.0, 0.0, 0.0, 0.0, 0.0, 0.0, 0.0, 0.0, 0.0, 0.0, 0.0, 0.0, 0.0, 0.0, 0.0, 0.0, 3.1415927410125732, 3.1415927410125732, 3.1415927410125732, 3.1415927410125732, 3.1415927410125732, 3.1415927410125732, 3.1415927410125732, 3.1415927410125732, 3.1415927410125732, 3.1415927410125732, 3.1415927410125732, 3.1415927410125732, 3.1415927410125732, 3.1415927410125732, 3.1415927410125732, 3.1415927410125732, 0.0, 0.0, 0.0, 0.0, 0.0, 0.0, 0.0, 0.0, 0.0, 0.0, 0.0, 0.0, 0.0, 0.0, 0.0, 0.0, 3.1415927410125732, 3.1415927410125732, 3.1415927410125732, 3.1415927410125732, 3.1415927410125732, 3.1415927410125732, 3.1415927410125732, 3.1415927410125732, 3.1415927410125732, 3.1415927410125732, 3.1415927410125732, 3.1415927410125732, 3.1415927410125732, 3.1415927410125732, 3.1415927410125732, 3.1415927410125732, 0.0, 0.0, 0.0, 0.0, 0.0, 0.0, 0.0, 0.0, 0.0, 0.0, 0.0, 0.0, 0.0, 0.0, 0.0, 0.0, 3.1415927410125732, 3.1415927410125732, 3.1415927410125732, 3.1415927410125732, 3.1415927410125732, 3.1415927410125732, 3.1415927410125732, 3.1415927410125732, 3.1415927410125732, 3.1415927410125732, 3.1415927410125732, 3.1415927410125732, 3.1415927410125732, 3.1415927410125732, 3.1415927410125732, 3.1415927410125732, 0.0, 0.0, 0.0, 0.0, 0.0, 0.0, 0.0, 0.0, 0.0, 0.0, 0.0, 0.0, 0.0, 0.0, 0.0, 0.0, 3.1415927410125732, 3.1415927410125732, 3.1415927410125732, 3.1415927410125732, 3.1415927410125732, 3.1415927410125732, 3.1415927410125732, 3.1415927410125732, 3.1415927410125732, 3.1415927410125732, 3.1415927410125732, 3.1415927410125732, 3.1415927410125732, 3.1415927410125732, 3.1415927410125732, 3.1415927410125732, 0.0, 0.0, 0.0, 0.0, 0.0, 0.0, 0.0, 0.0, 0.0, 0.0, 0.0, 0.0, 0.0, 0.0, 0.0, 0.0, 0.0, 0.0, 0.0, 0.0, 0.0, 0.0, 0.0, 0.0, 0.0, 0.0, 0.0, 0.0, 0.0, 0.0, 0.0, 0.0, 0.0, 0.0, 0.0, 0.0, 0.0, 0.0, 0.0, 0.0, 0.0, 0.0, 0.0, 0.0, 0.0, 0.0, 0.0, 0.0, 0.0, 0.0, 0.0, 0.0, 0.0, 0.0, 0.0, 0.0, 0.0, 0.0, 0.0, 0.0, 0.0, 0.0, 0.0, 0.0, 0.0, 0.0, 0.0, 0.0, 0.0, 0.0, 0.0, 0.0, 0.0, 0.0, 0.0, 0.0, 0.0, 0.0, 0.0, 0.0, 0.0, 0.0, 0.0, 0.0, 0.0, 0.0, 0.0, 0.0, 0.0, 0.0, 0.0, 0.0, 0.0, 0.0, 0.0, 0.0, 0.0, 0.0, 0.0, 0.0, 0.0, 0.0, 0.0, 0.0, 0.0, 0.0, 0.0, 0.0, 0.0, 0.0, 0.0, 0.0, 0.0, 0.0, 0.0, 0.0, 0.0, 0.0, 0.0, 0.0, 0.0, 0.0, 0.0, 0.0, 0.0, 0.0, 0.0, 0.0, 0.0, 0.0, 0.0, 0.0, 0.0, 0.0, 0.0, 0.0, 0.0, 0.0, 0.0, 0.0, 0.0, 0.0, 0.0, 0.0, 0.0, 0.0, 0.0, 0.0, 0.0, 0.0, 0.0, 0.0, 0.0, 0.0, 0.0, 0.0, 0.0, 0.0, 0.0, 0.0, 0.0, 0.0, 0.0, 0.0, 0.0, 0.0, 0.0, 0.0, 0.0, 0.0, 0.0, 0.0, 0.0, 0.0, 0.0, 0.0, 0.0, 0.0, 0.0, 0.0, 0.0, 0.0, 0.0, 0.0, 0.0, 0.0, 0.0, 0.0, 0.0, 0.0, 0.0, 0.0, 0.0, 0.0, 0.0, 0.0, 0.0, 0.0, 0.0, 0.0, 0.0, 0.0, 0.0, 0.0, 0.0, 0.0, 0.0, 0.0, 0.0, 0.0, 0.0, 0.0, 0.0, 0.0, 0.0, 0.0, 0.0, 0.0, 0.0, 0.0, 0.0, 0.0, 0.0, 0.0, 0.0, 0.0, 0.0, 0.0, 0.0, 0.0, 0.0, 0.0, 0.0, 0.0, 0.0, 0.0, 0.0, 0.0, 0.0, 0.0, 0.0, 0.0, 0.0, 0.0, 0.0, 0.0, 0.0, 0.0, 0.0, 0.0, 0.0, 0.0, 0.0, 0.0, 0.0, 0.0, 0.0, 0.0, 0.0, 0.0, 0.0, 0.0, 0.0, 0.0, 3.1415927410125732, 3.1415927410125732, 3.1415927410125732, 3.1415927410125732, 3.1415927410125732, 3.1415927410125732, 3.1415927410125732, 3.1415927410125732, 0.0, 0.0, 0.0, 0.0, 0.0, 0.0, 0.0, 0.0, 0.0, 0.0, 0.0, 0.0, 0.0, 0.0, 0.0, 0.0, 0.0, 0.0, 0.0, 0.0, 0.0, 0.0, 0.0, 0.0, 3.1415927410125732, 3.1415927410125732, 3.1415927410125732, 3.1415927410125732, 3.1415927410125732, 3.1415927410125732, 3.1415927410125732, 3.1415927410125732, 0.0, 0.0, 0.0, 0.0, 0.0, 0.0, 0.0, 0.0, 0.0, 0.0, 0.0, 0.0, 0.0, 0.0, 0.0, 0.0, 0.0, 0.0, 0.0, 0.0, 0.0, 0.0, 0.0, 0.0, 3.1415927410125732, 3.1415927410125732, 3.1415927410125732, 3.1415927410125732, 3.1415927410125732, 3.1415927410125732, 3.1415927410125732, 3.1415927410125732, 0.0, 0.0, 0.0, 0.0, 0.0, 0.0, 0.0, 0.0, 0.0, 0.0, 0.0, 0.0, 0.0, 0.0, 0.0, 0.0, 0.0, 0.0, 0.0, 0.0, 0.0, 0.0, 0.0, 0.0, 3.1415927410125732, 3.1415927410125732, 3.1415927410125732, 3.1415927410125732, 3.1415927410125732, 3.1415927410125732, 3.1415927410125732, 3.1415927410125732, 0.0, 0.0, 0.0, 0.0, 0.0, 0.0, 0.0, 0.0, 0.0, 0.0, 0.0, 0.0, 0.0, 0.0, 0.0, 0.0, 0.0, 0.0, 0.0, 0.0, 0.0, 0.0, 0.0, 0.0, 3.1415927410125732, 3.1415927410125732, 3.1415927410125732, 3.1415927410125732, 3.1415927410125732, 3.1415927410125732, 3.1415927410125732, 3.1415927410125732, 0.0, 0.0, 0.0, 0.0, 0.0, 0.0, 0.0, 0.0, 0.0, 0.0, 0.0, 0.0, 0.0, 0.0, 0.0, 0.0, 0.0, 0.0, 0.0, 0.0, 0.0, 0.0, 0.0, 0.0, 3.1415927410125732, 3.1415927410125732, 3.1415927410125732, 3.1415927410125732, 3.1415927410125732, 3.1415927410125732, 3.1415927410125732, 3.1415927410125732, 0.0, 0.0, 0.0, 0.0, 0.0, 0.0, 0.0, 0.0, 0.0, 0.0, 0.0, 0.0, 0.0, 0.0, 0.0, 0.0, 0.0, 0.0, 0.0, 0.0, 0.0, 0.0, 0.0, 0.0, 3.1415927410125732, 3.1415927410125732, 3.1415927410125732, 3.1415927410125732, 3.1415927410125732, 3.1415927410125732, 3.1415927410125732, 3.1415927410125732, 0.0, 0.0, 0.0, 0.0, 0.0, 0.0, 0.0, 0.0, 0.0, 0.0, 0.0, 0.0, 0.0, 0.0, 0.0, 0.0, 0.0, 0.0, 0.0, 0.0, 0.0, 0.0, 0.0, 0.0, 3.1415927410125732, 3.1415927410125732, 3.1415927410125732, 3.1415927410125732, 3.1415927410125732, 3.1415927410125732, 3.1415927410125732, 3.1415927410125732, 0.0, 0.0, 0.0, 0.0, 0.0, 0.0, 0.0, 0.0, 0.0, 0.0, 0.0, 0.0, 0.0, 0.0, 0.0, 0.0]"
